Date,County,State,Vehicle Primary Use,Battery Electric Vehicles (BEVs),Plug-In Hybrid Electric Vehicles (PHEVs),Electric Vehicle (EV) Total,Non-Electric Vehicle Total,Total Vehicles,Percent Electric Vehicles
October 31 2017,Saratoga,NY,Passenger,1,1,2,72,74,2.70
February 28 2017,Clallam,WA,Passenger,75,64,139,47978,48117,0.29
August 31 2020,Kittitas,WA,Passenger,110,47,157,29763,29920,0.52
July 31 2023,Asotin,WA,Passenger,37,23,60,12371,12431,0.48
June 30 2019,Riverside,CA,Passenger,2,2,4,664,668,0.60
September 30 2017,DeKalb,GA,Passenger,1,0,1,86,87,1.15
August 31 2022,Columbia,OR,Passenger,1,0,1,18,19,5.26
October 31 2021,Larimer,CO,Passenger,1,0,1,48,49,2.04
July 31 2019,Pacific,WA,Passenger,24,30,54,16024,16078,0.34
May 31 2017,Nueces,TX,Passenger,0,1,1,98,99,1.01
October 31 2022,Kootenai,ID,Passenger,0,1,1,152,153,0.65
April 30 2022,Kern,CA,Passenger,0,1,1,198,199,0.50
January 31 2020,Santa Rosa,FL,Passenger,1,0,1,92,93,1.08
January 31 2024,Lee,AL,Passenger,1,0,1,12,13,7.69
November 30 2021,Bartow,GA,Passenger,0,1,1,5,6,16.67
January 31 2019,Grays Harbor,WA,Truck,0,0,0,20316,20316,0.00
December 31 2019,Lewis,WA,Truck,0,0,0,26087,26087,0.00
December 31 2023,Ferry,WA,Truck,0,0,0,3517,3517,0.00
August 31 2017,Utah,UT,Passenger,0,1,1,155,156,0.64
July 31 2018,Washtenaw,MI,Passenger,1,0,1,38,39,2.56
April 30 2023,Whitman,WA,Passenger,138,72,210,21953,22163,0.95
February 28 2017,Canyon,ID,Passenger,0,1,1,110,111,0.90
November 30 2017,Garfield,WA,Truck,0,0,0,935,935,0.00
January 31 2017,Nantucket,MA,Passenger,1,0,1,3,4,25.00
May 31 2017,Okanogan,WA,Truck,0,0,0,16212,16212,0.00
February 28 2022,Escambia,FL,Passenger,0,1,1,150,151,0.66
January 31 2024,San Joaquin,CA,Passenger,1,0,1,63,64,1.56
April 30 2017,Hamilton,TN,Passenger,1,0,1,26,27,3.70
January 31 2023,Richmond,NY,Passenger,1,0,1,4,5,20.00
July 31 2022,Carroll,NH,Passenger,0,1,1,5,6,16.67
December 31 2021,Snohomish,WA,Truck,2,0,2,125388,125390,0.00
February 28 2021,Spokane,WA,Truck,0,0,0,100967,100967,0.00
December 31 2017,Benton,WA,Truck,0,0,0,40577,40577,0.00
December 31 2018,Norfolk,VA,Passenger,2,2,4,342,346,1.16
March 31 2017,Shelby,TN,Passenger,0,1,1,113,114,0.88
March 31 2023,King,WA,Truck,567,2,569,176588,177157,0.32
February 28 2023,Grays Harbor,WA,Truck,2,0,2,21033,21035,0.01
September 30 2022,Jefferson,WA,Truck,3,0,3,9376,9379,0.03
November 30 2018,Cook,IL,Passenger,1,0,1,256,257,0.39
March 31 2024,Arapahoe,CO,Passenger,1,1,2,62,64,3.12
April 30 2024,Collier,FL,Passenger,1,0,1,11,12,8.33
July 31 2021,Mercer,NJ,Passenger,0,1,1,14,15,6.67
September 30 2018,DeKalb,IN,Passenger,1,0,1,1,2,50.00
June 30 2017,Whatcom,WA,Truck,2,0,2,41619,41621,0.00
July 31 2022,Wahkiakum,WA,Truck,0,0,0,1799,1799,0.00
November 30 2023,El Paso,CO,Passenger,5,1,6,447,453,1.32
July 31 2022,Burlington,NJ,Passenger,0,2,2,104,106,1.89
January 31 2024,Otero,NM,Passenger,0,1,1,22,23,4.35
September 30 2023,Kootenai,ID,Truck,1,0,1,25,26,3.85
July 31 2022,Cass,MN,Passenger,0,1,1,2,3,33.33
January 31 2021,Shelby,OH,Passenger,0,1,1,2,3,33.33
September 30 2018,Yakima,WA,Truck,0,0,0,58679,58679,0.00
May 31 2017,Pima,AZ,Passenger,0,2,2,459,461,0.43
December 31 2019,Douglas,NE,Passenger,0,1,1,59,60,1.67
April 30 2021,Pulaski,MO,Passenger,1,0,1,149,150,0.67
July 31 2021,Douglas,NE,Passenger,1,1,2,55,57,3.51
June 30 2022,Spartanburg,SC,Passenger,0,1,1,39,40,2.50
August 31 2022,Mason,WA,Truck,4,0,4,20946,20950,0.02
April 30 2021,Ferry,WA,Truck,0,0,0,3651,3651,0.00
July 31 2020,Douglas,WA,Passenger,76,41,117,28043,28160,0.42
February 28 2022,Grays Harbor,WA,Passenger,202,157,359,49288,49647,0.72
March 31 2018,Ventura,CA,Passenger,0,1,1,336,337,0.30
January 31 2024,Lake,IN,Passenger,0,1,1,5,6,16.67
June 30 2017,Hamilton,TN,Passenger,1,0,1,19,20,5.00
January 31 2020,Vigo,IN,Passenger,1,0,1,6,7,14.29
April 30 2020,Kern,CA,Passenger,0,1,1,229,230,0.43
May 31 2018,Spokane,WA,Truck,1,0,1,92354,92355,0.00
May 31 2019,Columbia,WA,Truck,0,0,0,1532,1532,0.00
January 31 2019,Skamania,WA,Passenger,18,15,33,8735,8768,0.38
January 31 2017,Salt Lake,UT,Passenger,0,1,1,360,361,0.28
November 30 2023,Washoe,NV,Passenger,2,0,2,49,51,3.92
July 31 2022,DeKalb,GA,Passenger,1,0,1,51,52,1.92
March 31 2022,King,WA,Passenger,37912,10700,48612,1350004,1398616,3.48
January 31 2019,Kitsap,WA,Passenger,981,556,1537,179904,181441,0.85
March 31 2024,Pierce,WA,Truck,273,0,273,131289,131562,0.21
June 30 2023,,,Passenger,5,0,5,271,276,1.81
April 30 2021,Tulsa,OK,Passenger,1,0,1,47,48,2.08
June 30 2018,Kitsap,WA,Passenger,797,460,1257,178497,179754,0.70
March 31 2022,Lewis,WA,Passenger,224,166,390,59432,59822,0.65
March 31 2023,Okanogan,WA,Truck,3,0,3,16487,16490,0.02
October 31 2018,Multnomah,OR,Passenger,3,4,7,772,779,0.90
December 31 2019,Ventura,CA,Passenger,0,2,2,311,313,0.64
May 31 2018,Lumpkin,GA,Passenger,1,0,1,7,8,12.50
April 30 2017,Pend Oreille,WA,Passenger,1,4,5,9320,9325,0.05
February 29 2020,,,Passenger,6,2,8,416,424,1.89
April 30 2023,Garfield,WA,Passenger,1,3,4,1309,1313,0.30
December 31 2021,Anne Arundel,MD,Passenger,3,1,4,362,366,1.09
July 31 2021,St. Clair,IL,Passenger,1,0,1,139,140,0.71
February 29 2024,Charlottesville,VA,Passenger,0,1,1,3,4,25.00
September 30 2019,Berkshire,MA,Passenger,0,1,1,4,5,20.00
October 31 2018,Thurston,WA,Passenger,663,551,1214,194970,196184,0.62
February 29 2020,Klickitat,WA,Passenger,49,41,90,15681,15771,0.57
June 30 2018,Charles,MD,Passenger,0,1,1,84,85,1.18
January 31 2022,Adams,WA,Truck,0,0,0,5433,5433,0.00
November 30 2022,St. Mary's,MD,Passenger,1,0,1,183,184,0.54
March 31 2023,Charleston,SC,Passenger,2,2,4,59,63,6.35
January 31 2023,Goochland,VA,Passenger,2,2,4,87,91,4.40
August 31 2021,Saratoga,NY,Passenger,1,0,1,42,43,2.33
April 30 2019,Whatcom,WA,Truck,2,0,2,42768,42770,0.00
January 31 2020,Washoe,NV,Passenger,1,0,1,115,116,0.86
May 31 2021,Fairfax,VA,Passenger,5,4,9,719,728,1.24
March 31 2019,Montgomery,MD,Passenger,1,0,1,276,277,0.36
September 30 2018,Richland,SC,Passenger,0,1,1,169,170,0.59
March 31 2019,Fulton,GA,Passenger,1,3,4,115,119,3.36
August 31 2021,Montgomery,MD,Passenger,3,1,4,213,217,1.84
February 28 2018,Dale,AL,Passenger,0,1,1,62,63,1.59
January 31 2023,Saratoga,NY,Passenger,1,1,2,40,42,4.76
July 31 2019,New Haven,CT,Passenger,0,2,2,46,48,4.17
October 31 2017,San Diego,CA,Passenger,5,1,6,2618,2624,0.23
May 31 2023,Lewis,WA,Truck,7,0,7,26029,26036,0.03
July 31 2021,Columbia,WA,Truck,0,0,0,1554,1554,0.00
July 31 2023,Asotin,WA,Truck,0,0,0,6631,6631,0.00
March 31 2022,Clallam,WA,Truck,1,0,1,22039,22040,0.00
January 31 2023,Riverside,CA,Passenger,7,0,7,437,444,1.58
December 31 2019,Middlesex,MA,Passenger,1,0,1,109,110,0.91
April 30 2021,Burlington,NJ,Passenger,0,1,1,132,133,0.75
November 30 2023,Orange,CA,Truck,1,0,1,62,63,1.59
August 31 2020,Palm Beach,FL,Passenger,0,2,2,80,82,2.44
December 31 2019,Williamson,TX,Passenger,0,2,2,151,153,1.31
August 31 2023,El Paso,TX,Passenger,3,0,3,280,283,1.06
October 31 2019,Jefferson,NY,Passenger,0,1,1,215,216,0.46
August 31 2023,Fredericksburg,VA,Passenger,1,0,1,5,6,16.67
November 30 2019,Carson City,NV,Passenger,1,0,1,10,11,9.09
February 28 2019,Collin,TX,Passenger,1,1,2,153,155,1.29
February 28 2017,Wahkiakum,WA,Passenger,0,1,1,2843,2844,0.04
October 31 2019,New Haven,CT,Passenger,0,2,2,47,49,4.08
December 31 2023,Marin,CA,Passenger,1,1,2,26,28,7.14
June 30 2018,Monroe,IL,Passenger,1,0,1,4,5,20.00
October 31 2022,Pinal,AZ,Passenger,0,1,1,120,121,0.83
August 31 2021,Lake,FL,Passenger,1,0,1,24,25,4.00
August 31 2020,Arapahoe,CO,Passenger,1,0,1,135,136,0.74
June 30 2023,Klickitat,WA,Passenger,151,64,215,15132,15347,1.40
July 31 2022,El Paso,CO,Passenger,2,2,4,615,619,0.65
June 30 2019,Duval,FL,Passenger,1,2,3,379,382,0.79
August 31 2020,Washtenaw,MI,Passenger,1,1,2,36,38,5.26
February 29 2020,Hawaii,HI,Passenger,1,0,1,64,65,1.54
November 30 2017,Portsmouth,VA,Passenger,0,1,1,65,66,1.52
April 30 2021,Morris,NJ,Passenger,1,0,1,15,16,6.25
December 31 2019,Whatcom,WA,Passenger,988,477,1465,151649,153114,0.96
January 31 2019,Prince William,VA,Passenger,0,5,5,257,262,1.91
January 31 2024,Pitt,NC,Passenger,0,1,1,4,5,20.00
April 30 2023,Pierce,WA,Truck,140,0,140,137672,137812,0.10
August 31 2023,San Juan,WA,Passenger,644,175,819,13756,14575,5.62
December 31 2022,Newport News,VA,Passenger,1,0,1,104,105,0.95
December 31 2019,Shasta,CA,Passenger,1,0,1,39,40,2.50
September 30 2020,Bucks,PA,Passenger,1,0,1,22,23,4.35
November 30 2020,Columbia,WA,Passenger,4,3,7,2438,2445,0.29
May 31 2020,San Joaquin,CA,Passenger,1,0,1,133,134,0.75
November 30 2021,Moore,NC,Passenger,0,1,1,125,126,0.79
February 28 2019,Polk,FL,Passenger,1,0,1,69,70,1.43
July 31 2023,Portsmouth,VA,Passenger,0,1,1,64,65,1.54
August 31 2021,Manassas,VA,Passenger,0,1,1,7,8,12.50
May 31 2022,Whatcom,WA,Passenger,1800,729,2529,148772,151301,1.67
December 31 2017,Flathead,MT,Passenger,1,0,1,58,59,1.69
December 31 2023,Pima,AZ,Passenger,1,0,1,162,163,0.61
June 30 2021,Goochland,VA,Passenger,4,2,6,240,246,2.44
September 30 2020,Kootenai,ID,Passenger,1,1,2,221,223,0.90
April 30 2019,Mason,WA,Passenger,117,116,233,46856,47089,0.49
February 28 2022,Asotin,WA,Passenger,22,18,40,12625,12665,0.32
January 31 2022,Riverside,CA,Passenger,5,1,6,521,527,1.14
February 29 2024,Asotin,WA,Truck,2,0,2,6552,6554,0.03
December 31 2023,Jefferson,WA,Truck,18,0,18,9216,9234,0.19
September 30 2019,Tulsa,OK,Passenger,1,1,2,56,58,3.45
July 31 2021,New Haven,CT,Passenger,0,2,2,33,35,5.71
July 31 2020,Kitsap,WA,Truck,0,0,0,54128,54128,0.00
October 31 2018,Walla Walla,WA,Truck,0,0,0,13509,13509,0.00
June 30 2017,Jackson,MO,Passenger,1,0,1,62,63,1.59
October 31 2023,Fredericksburg,VA,Passenger,1,0,1,5,6,16.67
July 31 2019,Kitsap,WA,Passenger,1091,625,1716,181189,182905,0.94
April 30 2022,Pacific,WA,Passenger,60,68,128,15922,16050,0.80
December 31 2022,Chelan,WA,Truck,13,0,13,23074,23087,0.06
May 31 2019,Douglas,WA,Truck,0,0,0,12181,12181,0.00
August 31 2023,Chesapeake,VA,Passenger,2,2,4,294,298,1.34
March 31 2021,Broward,FL,Passenger,1,0,1,114,115,0.87
January 31 2017,King,WA,Passenger,8802,3620,12422,1387096,1399518,0.89
August 31 2020,Maricopa,AZ,Passenger,5,10,15,1481,1496,1.00
April 30 2023,Maricopa,AZ,Passenger,11,5,16,774,790,2.03
January 31 2021,Kern,CA,Passenger,0,1,1,219,220,0.45
May 31 2023,Shasta,CA,Passenger,1,0,1,27,28,3.57
March 31 2022,Clackamas,OR,Passenger,2,0,2,163,165,1.21
December 31 2019,Larimer,CO,Passenger,1,0,1,54,55,1.82
October 31 2020,Kauai,HI,Passenger,1,0,1,18,19,5.26
September 30 2021,Klickitat,WA,Passenger,83,51,134,15378,15512,0.86
August 31 2022,Clallam,WA,Passenger,436,247,683,49512,50195,1.36
November 30 2020,Multnomah,OR,Passenger,3,6,9,717,726,1.24
September 30 2017,Orange,CA,Passenger,3,1,4,619,623,0.64
June 30 2018,Williamson,TX,Passenger,0,1,1,166,167,0.60
February 28 2022,Fresno,CA,Passenger,1,0,1,175,176,0.57
August 31 2020,Clay,FL,Passenger,0,1,1,86,87,1.15
January 31 2021,Carson City,NV,Passenger,1,0,1,12,13,7.69
February 28 2021,Eagle,CO,Passenger,1,0,1,7,8,12.50
May 31 2022,Carroll,NH,Passenger,0,1,1,5,6,16.67
March 31 2024,King,WA,Passenger,74244,18128,92372,1293761,1386133,6.66
November 30 2023,Ada,ID,Passenger,2,0,2,99,101,1.98
April 30 2024,Skagit,WA,Truck,40,0,40,30517,30557,0.13
September 30 2019,Jefferson,WA,Truck,0,0,0,9679,9679,0.00
June 30 2020,Charles,MD,Passenger,1,1,2,78,80,2.50
March 31 2019,Spokane,WA,Truck,1,0,1,94000,94001,0.00
March 31 2021,Lewis,WA,Truck,0,0,0,26808,26808,0.00
April 30 2024,San Juan,WA,Truck,31,0,31,5702,5733,0.54
June 30 2022,Asotin,WA,Truck,0,0,0,6711,6711,0.00
July 31 2017,Utah,UT,Passenger,0,1,1,161,162,0.62
March 31 2019,San Francisco,CA,Passenger,2,1,3,115,118,2.54
September 30 2022,Albemarle,VA,Passenger,2,0,2,20,22,9.09
October 31 2023,Shasta,CA,Passenger,1,0,1,24,25,4.00
September 30 2020,Chelan,WA,Truck,0,0,0,22716,22716,0.00
August 31 2023,Grant,WA,Truck,12,0,12,28123,28135,0.04
November 30 2019,Fresno,CA,Passenger,1,0,1,204,205,0.49
December 31 2017,Montgomery,TX,Passenger,1,0,1,63,64,1.56
January 31 2024,Hardin,KY,Passenger,1,0,1,54,55,1.82
April 30 2019,Randolph,NC,Passenger,1,0,1,6,7,14.29
April 30 2019,Kitsap,WA,Truck,1,0,1,53868,53869,0.00
March 31 2023,Asotin,WA,Truck,0,0,0,6628,6628,0.00
November 30 2023,Fairfax,VA,Passenger,6,4,10,544,554,1.81
May 31 2017,Travis,TX,Passenger,1,1,2,197,199,1.01
November 30 2022,Lane,OR,Passenger,0,2,2,90,92,2.17
April 30 2021,Clark,WA,Passenger,2681,1329,4010,321462,325472,1.23
June 30 2022,District of Columbia,DC,Passenger,2,0,2,174,176,1.14
May 31 2020,Allegheny,PA,Passenger,2,0,2,82,84,2.38
January 31 2024,Columbia,WA,Truck,0,0,0,1546,1546,0.00
August 31 2022,New London,CT,Passenger,3,3,6,187,193,3.11
August 31 2023,Yellowstone,MT,Passenger,0,1,1,13,14,7.14
May 31 2020,Los Angeles,CA,Passenger,6,12,18,1037,1055,1.71
January 31 2024,Chesapeake,VA,Passenger,2,1,3,266,269,1.12
September 30 2020,Pima,AZ,Passenger,3,1,4,355,359,1.11
December 31 2022,Essex,MA,Passenger,1,0,1,16,17,5.88
March 31 2019,Ferry,WA,Truck,0,0,0,3594,3594,0.00
January 31 2023,Travis,TX,Passenger,3,1,4,97,101,3.96
July 31 2022,Orange,NC,Passenger,0,1,1,9,10,10.00
January 31 2021,Columbia,WA,Truck,0,0,0,1546,1546,0.00
December 31 2020,Solano,CA,Passenger,1,0,1,208,209,0.48
February 28 2017,Maricopa,AZ,Passenger,3,1,4,1898,1902,0.21
April 30 2017,Norfolk,VA,Passenger,1,1,2,303,305,0.66
December 31 2022,Chesterfield,VA,Passenger,1,0,1,38,39,2.56
February 29 2020,Nueces,TX,Passenger,1,0,1,83,84,1.19
December 31 2017,Skagit,WA,Truck,1,0,1,31723,31724,0.00
March 31 2019,Franklin,WA,Truck,0,0,0,19130,19130,0.00
July 31 2021,El Paso,TX,Passenger,3,0,3,391,394,0.76
December 31 2020,Polk,FL,Passenger,1,0,1,68,69,1.45
July 31 2017,Santa Rosa,FL,Passenger,1,0,1,116,117,0.85
February 28 2018,Klickitat,WA,Truck,0,0,0,8030,8030,0.00
May 31 2023,Pierce,WA,Truck,153,0,153,137297,137450,0.11
December 31 2018,Grant,WA,Truck,0,0,0,26253,26253,0.00
May 31 2018,Jefferson,WA,Truck,0,0,0,9531,9531,0.00
April 30 2018,Island,WA,Truck,0,0,0,20838,20838,0.00
September 30 2022,Ferry,WA,Truck,0,0,0,3615,3615,0.00
January 31 2023,Okanogan,WA,Passenger,105,53,158,26118,26276,0.60
October 31 2021,Moore,NC,Passenger,0,1,1,127,128,0.78
June 30 2021,Richland,SC,Passenger,0,1,1,140,141,0.71
January 31 2020,DeKalb,GA,Passenger,1,0,1,86,87,1.15
January 31 2023,Douglas,CO,Passenger,0,1,1,70,71,1.41
September 30 2023,Meade,KY,Passenger,1,0,1,20,21,4.76
August 31 2020,Montgomery,OH,Passenger,0,1,1,47,48,2.08
February 28 2021,New Haven,CT,Passenger,0,2,2,36,38,5.26
March 31 2022,Harrison,MS,Passenger,2,0,2,51,53,3.77
February 28 2019,Marion,IN,Passenger,1,0,1,116,117,0.85
October 31 2020,Ramsey,MN,Passenger,1,0,1,36,37,2.70
April 30 2020,Clallam,WA,Passenger,219,166,385,50335,50720,0.76
October 31 2022,Charles,MD,Passenger,1,1,2,55,57,3.51
November 30 2019,Snohomish,WA,Passenger,3944,1705,5649,535262,540911,1.04
March 31 2018,Skagit,WA,Passenger,173,154,327,89892,90219,0.36
December 31 2023,Wahkiakum,WA,Passenger,32,22,54,3050,3104,1.74
April 30 2022,Pulaski,MO,Passenger,2,0,2,119,121,1.65
August 31 2018,Monterey,CA,Passenger,0,1,1,187,188,0.53
January 31 2020,Howard,MD,Passenger,0,1,1,81,82,1.22
December 31 2023,Snohomish,WA,Truck,281,0,281,119994,120275,0.23
May 31 2022,Cowlitz,WA,Passenger,322,175,497,70651,71148,0.70
February 29 2020,Twin Falls,ID,Passenger,0,1,1,31,32,3.12
December 31 2019,Lake,CA,Passenger,0,1,1,11,12,8.33
April 30 2023,Orange,NC,Passenger,0,1,1,6,7,14.29
February 28 2019,Clark,WA,Truck,0,0,0,79965,79965,0.00
November 30 2018,Fairfax,VA,Passenger,2,2,4,812,816,0.49
September 30 2022,Alexandria,VA,Passenger,4,0,4,101,105,3.81
September 30 2017,Manassas,VA,Passenger,0,1,1,9,10,10.00
April 30 2023,Skagit,WA,Passenger,1052,388,1440,88960,90400,1.59
August 31 2018,Klickitat,WA,Passenger,24,32,56,15280,15336,0.37
November 30 2021,Franklin,WA,Truck,0,0,0,20773,20773,0.00
April 30 2021,Kootenai,ID,Passenger,0,1,1,204,205,0.49
July 31 2018,Benton,WA,Truck,0,0,0,41091,41091,0.00
September 30 2018,Lincoln,WA,Passenger,2,6,8,7749,7757,0.10
February 28 2022,Richland,SC,Passenger,0,2,2,136,138,1.45
July 31 2022,Hamilton,IN,Passenger,1,0,1,22,23,4.35
September 30 2022,Geary,KS,Passenger,1,0,1,79,80,1.25
August 31 2023,Madison,IL,Passenger,2,0,2,16,18,11.11
January 31 2018,Spokane,WA,Truck,1,0,1,91724,91725,0.00
March 31 2017,Douglas,WA,Passenger,29,19,48,26591,26639,0.18
March 31 2023,Anchorage,AK,Passenger,1,0,1,112,113,0.88
April 30 2019,Shasta,CA,Passenger,1,0,1,41,42,2.38
November 30 2021,Palm Beach,FL,Passenger,0,1,1,65,66,1.52
June 30 2018,Klamath,OR,Passenger,1,0,1,36,37,2.70
June 30 2018,San Francisco,CA,Passenger,1,1,2,132,134,1.49
January 31 2020,Eagle,CO,Passenger,1,0,1,6,7,14.29
February 28 2021,Kitsap,WA,Truck,0,0,0,54248,54248,0.00
September 30 2018,Kitsap,WA,Truck,1,0,1,53536,53537,0.00
July 31 2020,Riverside,CA,Passenger,3,1,4,621,625,0.64
October 31 2021,Thurston,WA,Passenger,1798,920,2718,196886,199604,1.36
June 30 2018,Whitman,WA,Passenger,19,28,47,22596,22643,0.21
December 31 2021,Arlington,VA,Passenger,1,0,1,135,136,0.74
July 31 2022,Anchorage,AK,Passenger,2,0,2,134,136,1.47
February 28 2019,Frederick,MD,Passenger,1,1,2,80,82,2.44
November 30 2021,Spartanburg,SC,Passenger,0,1,1,49,50,2.00
November 30 2020,Kittitas,WA,Passenger,125,52,177,29741,29918,0.59
December 31 2021,Clark,NV,Passenger,8,2,10,601,611,1.64
March 31 2019,Multnomah,OR,Passenger,4,5,9,766,775,1.16
December 31 2022,Grant,WA,Truck,4,0,4,28028,28032,0.01
February 28 2022,York,VA,Passenger,1,0,1,94,95,1.05
January 31 2021,Boone,MO,Passenger,0,1,1,12,13,7.69
April 30 2024,Essex,NJ,Passenger,2,1,3,7,10,30.00
June 30 2018,Essex,NJ,Passenger,1,0,1,13,14,7.14
August 31 2021,Kittitas,WA,Truck,0,0,0,14784,14784,0.00
February 29 2020,Kitsap,WA,Truck,1,0,1,54380,54381,0.00
August 31 2020,Garfield,WA,Truck,0,0,0,992,992,0.00
August 31 2018,Clark,NV,Passenger,2,2,4,747,751,0.53
April 30 2022,Wilson,TX,Passenger,0,1,1,3,4,25.00
February 28 2021,Montgomery,TX,Passenger,1,0,1,52,53,1.89
November 30 2019,Valencia,NM,Passenger,1,0,1,7,8,12.50
October 31 2018,Skagit,WA,Passenger,240,180,420,91005,91425,0.46
March 31 2023,Adams,WA,Passenger,23,11,34,13033,13067,0.26
May 31 2020,Sacramento,CA,Passenger,1,1,2,285,287,0.70
May 31 2023,Moore,NC,Passenger,0,1,1,108,109,0.92
July 31 2023,Bartow,GA,Passenger,0,1,1,4,5,20.00
September 30 2022,Richmond,NY,Passenger,1,0,1,4,5,20.00
April 30 2018,Franklin,WA,Passenger,37,59,96,57393,57489,0.17
January 31 2023,Maricopa,AZ,Passenger,10,5,15,851,866,1.73
October 31 2021,Pinellas,FL,Passenger,0,1,1,97,98,1.02
October 31 2018,Monterey,CA,Passenger,0,1,1,192,193,0.52
January 31 2018,Grays Harbor,WA,Truck,0,0,0,20084,20084,0.00
September 30 2020,Putnam,TN,Passenger,0,1,1,2,3,33.33
October 31 2020,Okanogan,WA,Passenger,47,36,83,25980,26063,0.32
September 30 2022,Franklin,WA,Passenger,231,112,343,61841,62184,0.55
March 31 2021,Prince William,VA,Passenger,1,2,3,219,222,1.35
January 31 2021,Pima,AZ,Passenger,2,1,3,342,345,0.87
October 31 2023,Hillsborough,FL,Passenger,2,2,4,98,102,3.92
November 30 2017,Orleans,LA,Passenger,0,1,1,46,47,2.13
April 30 2023,Rockdale,GA,Passenger,1,0,1,5,6,16.67
June 30 2019,Carson City,NV,Passenger,1,0,1,11,12,8.33
May 31 2023,Klickitat,WA,Passenger,144,64,208,15166,15374,1.35
February 28 2017,Asotin,WA,Passenger,4,3,7,12320,12327,0.06
December 31 2020,DeKalb,GA,Passenger,1,0,1,72,73,1.37
June 30 2021,San Bernardino,CA,Passenger,1,0,1,394,395,0.25
April 30 2019,Juneau,AK,Passenger,0,2,2,33,35,5.71
January 31 2019,San Francisco,CA,Passenger,2,1,3,119,122,2.46
February 28 2023,Clallam,WA,Truck,12,0,12,21828,21840,0.05
April 30 2024,Pend Oreille,WA,Truck,3,0,3,5419,5422,0.06
March 31 2018,Jefferson,WA,Truck,0,0,0,9508,9508,0.00
April 30 2020,Wahkiakum,WA,Truck,0,0,0,1759,1759,0.00
September 30 2018,Alameda,CA,Passenger,0,2,2,340,342,0.58
July 31 2018,,,Passenger,3,2,5,438,443,1.13
January 31 2022,Albemarle,VA,Passenger,3,0,3,23,26,11.54
June 30 2020,Camden,NJ,Passenger,0,1,1,22,23,4.35
February 29 2024,Island,WA,Passenger,1343,496,1839,60548,62387,2.95
September 30 2017,Thurston,WA,Truck,0,0,0,53494,53494,0.00
November 30 2020,,,Passenger,5,1,6,374,380,1.58
July 31 2018,Kent,MI,Passenger,0,1,1,28,29,3.45
March 31 2017,Hamilton,TN,Passenger,1,0,1,26,27,3.70
May 31 2023,Parker,TX,Passenger,0,1,1,16,17,5.88
December 31 2022,Virginia Beach,VA,Passenger,3,1,4,485,489,0.82
December 31 2018,Montgomery,TX,Passenger,2,0,2,65,67,2.99
February 28 2022,Prince George's,MD,Passenger,2,1,3,150,153,1.96
April 30 2018,Montgomery,PA,Passenger,1,0,1,35,36,2.78
February 29 2020,Montgomery,PA,Passenger,2,0,2,37,39,5.13
June 30 2022,Rockdale,GA,Passenger,1,0,1,6,7,14.29
October 31 2021,St. Louis,MO,Passenger,1,0,1,79,80,1.25
September 30 2022,Harford,MD,Passenger,1,1,2,43,45,4.44
May 31 2023,Sarasota,FL,Passenger,1,0,1,27,28,3.57
August 31 2021,Adams,WA,Truck,0,0,0,5412,5412,0.00
February 28 2023,Williamson,TX,Passenger,0,2,2,63,65,3.08
June 30 2020,Larimer,CO,Passenger,1,0,1,50,51,1.96
September 30 2022,Newport,RI,Passenger,0,1,1,64,65,1.54
April 30 2023,Sacramento,CA,Truck,1,0,1,32,33,3.03
November 30 2022,Clark,WA,Truck,39,0,39,81976,82015,0.05
August 31 2022,Wahkiakum,WA,Passenger,24,12,36,3077,3113,1.16
February 28 2023,Adams,CO,Passenger,1,0,1,30,31,3.23
August 31 2017,Columbia,WA,Passenger,1,1,2,2353,2355,0.08
July 31 2020,Arlington,VA,Passenger,0,2,2,151,153,1.31
January 31 2024,Jefferson,WA,Truck,19,0,19,9188,9207,0.21
February 28 2019,New London,CT,Passenger,0,1,1,241,242,0.41
November 30 2019,New London,CT,Passenger,0,1,1,239,240,0.42
September 30 2017,Garfield,WA,Truck,0,0,0,938,938,0.00
May 31 2021,Kittitas,WA,Passenger,155,62,217,29977,30194,0.72
January 31 2020,Klamath,OR,Passenger,1,0,1,38,39,2.56
August 31 2019,El Paso,TX,Passenger,3,0,3,478,481,0.62
February 28 2018,Franklin,WA,Truck,0,0,0,18573,18573,0.00
March 31 2021,Douglas,WA,Truck,0,0,0,12553,12553,0.00
February 28 2017,Cascade,MT,Passenger,0,1,1,62,63,1.59
February 28 2019,Sangamon,IL,Passenger,2,0,2,7,9,22.22
April 30 2021,Calvert,MD,Passenger,0,2,2,89,91,2.20
July 31 2020,Thurston,WA,Passenger,1175,742,1917,197008,198925,0.96
February 29 2024,Clallam,WA,Passenger,701,328,1029,48380,49409,2.08
October 31 2020,Asotin,WA,Passenger,17,14,31,12392,12423,0.25
August 31 2021,Pinellas,FL,Passenger,0,1,1,96,97,1.03
December 31 2021,Collier,FL,Passenger,1,0,1,22,23,4.35
January 31 2024,Currituck,NC,Passenger,1,0,1,17,18,5.56
April 30 2018,Eagle,CO,Passenger,1,0,1,6,7,14.29
April 30 2020,Garfield,WA,Passenger,0,1,1,1340,1341,0.07
March 31 2017,Dallas,TX,Passenger,1,1,2,209,211,0.95
January 31 2024,Jefferson,NY,Passenger,2,0,2,166,168,1.19
May 31 2022,Anne Arundel,MD,Passenger,3,3,6,353,359,1.67
June 30 2023,New London,CT,Passenger,2,2,4,170,174,2.30
July 31 2017,Manassas,VA,Passenger,0,1,1,9,10,10.00
March 31 2020,Benton,WA,Passenger,343,319,662,135123,135785,0.49
November 30 2023,St. Mary's,MD,Passenger,1,0,1,171,172,0.58
December 31 2018,Ada,ID,Passenger,0,2,2,324,326,0.61
May 31 2019,Lewis,WA,Truck,0,0,0,25915,25915,0.00
January 31 2018,Brevard,FL,Passenger,0,1,1,104,105,0.95
August 31 2020,Shasta,CA,Passenger,1,0,1,36,37,2.70
October 31 2020,Newport,RI,Passenger,0,1,1,84,85,1.18
March 31 2021,Pinellas,FL,Passenger,1,1,2,102,104,1.92
June 30 2020,Bucks,PA,Passenger,1,0,1,21,22,4.55
June 30 2019,Jefferson,WA,Passenger,197,119,316,24989,25305,1.25
June 30 2023,Columbia,WA,Passenger,11,1,12,2409,2421,0.50
April 30 2024,Jefferson,WA,Truck,22,0,22,8963,8985,0.24
January 31 2024,Plaquemines,LA,Passenger,1,1,2,16,18,11.11
August 31 2021,Thurston,WA,Passenger,1711,905,2616,197453,200069,1.31
June 30 2022,Chelan,WA,Passenger,461,126,587,54314,54901,1.07
March 31 2017,Grant,WA,Passenger,17,21,38,60322,60360,0.06
June 30 2019,Klickitat,WA,Passenger,35,32,67,15554,15621,0.43
January 31 2024,Loudoun,VA,Passenger,2,1,3,52,55,5.45
December 31 2023,Mason,WA,Truck,19,0,19,20391,20410,0.09
November 30 2022,Ferry,WA,Truck,0,0,0,3581,3581,0.00
July 31 2017,Prince George's,MD,Passenger,0,1,1,188,189,0.53
October 31 2021,Cook,IL,Passenger,2,0,2,216,218,0.92
January 31 2022,Alameda,CA,Passenger,5,0,5,224,229,2.18
March 31 2020,Newport,RI,Passenger,0,1,1,83,84,1.19
May 31 2023,Chesterfield,VA,Passenger,1,0,1,38,39,2.56
October 31 2021,Ulster,NY,Passenger,1,0,1,14,15,6.67
November 30 2017,Columbia,WA,Passenger,2,1,3,2392,2395,0.13
June 30 2023,Contra Costa,CA,Passenger,1,3,4,180,184,2.17
February 28 2021,Orange,CA,Passenger,4,3,7,467,474,1.48
January 31 2021,Lewis,WA,Truck,0,0,0,26714,26714,0.00
April 30 2024,Newport News,VA,Passenger,1,0,1,80,81,1.23
August 31 2023,St. Mary's,MD,Passenger,1,0,1,173,174,0.57
August 31 2023,Shasta,CA,Passenger,1,0,1,25,26,3.85
December 31 2020,,,Passenger,5,1,6,369,375,1.60
June 30 2022,Loudoun,VA,Passenger,2,1,3,66,69,4.35
March 31 2018,St. Clair,IL,Passenger,0,1,1,157,158,0.63
January 31 2021,Suffolk,MA,Passenger,0,2,2,32,34,5.88
November 30 2018,Franklin,MA,Passenger,0,1,1,1,2,50.00
November 30 2017,Los Angeles,CA,Passenger,4,2,6,1243,1249,0.48
October 31 2020,Washtenaw,MI,Passenger,1,1,2,31,33,6.06
June 30 2018,Mercer,NJ,Passenger,0,1,1,21,22,4.55
June 30 2021,Richmond,NY,Passenger,1,0,1,7,8,12.50
May 31 2018,Monroe,IL,Passenger,1,0,1,4,5,20.00
February 28 2022,Douglas,WA,Passenger,123,55,178,28549,28727,0.62
December 31 2019,Grays Harbor,WA,Truck,0,0,0,20766,20766,0.00
October 31 2022,St. Louis,MO,Passenger,2,0,2,65,67,2.99
July 31 2020,Shelby,TN,Passenger,0,1,1,92,93,1.08
November 30 2020,Howard,IN,Passenger,0,1,1,3,4,25.00
October 31 2017,Walla Walla,WA,Passenger,28,28,56,35145,35201,0.16
April 30 2020,Cumberland,NC,Passenger,0,2,2,482,484,0.41
January 31 2024,Chelan,WA,Truck,48,0,48,22968,23016,0.21
August 31 2021,Stevens,WA,Truck,0,0,0,18905,18905,0.00
January 31 2017,Columbia,WA,Truck,0,0,0,1544,1544,0.00
February 28 2021,Grant,WA,Truck,0,0,0,27653,27653,0.00
December 31 2021,Richland,SC,Passenger,0,2,2,140,142,1.41
September 30 2021,Fairbanks North Star,AK,Passenger,0,1,1,85,86,1.16
November 30 2021,Wahkiakum,WA,Passenger,17,10,27,3089,3116,0.87
February 29 2024,Frederick,MD,Passenger,1,1,2,46,48,4.17
August 31 2023,Palm Beach,FL,Passenger,1,1,2,48,50,4.00
June 30 2019,Kitsap,WA,Passenger,1049,605,1654,180763,182417,0.91
November 30 2017,Adams,WA,Truck,0,0,0,5140,5140,0.00
October 31 2018,Fresno,CA,Passenger,1,0,1,193,194,0.52
February 28 2023,Wahkiakum,WA,Passenger,25,15,40,3042,3082,1.30
April 30 2022,Brown,WI,Passenger,1,0,1,9,10,10.00
January 31 2021,Hawaii,HI,Passenger,1,0,1,56,57,1.75
February 28 2022,Carroll,MD,Passenger,0,1,1,15,16,6.25
May 31 2021,Thurston,WA,Truck,0,0,0,56596,56596,0.00
January 31 2019,Benton,WA,Truck,0,0,0,41615,41615,0.00
August 31 2023,Island,WA,Passenger,1153,451,1604,61052,62656,2.56
September 30 2023,Ada,ID,Passenger,2,0,2,110,112,1.79
February 28 2023,Randolph,NC,Passenger,1,0,1,4,5,20.00
October 31 2019,Vigo,IN,Passenger,1,0,1,6,7,14.29
July 31 2022,Whatcom,WA,Passenger,1865,754,2619,148626,151245,1.73
June 30 2022,Clallam,WA,Passenger,422,249,671,49753,50424,1.33
October 31 2022,Danville,VA,Passenger,1,0,1,0,1,100.00
May 31 2023,Snohomish,WA,Truck,161,0,161,121628,121789,0.13
October 31 2020,Kitsap,WA,Passenger,1464,729,2193,179607,181800,1.21
November 30 2022,Thurston,WA,Passenger,2551,1112,3663,192112,195775,1.87
April 30 2019,Contra Costa,CA,Passenger,2,2,4,383,387,1.03
November 30 2020,Dallas,TX,Passenger,1,0,1,184,185,0.54
November 30 2023,Pinal,AZ,Passenger,1,1,2,74,76,2.63
February 28 2017,Volusia,FL,Passenger,0,1,1,50,51,1.96
October 31 2020,Kings,NY,Passenger,1,0,1,67,68,1.47
November 30 2019,Maui,HI,Passenger,2,0,2,46,48,4.17
March 31 2018,Palm Beach,FL,Passenger,0,2,2,86,88,2.27
October 31 2023,Miami-Dade,FL,Passenger,1,0,1,56,57,1.75
March 31 2019,Larimer,CO,Passenger,1,0,1,59,60,1.67
July 31 2023,Lincoln,OR,Passenger,0,1,1,15,16,6.25
December 31 2018,Washtenaw,MI,Passenger,1,0,1,40,41,2.44
December 31 2022,Gwinnett,GA,Passenger,1,0,1,47,48,2.08
June 30 2018,St. Mary's,MD,Passenger,1,0,1,216,217,0.46
September 30 2020,Pacific,WA,Truck,0,0,0,7739,7739,0.00
June 30 2019,Norfolk,VA,Passenger,2,1,3,349,352,0.85
December 31 2023,Placer,CA,Passenger,1,0,1,57,58,1.72
October 31 2022,Philadelphia,PA,Passenger,1,0,1,46,47,2.13
October 31 2021,St. Clair,IL,Passenger,1,0,1,126,127,0.79
June 30 2021,Adams,WA,Truck,0,0,0,5385,5385,0.00
February 29 2024,Benton,WA,Passenger,1458,668,2126,134770,136896,1.55
November 30 2022,Suffolk,VA,Passenger,1,0,1,118,119,0.84
April 30 2022,Nueces,TX,Passenger,1,1,2,62,64,3.12
April 30 2021,Collier,FL,Passenger,1,0,1,21,22,4.55
June 30 2017,Santa Fe,NM,Passenger,0,1,1,46,47,2.13
September 30 2023,Hamilton,OH,Passenger,1,0,1,27,28,3.57
March 31 2018,Skagit,WA,Truck,1,0,1,31917,31918,0.00
April 30 2018,Nassau,NY,Passenger,1,0,1,40,41,2.44
May 31 2023,Yakima,WA,Truck,12,0,12,61104,61116,0.02
August 31 2017,Clark,WA,Truck,0,0,0,77885,77885,0.00
September 30 2018,Benton,WA,Passenger,188,208,396,132408,132804,0.30
August 31 2019,Anne Arundel,MD,Passenger,1,1,2,434,436,0.46
August 31 2019,El Paso,CO,Passenger,2,1,3,747,750,0.40
September 30 2018,Orange,CA,Passenger,4,1,5,568,573,0.87
October 31 2018,Hardin,KY,Passenger,0,1,1,111,112,0.89
April 30 2019,Kalamazoo,MI,Passenger,1,0,1,14,15,6.67
February 28 2022,Penobscot,ME,Passenger,0,1,1,7,8,12.50
June 30 2017,Pierce,WA,Passenger,956,842,1798,524838,526636,0.34
May 31 2023,Kitsap,WA,Passenger,3136,1251,4387,175840,180227,2.43
October 31 2023,Snohomish,WA,Truck,216,0,216,120588,120804,0.18
January 31 2017,Riverside,CA,Passenger,1,1,2,892,894,0.22
May 31 2018,Walla Walla,WA,Truck,0,0,0,13391,13391,0.00
February 28 2022,Clark,WA,Truck,2,0,2,83709,83711,0.00
July 31 2023,Moore,NC,Passenger,0,1,1,107,108,0.93
April 30 2019,Nassau,NY,Passenger,3,0,3,44,47,6.38
July 31 2023,Stafford,VA,Passenger,3,1,4,76,80,5.00
June 30 2020,Lee,FL,Passenger,1,0,1,50,51,1.96
April 30 2021,Juneau,AK,Passenger,0,1,1,27,28,3.57
February 28 2021,New York,NY,Passenger,2,0,2,56,58,3.45
April 30 2020,Maricopa,AZ,Passenger,7,9,16,1558,1574,1.02
December 31 2020,Loudoun,VA,Passenger,1,0,1,75,76,1.32
February 28 2023,Maricopa,AZ,Passenger,10,5,15,831,846,1.77
January 31 2021,Williamson,TX,Passenger,0,2,2,134,136,1.47
September 30 2023,Pend Oreille,WA,Truck,0,0,0,5604,5604,0.00
August 31 2017,St. Lucie,FL,Passenger,1,0,1,28,29,3.45
February 28 2023,Essex,MA,Passenger,1,0,1,15,16,6.25
July 31 2020,Spokane,WA,Passenger,752,490,1242,316301,317543,0.39
October 31 2022,Clallam,WA,Passenger,457,256,713,49414,50127,1.42
June 30 2017,Wahkiakum,WA,Truck,0,0,0,1644,1644,0.00
May 31 2020,Dakota,MN,Passenger,0,1,1,30,31,3.23
December 31 2020,Monroe,IL,Passenger,1,0,1,2,3,33.33
May 31 2022,Whatcom,WA,Truck,5,0,5,43349,43354,0.01
December 31 2019,Chelan,WA,Truck,0,0,0,22546,22546,0.00
September 30 2017,Stevens,WA,Truck,0,0,0,18247,18247,0.00
February 28 2022,Orange,NC,Passenger,0,1,1,12,13,7.69
January 31 2024,Madison,IL,Passenger,2,0,2,14,16,12.50
March 31 2018,Bexar,TX,Passenger,2,2,4,796,800,0.50
January 31 2023,Jackson,OK,Passenger,0,1,1,33,34,2.94
November 30 2020,Whitman,WA,Truck,0,0,0,8487,8487,0.00
October 31 2019,Adams,WA,Truck,0,0,0,5152,5152,0.00
February 29 2020,Ulster,NY,Passenger,1,0,1,13,14,7.14
August 31 2021,Benton,WA,Truck,0,0,0,43606,43606,0.00
March 31 2018,Thurston,WA,Truck,0,0,0,54001,54001,0.00
January 31 2024,Los Angeles,CA,Passenger,5,4,9,541,550,1.64
March 31 2019,Ventura,CA,Passenger,0,2,2,320,322,0.62
December 31 2019,Pima,AZ,Passenger,3,1,4,395,399,1.00
February 28 2017,Franklin,OH,Passenger,0,1,1,116,117,0.85
August 31 2023,Henrico,VA,Passenger,0,1,1,8,9,11.11
August 31 2019,Placer,CA,Passenger,1,0,1,103,104,0.96
August 31 2023,Alexandria,VA,Passenger,3,1,4,84,88,4.55
June 30 2019,Montgomery,TX,Passenger,2,0,2,64,66,3.03
January 31 2018,Orange,CA,Passenger,3,1,4,585,589,0.68
October 31 2022,San Joaquin,CA,Passenger,1,0,1,89,90,1.11
August 31 2021,Saginaw,MI,Passenger,1,0,1,9,10,10.00
April 30 2023,Providence,RI,Passenger,1,0,1,18,19,5.26
September 30 2017,Skamania,WA,Passenger,10,7,17,8570,8587,0.20
October 31 2021,Geary,KS,Passenger,1,0,1,98,99,1.01
November 30 2021,Contra Costa,CA,Passenger,1,4,5,255,260,1.92
June 30 2019,Nantucket,MA,Passenger,1,0,1,2,3,33.33
November 30 2022,Columbia,WA,Passenger,8,1,9,2427,2436,0.37
July 31 2018,Broward,FL,Passenger,1,1,2,131,133,1.50
April 30 2020,Portsmouth,VA,Passenger,0,1,1,75,76,1.32
November 30 2022,Camden,NJ,Passenger,0,1,1,13,14,7.14
November 30 2023,Chelan,WA,Passenger,729,203,932,54136,55068,1.69
October 31 2022,Arlington,VA,Passenger,1,0,1,117,118,0.85
November 30 2023,Moore,NC,Passenger,0,1,1,101,102,0.98
June 30 2020,Hudson,NJ,Passenger,1,0,1,40,41,2.44
October 31 2022,San Francisco,CA,Passenger,1,0,1,79,80,1.25
June 30 2020,Placer,CA,Passenger,2,0,2,96,98,2.04
March 31 2017,Oklahoma,OK,Passenger,0,1,1,174,175,0.57
May 31 2019,San Juan,PR,Passenger,0,1,1,3,4,25.00
August 31 2019,Prince George's,MD,Passenger,1,1,2,181,183,1.09
April 30 2021,Tarrant,TX,Passenger,1,0,1,161,162,0.62
July 31 2022,Allen,IN,Passenger,1,0,1,19,20,5.00
May 31 2022,Philadelphia,PA,Passenger,1,0,1,41,42,2.38
September 30 2022,Yellowstone,MT,Passenger,0,1,1,19,20,5.00
July 31 2022,Bartow,GA,Passenger,0,1,1,5,6,16.67
October 31 2019,Grays Harbor,WA,Passenger,95,95,190,48293,48483,0.39
December 31 2021,Franklin,WA,Truck,0,0,0,20839,20839,0.00
September 30 2018,Sedgwick,KS,Passenger,0,1,1,100,101,0.99
February 28 2019,Pend Oreille,WA,Truck,0,0,0,5740,5740,0.00
May 31 2022,San Juan,WA,Passenger,499,152,651,14081,14732,4.42
March 31 2017,Prince William,VA,Passenger,0,4,4,276,280,1.43
May 31 2017,Okaloosa,FL,Passenger,1,0,1,187,188,0.53
June 30 2022,Tarrant,TX,Passenger,3,0,3,126,129,2.33
December 31 2018,Spokane,WA,Truck,1,0,1,93745,93746,0.00
May 31 2022,Lewis,WA,Truck,0,0,0,26413,26413,0.00
February 29 2020,Pend Oreille,WA,Truck,0,0,0,5761,5761,0.00
December 31 2018,Hardin,KY,Passenger,0,1,1,103,104,0.96
September 30 2020,Fairbanks North Star,AK,Passenger,0,1,1,97,98,1.02
September 30 2023,Douglas,NE,Passenger,1,1,2,25,27,7.41
November 30 2022,Cass,MN,Passenger,0,1,1,1,2,50.00
February 28 2017,,,Passenger,2,0,2,469,471,0.42
April 30 2018,Skagit,WA,Truck,1,0,1,31975,31976,0.00
June 30 2023,Grant,WA,Truck,11,0,11,28100,28111,0.04
January 31 2017,Tulare,CA,Passenger,1,0,1,204,205,0.49
May 31 2023,Travis,TX,Passenger,3,1,4,94,98,4.08
August 31 2018,Broward,FL,Passenger,1,1,2,135,137,1.46
July 31 2021,Nassau,NY,Passenger,3,0,3,35,38,7.89
September 30 2020,Pinellas,FL,Passenger,1,1,2,110,112,1.79
October 31 2021,Mercer,NJ,Passenger,0,1,1,13,14,7.14
April 30 2022,Palm Beach,FL,Passenger,0,1,1,59,60,1.67
May 31 2023,Albemarle,VA,Passenger,2,0,2,16,18,11.11
May 31 2022,Harris,TX,Passenger,2,0,2,175,177,1.13
June 30 2020,Charleston,SC,Passenger,1,0,1,108,109,0.92
October 31 2020,Platte,MO,Passenger,1,0,1,19,20,5.00
January 31 2022,St. Clair,IL,Passenger,1,0,1,122,123,0.81
March 31 2022,Danville,VA,Passenger,1,0,1,0,1,100.00
April 30 2020,Skagit,WA,Truck,1,0,1,32381,32382,0.00
July 31 2017,Clallam,WA,Passenger,93,77,170,48420,48590,0.35
September 30 2020,St. Mary's,MD,Passenger,1,0,1,215,216,0.46
November 30 2022,Harnett,NC,Passenger,2,0,2,155,157,1.27
January 31 2021,Santa Clara,CA,Passenger,7,2,9,288,297,3.03
April 30 2023,Wake,NC,Passenger,2,0,2,85,87,2.30
November 30 2021,Riverside,CA,Passenger,5,1,6,532,538,1.12
May 31 2021,Orange,CA,Passenger,4,3,7,455,462,1.52
October 31 2021,Harnett,NC,Passenger,1,1,2,169,171,1.17
June 30 2022,Fort Bend,TX,Passenger,1,0,1,25,26,3.85
March 31 2020,Clark,WA,Passenger,1983,1061,3044,320193,323237,0.94
October 31 2019,Franklin,WA,Passenger,53,75,128,60614,60742,0.21
August 31 2021,Lewis,WA,Truck,0,0,0,26740,26740,0.00
March 31 2021,San Juan,WA,Truck,0,0,0,5881,5881,0.00
September 30 2019,DuPage,IL,Passenger,3,0,3,64,67,4.48
August 31 2019,Maui,HI,Passenger,2,0,2,47,49,4.08
December 31 2018,DeKalb,GA,Passenger,1,0,1,79,80,1.25
March 31 2019,Lee,FL,Passenger,1,0,1,52,53,1.89
December 31 2017,New Haven,CT,Passenger,0,1,1,55,56,1.79
September 30 2020,Spartanburg,SC,Passenger,0,1,1,53,54,1.85
March 31 2019,Collier,FL,Passenger,1,0,1,21,22,4.55
December 31 2020,Fort Bend,TX,Passenger,1,0,1,39,40,2.50
January 31 2021,Hudson,NJ,Passenger,1,0,1,42,43,2.33
April 30 2024,Kern,CA,Passenger,1,1,2,136,138,1.45
August 31 2020,Allegheny,PA,Passenger,2,0,2,82,84,2.38
December 31 2022,Henrico,VA,Passenger,0,1,1,10,11,9.09
June 30 2023,Ferry,WA,Passenger,21,4,25,4334,4359,0.57
January 31 2018,Clay,FL,Passenger,0,1,1,107,108,0.93
September 30 2019,DeKalb,GA,Passenger,1,0,1,83,84,1.19
April 30 2022,Marin,CA,Passenger,1,1,2,33,35,5.71
January 31 2024,Montgomery,OH,Passenger,0,1,1,34,35,2.86
October 31 2019,Osceola,FL,Passenger,1,0,1,42,43,2.33
December 31 2022,Hennepin,MN,Passenger,1,0,1,49,50,2.00
March 31 2017,Lewis,NY,Passenger,0,1,1,10,11,9.09
November 30 2017,Nantucket,MA,Passenger,1,0,1,3,4,25.00
June 30 2019,Pacific,WA,Truck,0,0,0,7650,7650,0.00
March 31 2023,Sumter,SC,Passenger,0,1,1,35,36,2.78
January 31 2020,Middlesex,MA,Passenger,1,0,1,106,107,0.93
October 31 2022,Jefferson,WA,Passenger,465,225,690,24394,25084,2.75
October 31 2020,Fairbanks North Star,AK,Passenger,0,1,1,97,98,1.02
October 31 2020,King,WA,Passenger,25870,8011,33881,1372209,1406090,2.41
December 31 2022,Spokane,WA,Truck,19,0,19,101734,101753,0.02
March 31 2023,Grant,WA,Truck,8,0,8,28063,28071,0.03
April 30 2022,Columbia,WA,Truck,0,0,0,1587,1587,0.00
July 31 2021,Stevens,WA,Passenger,50,46,96,30377,30473,0.32
June 30 2023,San Juan,WA,Passenger,616,178,794,13811,14605,5.44
December 31 2020,Collin,TX,Passenger,2,1,3,131,134,2.24
February 28 2022,Spartanburg,SC,Passenger,0,1,1,45,46,2.17
February 28 2023,Sumter,SC,Passenger,0,1,1,34,35,2.86
March 31 2021,Gwinnett,GA,Passenger,1,0,1,69,70,1.43
August 31 2021,Clinton,PA,Passenger,1,0,1,0,1,100.00
March 31 2020,Shelby,OH,Passenger,0,1,1,2,3,33.33
October 31 2019,,,Passenger,6,2,8,423,431,1.86
January 31 2017,Garfield,WA,Passenger,0,0,0,1285,1285,0.00
September 30 2019,Hawaii,HI,Passenger,1,0,1,62,63,1.59
April 30 2020,Juneau,AK,Passenger,0,2,2,31,33,6.06
February 28 2017,Yakima,WA,Truck,0,0,0,57219,57219,0.00
June 30 2017,San Diego,CA,Passenger,5,1,6,2728,2734,0.22
February 28 2023,Galveston,TX,Passenger,0,1,1,18,19,5.26
July 31 2017,Virginia Beach,VA,Passenger,2,1,3,646,649,0.46
January 31 2020,Hudson,NJ,Passenger,1,0,1,41,42,2.38
September 30 2022,Pulaski,AR,Passenger,1,0,1,30,31,3.23
March 31 2017,Cascade,MT,Passenger,0,1,1,63,64,1.56
June 30 2018,Clark,WA,Passenger,1009,719,1728,307928,309656,0.56
April 30 2021,Multnomah,OR,Passenger,2,5,7,689,696,1.01
April 30 2024,Montgomery,AL,Passenger,1,0,1,33,34,2.94
March 31 2024,Essex,NJ,Passenger,2,1,3,8,11,27.27
September 30 2022,Arapahoe,CO,Passenger,0,1,1,88,89,1.12
March 31 2018,,,Passenger,2,2,4,444,448,0.89
July 31 2018,Clackamas,OR,Passenger,0,1,1,217,218,0.46
January 31 2021,Albemarle,VA,Passenger,1,0,1,24,25,4.00
December 31 2018,Jefferson,WA,Truck,0,0,0,9601,9601,0.00
October 31 2021,Skagit,WA,Passenger,648,295,943,91412,92355,1.02
September 30 2018,San Francisco,CA,Passenger,1,1,2,121,123,1.63
October 31 2019,Fulton,GA,Passenger,0,3,3,107,110,2.73
April 30 2024,New Haven,CT,Passenger,0,2,2,19,21,9.52
July 31 2018,Lewis,WA,Passenger,83,61,144,57815,57959,0.25
March 31 2018,Lincoln,WA,Passenger,2,5,7,7578,7585,0.09
July 31 2020,Solano,CA,Passenger,1,0,1,211,212,0.47
April 30 2023,Cumberland,NC,Passenger,1,4,5,323,328,1.52
November 30 2023,Portsmouth,VA,Passenger,0,1,1,61,62,1.61
February 28 2019,Hennepin,MN,Passenger,2,0,2,106,108,1.85
November 30 2020,Portsmouth,VA,Passenger,0,1,1,75,76,1.32
January 31 2020,Jefferson,WA,Passenger,224,139,363,25206,25569,1.42
December 31 2021,Island,WA,Passenger,713,340,1053,62599,63652,1.65
August 31 2021,Contra Costa,CA,Passenger,2,4,6,256,262,2.29
June 30 2022,Virginia Beach,VA,Passenger,2,0,2,517,519,0.39
November 30 2021,San Juan,WA,Truck,0,0,0,5993,5993,0.00
November 30 2018,Cumberland,NC,Passenger,0,1,1,533,534,0.19
October 31 2020,Montgomery,OH,Passenger,0,1,1,48,49,2.04
June 30 2022,Portsmouth,VA,Passenger,0,1,1,79,80,1.25
April 30 2020,Montgomery,AL,Passenger,0,1,1,37,38,2.63
August 31 2017,Snohomish,WA,Truck,1,0,1,121661,121662,0.00
December 31 2020,San Juan,WA,Truck,0,0,0,5870,5870,0.00
February 28 2022,Benton,WA,Passenger,662,450,1112,135725,136837,0.81
October 31 2019,Maui,HI,Passenger,2,0,2,47,49,4.08
September 30 2019,Fulton,GA,Passenger,0,3,3,107,110,2.73
March 31 2024,Burlington,NJ,Passenger,0,2,2,71,73,2.74
November 30 2021,Cook,IL,Passenger,2,0,2,213,215,0.93
August 31 2017,Jackson,MO,Passenger,1,0,1,59,60,1.67
May 31 2019,St. Lucie,FL,Passenger,1,0,1,28,29,3.45
February 29 2020,Riverside,CA,Passenger,3,1,4,655,659,0.61
November 30 2021,Benton,WA,Truck,0,0,0,43643,43643,0.00
December 31 2017,Ferry,WA,Truck,0,0,0,3525,3525,0.00
March 31 2022,Klickitat,WA,Truck,0,0,0,8302,8302,0.00
July 31 2021,Denver,CO,Passenger,1,0,1,124,125,0.80
November 30 2022,Boulder,CO,Passenger,2,0,2,45,47,4.26
February 28 2023,Maui,HI,Passenger,1,0,1,25,26,3.85
October 31 2023,Ulster,NY,Passenger,1,0,1,6,7,14.29
October 31 2019,Clark,WA,Passenger,1782,1016,2798,316880,319678,0.88
September 30 2020,Grant,WA,Truck,0,0,0,27291,27291,0.00
April 30 2024,Benton,WA,Truck,38,0,38,41573,41611,0.09
September 30 2022,Penobscot,ME,Passenger,0,1,1,9,10,10.00
October 31 2018,Carson City,NV,Passenger,1,0,1,14,15,6.67
October 31 2020,Vigo,IN,Passenger,1,0,1,6,7,14.29
September 30 2023,Chesapeake,VA,Passenger,2,1,3,289,292,1.03
November 30 2020,Contra Costa,CA,Passenger,4,3,7,282,289,2.42
March 31 2023,New Haven,CT,Passenger,0,2,2,28,30,6.67
October 31 2019,Columbia,WA,Passenger,3,2,5,2436,2441,0.20
November 30 2018,,,Passenger,4,2,6,432,438,1.37
April 30 2017,Columbia,WA,Truck,0,0,0,1537,1537,0.00
February 29 2020,Osceola,FL,Passenger,1,0,1,43,44,2.27
July 31 2019,Hennepin,MN,Passenger,2,1,3,106,109,2.75
January 31 2022,Columbia,WA,Truck,0,0,0,1556,1556,0.00
March 31 2022,Lake,FL,Passenger,1,0,1,23,24,4.17
September 30 2022,Rock Island,IL,Passenger,0,1,1,14,15,6.67
June 30 2021,Whatcom,WA,Passenger,1420,602,2022,150752,152774,1.32
August 31 2020,Clark,WA,Passenger,2135,1076,3211,318123,321334,1.00
June 30 2017,Northampton,PA,Passenger,1,0,1,147,148,0.68
December 31 2020,Santa Clara,CA,Passenger,7,2,9,290,299,3.01
February 28 2019,Monroe,IL,Passenger,1,0,1,3,4,25.00
January 31 2019,Clark,WA,Passenger,1313,868,2181,312042,314223,0.69
June 30 2020,Stafford,VA,Passenger,1,1,2,98,100,2.00
May 31 2023,Yolo,CA,Passenger,1,0,1,24,25,4.00
September 30 2022,Carroll,MD,Passenger,0,1,1,16,17,5.88
February 29 2024,Chelan,WA,Truck,51,0,51,22853,22904,0.22
April 30 2024,Orange,CA,Passenger,5,2,7,232,239,2.93
May 31 2017,Mercer,NJ,Passenger,0,1,1,19,20,5.00
January 31 2021,Norfolk,VA,Passenger,2,3,5,335,340,1.47
October 31 2020,Lane,OR,Passenger,0,1,1,148,149,0.67
February 29 2024,Arapahoe,CO,Passenger,1,1,2,62,64,3.12
March 31 2020,Hillsborough,FL,Passenger,0,1,1,190,191,0.52
October 31 2021,Frederick,MD,Passenger,1,1,2,72,74,2.70
November 30 2018,Hawaii,HI,Passenger,1,0,1,69,70,1.43
July 31 2021,Houston,GA,Passenger,1,0,1,47,48,2.08
June 30 2022,Coryell,TX,Passenger,1,0,1,99,100,1.00
January 31 2021,San Bernardino,CA,Passenger,1,0,1,400,401,0.25
March 31 2023,Lee,AL,Passenger,1,0,1,15,16,6.25
February 29 2020,Putnam,TN,Passenger,0,1,1,3,4,25.00
March 31 2018,Benton,WA,Truck,0,0,0,40796,40796,0.00
March 31 2019,Pacific,WA,Passenger,23,26,49,15843,15892,0.31
April 30 2017,Los Angeles,CA,Passenger,2,1,3,1366,1369,0.22
October 31 2022,Middlesex,MA,Passenger,2,0,2,82,84,2.38
June 30 2020,Santa Cruz,CA,Passenger,1,0,1,36,37,2.70
February 28 2018,St. Lucie,FL,Passenger,1,0,1,26,27,3.70
August 31 2018,Carroll,NH,Passenger,0,1,1,1,2,50.00
May 31 2023,Chesapeake,VA,Passenger,3,2,5,305,310,1.61
September 30 2020,Prince William,VA,Passenger,2,3,5,223,228,2.19
September 30 2018,DuPage,IL,Passenger,1,0,1,59,60,1.67
January 31 2017,Shoshone,ID,Passenger,0,1,1,99,100,1.00
March 31 2023,Yuba,CA,Passenger,1,0,1,54,55,1.82
May 31 2019,Denver,CO,Passenger,1,0,1,135,136,0.74
February 28 2018,Franklin,MA,Passenger,0,1,1,3,4,25.00
May 31 2023,Thurston,WA,Passenger,3030,1210,4240,190277,194517,2.18
October 31 2021,Walla Walla,WA,Passenger,132,81,213,36344,36557,0.58
December 31 2022,Harnett,NC,Passenger,2,0,2,153,155,1.29
March 31 2023,Arlington,VA,Passenger,1,0,1,116,117,0.85
July 31 2020,Ulster,NY,Passenger,1,0,1,12,13,7.69
September 30 2021,Calvert,MD,Passenger,0,2,2,89,91,2.20
October 31 2021,Spartanburg,SC,Passenger,0,1,1,50,51,1.96
March 31 2022,Carson City,NV,Passenger,1,0,1,8,9,11.11
March 31 2021,Benton,WA,Truck,0,0,0,43530,43530,0.00
September 30 2017,Grant,WA,Truck,0,0,0,25423,25423,0.00
October 31 2018,Columbia,WA,Passenger,2,2,4,2433,2437,0.16
August 31 2021,Grays Harbor,WA,Passenger,177,147,324,49477,49801,0.65
May 31 2020,San Diego,CA,Passenger,15,4,19,2736,2755,0.69
April 30 2018,Fairfax,VA,Passenger,3,2,5,836,841,0.59
October 31 2020,Hillsborough,FL,Passenger,0,1,1,181,182,0.55
August 31 2023,Placer,CA,Passenger,1,0,1,62,63,1.59
February 29 2024,Richmond,NY,Passenger,1,0,1,4,5,20.00
November 30 2017,Klickitat,WA,Passenger,24,26,50,14872,14922,0.34
December 31 2017,Mercer,NJ,Passenger,0,1,1,18,19,5.26
January 31 2019,Multnomah,OR,Passenger,3,5,8,785,793,1.01
August 31 2019,Collin,TX,Passenger,2,1,3,146,149,2.01
January 31 2021,Mason,WA,Truck,0,0,0,21013,21013,0.00
April 30 2017,Muscogee,GA,Passenger,0,1,1,248,249,0.40
July 31 2019,Pend Oreille,WA,Truck,0,0,0,5730,5730,0.00
January 31 2024,Berkeley,SC,Passenger,1,1,2,84,86,2.33
December 31 2022,Harford,MD,Passenger,1,1,2,41,43,4.65
November 30 2021,St. Louis,MO,Passenger,1,0,1,77,78,1.28
February 28 2017,Santa Fe,NM,Passenger,0,1,1,44,45,2.22
January 31 2024,Lane,OR,Passenger,0,2,2,55,57,3.51
December 31 2021,Boulder,CO,Passenger,2,1,3,47,50,6.00
March 31 2022,Montgomery,MD,Passenger,3,2,5,200,205,2.44
March 31 2024,Allegheny,PA,Passenger,1,0,1,46,47,2.13
October 31 2019,Clackamas,OR,Passenger,2,1,3,215,218,1.38
May 31 2017,Twin Falls,ID,Passenger,0,1,1,23,24,4.17
September 30 2022,Allen,IN,Passenger,1,0,1,19,20,5.00
May 31 2021,Flathead,MT,Passenger,1,0,1,50,51,1.96
August 31 2018,Lewis,WA,Truck,0,0,0,25608,25608,0.00
June 30 2021,Philadelphia,PA,Passenger,1,0,1,52,53,1.89
June 30 2021,Pacific,WA,Truck,0,0,0,7961,7961,0.00
November 30 2017,Columbia,WA,Truck,0,0,0,1538,1538,0.00
May 31 2021,Sumter,FL,Passenger,0,1,1,10,11,9.09
May 31 2019,Montgomery,AL,Passenger,0,1,1,43,44,2.27
February 28 2023,Douglas,WA,Passenger,180,58,238,28596,28834,0.83
August 31 2022,San Bernardino,CA,Passenger,2,1,3,345,348,0.86
December 31 2021,Pinellas,FL,Passenger,0,1,1,93,94,1.06
June 30 2023,Portsmouth,VA,Passenger,0,1,1,63,64,1.56
August 31 2022,Williamson,TX,Passenger,0,2,2,85,87,2.30
May 31 2023,DuPage,IL,Passenger,2,1,3,32,35,8.57
December 31 2023,Autauga,AL,Passenger,2,0,2,9,11,18.18
September 30 2022,Kootenai,ID,Truck,1,0,1,36,37,2.70
August 31 2018,Carson City,NV,Passenger,1,0,1,14,15,6.67
September 30 2020,Dallas,IA,Passenger,0,1,1,10,11,9.09
May 31 2020,Monroe,IL,Passenger,1,0,1,3,4,25.00
May 31 2021,Spokane,WA,Truck,0,0,0,102039,102039,0.00
March 31 2022,Adams,CO,Passenger,1,0,1,38,39,2.56
July 31 2021,Duval,FL,Passenger,0,2,2,346,348,0.57
April 30 2023,Harris,TX,Passenger,1,1,2,150,152,1.32
September 30 2020,Ulster,NY,Passenger,1,0,1,13,14,7.14
August 31 2023,Chelan,WA,Passenger,670,173,843,54222,55065,1.53
June 30 2017,Clackamas,OR,Passenger,0,1,1,288,289,0.35
July 31 2019,Washoe,NV,Passenger,2,0,2,117,119,1.68
December 31 2021,New London,CT,Passenger,1,3,4,212,216,1.85
May 31 2023,Wake,NC,Passenger,2,0,2,84,86,2.33
February 29 2024,District of Columbia,DC,Passenger,3,0,3,137,140,2.14
October 31 2018,Lee,FL,Passenger,1,0,1,56,57,1.75
April 30 2023,Dorchester,SC,Passenger,1,0,1,50,51,1.96
October 31 2019,Kitsap,WA,Truck,1,0,1,54342,54343,0.00
December 31 2022,Nueces,TX,Passenger,0,1,1,53,54,1.85
February 28 2021,Williamson,TX,Passenger,0,2,2,129,131,1.53
August 31 2022,Clinton,PA,Passenger,1,0,1,1,2,50.00
April 30 2019,Manassas,VA,Passenger,0,1,1,8,9,11.11
July 31 2022,Benton,WA,Passenger,778,461,1239,135181,136420,0.91
August 31 2022,Honolulu,HI,Passenger,4,3,7,372,379,1.85
May 31 2018,Douglas,WA,Truck,0,0,0,11900,11900,0.00
November 30 2019,Skamania,WA,Truck,0,0,0,4093,4093,0.00
January 31 2020,Douglas,NE,Passenger,0,1,1,58,59,1.69
April 30 2018,Spokane,WA,Passenger,318,288,606,301866,302472,0.20
August 31 2019,Cowlitz,WA,Passenger,107,108,215,73281,73496,0.29
May 31 2022,Los Angeles,CA,Passenger,6,8,14,842,856,1.64
November 30 2023,San Mateo,CA,Passenger,2,0,2,55,57,3.51
November 30 2019,San Francisco,CA,Passenger,2,1,3,105,108,2.78
March 31 2022,York,VA,Passenger,1,0,1,92,93,1.08
February 28 2019,Valencia,NM,Passenger,1,0,1,11,12,8.33
June 30 2020,King,WA,Passenger,24105,7711,31816,1370352,1402168,2.27
July 31 2020,Pierce,WA,Passenger,2466,1696,4162,551142,555304,0.75
March 31 2018,Cowlitz,WA,Passenger,55,70,125,71227,71352,0.18
February 28 2018,Walla Walla,WA,Passenger,31,35,66,35385,35451,0.19
July 31 2023,Pend Oreille,WA,Passenger,30,15,45,8863,8908,0.51
April 30 2018,Yakima,WA,Truck,0,0,0,58207,58207,0.00
October 31 2020,Orange,CA,Passenger,5,3,8,487,495,1.62
February 28 2017,Santa Clara,CA,Passenger,5,3,8,434,442,1.81
February 28 2017,San Mateo,CA,Passenger,0,1,1,165,166,0.60
May 31 2019,Kent,MI,Passenger,0,1,1,23,24,4.17
September 30 2023,Camden,NJ,Passenger,0,1,1,11,12,8.33
May 31 2017,Jefferson,WA,Passenger,103,59,162,23820,23982,0.68
April 30 2019,Middlesex,MA,Passenger,1,0,1,117,118,0.85
March 31 2023,Island,WA,Truck,24,0,24,21032,21056,0.11
March 31 2023,Allegheny,PA,Passenger,1,0,1,59,60,1.67
January 31 2019,Columbia,WA,Truck,0,0,0,1529,1529,0.00
June 30 2019,Benton,WA,Truck,0,0,0,41913,41913,0.00
October 31 2017,Gwinnett,GA,Passenger,0,1,1,88,89,1.12
October 31 2021,Lewis,WA,Passenger,193,160,353,59599,59952,0.59
January 31 2017,Monterey,CA,Passenger,0,1,1,234,235,0.43
January 31 2021,Orange,FL,Passenger,1,0,1,118,119,0.84
December 31 2022,Douglas,CO,Passenger,0,1,1,73,74,1.35
January 31 2023,Hanover,VA,Passenger,1,0,1,1,2,50.00
October 31 2023,Thurston,WA,Truck,71,0,71,53643,53714,0.13
February 28 2023,Klickitat,WA,Truck,4,0,4,8270,8274,0.05
April 30 2018,Skamania,WA,Truck,0,0,0,3923,3923,0.00
February 28 2019,Island,WA,Truck,0,0,0,21163,21163,0.00
September 30 2019,Orange,CA,Passenger,7,3,10,535,545,1.83
August 31 2022,Marin,CA,Passenger,1,1,2,30,32,6.25
March 31 2018,Island,WA,Passenger,175,179,354,62025,62379,0.57
April 30 2018,Lincoln,WA,Passenger,2,6,8,7613,7621,0.10
October 31 2022,Multnomah,OR,Passenger,1,3,4,522,526,0.76
August 31 2021,Grays Harbor,WA,Truck,0,0,0,21389,21389,0.00
August 31 2018,Flathead,MT,Passenger,1,0,1,57,58,1.72
March 31 2022,Calvert,MD,Passenger,0,2,2,81,83,2.41
January 31 2021,Newport,RI,Passenger,0,1,1,83,84,1.19
October 31 2021,Klickitat,WA,Passenger,87,51,138,15344,15482,0.89
January 31 2021,Lee,FL,Passenger,1,0,1,45,46,2.17
July 31 2021,Jefferson,WA,Truck,0,0,0,9615,9615,0.00
April 30 2023,Leavenworth,KS,Passenger,0,1,1,88,89,1.12
March 31 2022,Sarpy,NE,Passenger,1,0,1,66,67,1.49
May 31 2022,Okanogan,WA,Truck,0,0,0,16649,16649,0.00
September 30 2020,Skagit,WA,Truck,1,0,1,32632,32633,0.00
July 31 2019,Pima,AZ,Passenger,0,1,1,416,417,0.24
August 31 2019,San Joaquin,CA,Passenger,1,0,1,137,138,0.72
August 31 2022,Escambia,FL,Passenger,0,1,1,147,148,0.68
October 31 2020,St. Louis,MO,Passenger,1,0,1,103,104,0.96
September 30 2020,Garfield,WA,Truck,0,0,0,985,985,0.00
April 30 2024,Columbia,WA,Truck,0,0,0,1522,1522,0.00
June 30 2020,Fulton,GA,Passenger,1,3,4,106,110,3.64
September 30 2023,Whitman,WA,Passenger,177,86,263,21985,22248,1.18
September 30 2021,Arlington,VA,Passenger,1,1,2,139,141,1.42
April 30 2023,Prince William,VA,Passenger,1,2,3,171,174,1.72
November 30 2021,Lane,OR,Passenger,0,2,2,118,120,1.67
May 31 2020,Cascade,MT,Passenger,0,1,1,61,62,1.61
February 29 2024,St. Mary's,MD,Passenger,1,0,1,163,164,0.61
October 31 2023,Muscogee,GA,Passenger,0,1,1,90,91,1.10
September 30 2020,Plaquemines,LA,Passenger,0,1,1,15,16,6.25
April 30 2017,King,WA,Passenger,9555,3881,13436,1378240,1391676,0.97
April 30 2019,Grays Harbor,WA,Passenger,70,84,154,47660,47814,0.32
July 31 2020,Mason,WA,Passenger,160,132,292,47362,47654,0.61
October 31 2021,Skamania,WA,Passenger,58,39,97,8322,8419,1.15
April 30 2023,Fairfax,VA,Passenger,6,3,9,601,610,1.48
November 30 2017,Kittitas,WA,Truck,0,0,0,13761,13761,0.00
October 31 2020,Arlington,VA,Passenger,0,2,2,146,148,1.35
May 31 2020,Bucks,PA,Passenger,1,0,1,22,23,4.35
January 31 2021,Putnam,TN,Passenger,0,1,1,3,4,25.00
December 31 2019,Dakota,MN,Passenger,0,1,1,31,32,3.12
June 30 2022,Los Angeles,CA,Passenger,6,8,14,824,838,1.67
May 31 2020,Sedgwick,KS,Passenger,1,1,2,96,98,2.04
October 31 2019,Harnett,NC,Passenger,1,1,2,220,222,0.90
October 31 2022,Solano,CA,Passenger,2,0,2,161,163,1.23
May 31 2020,Sarasota,FL,Passenger,2,0,2,35,37,5.41
September 30 2018,Carson City,NV,Passenger,1,0,1,14,15,6.67
May 31 2020,San Juan,WA,Passenger,298,91,389,14052,14441,2.69
February 28 2017,Maui,HI,Passenger,1,0,1,73,74,1.35
December 31 2021,Klickitat,WA,Truck,0,0,0,8324,8324,0.00
October 31 2023,Newport News,VA,Passenger,1,0,1,92,93,1.08
December 31 2017,Pacific,WA,Truck,0,0,0,7543,7543,0.00
May 31 2023,Yavapai,AZ,Passenger,0,1,1,19,20,5.00
July 31 2021,Washtenaw,MI,Passenger,0,1,1,29,30,3.33
January 31 2024,Yakima,WA,Passenger,662,305,967,166127,167094,0.58
May 31 2021,Klickitat,WA,Truck,0,0,0,8255,8255,0.00
July 31 2023,Stevens,WA,Passenger,118,69,187,29625,29812,0.63
July 31 2018,Kittitas,WA,Truck,0,0,0,14057,14057,0.00
March 31 2023,Jefferson,WA,Truck,9,0,9,9322,9331,0.10
April 30 2020,Skagit,WA,Passenger,397,215,612,91456,92068,0.66
August 31 2021,Pend Oreille,WA,Passenger,16,7,23,9236,9259,0.25
November 30 2022,Okanogan,WA,Truck,2,0,2,16451,16453,0.01
July 31 2019,Prince William,VA,Passenger,1,4,5,249,254,1.97
November 30 2022,Chesterfield,VA,Passenger,1,0,1,38,39,2.56
April 30 2018,Caddo,LA,Passenger,0,1,1,23,24,4.17
September 30 2017,Alameda,CA,Passenger,0,1,1,357,358,0.28
June 30 2020,Clallam,WA,Passenger,228,168,396,50086,50482,0.78
December 31 2023,Stevens,WA,Truck,3,0,3,18612,18615,0.02
March 31 2024,Benton,WA,Passenger,1478,671,2149,134141,136290,1.58
June 30 2018,Franklin,WA,Passenger,39,66,105,57847,57952,0.18
March 31 2024,,,Passenger,3,0,3,224,227,1.32
February 28 2023,Franklin,WA,Truck,4,0,4,20955,20959,0.02
April 30 2017,Portsmouth,VA,Passenger,0,1,1,66,67,1.49
January 31 2019,Prince George's,MD,Passenger,1,1,2,187,189,1.06
September 30 2017,Travis,TX,Passenger,1,1,2,196,198,1.01
February 29 2024,St. Louis,MO,Passenger,1,0,1,48,49,2.04
February 28 2018,Garfield,WA,Passenger,1,0,1,1323,1324,0.08
April 30 2020,Rockingham,NH,Passenger,1,0,1,26,27,3.70
April 30 2020,Prince George's,MD,Passenger,1,1,2,169,171,1.17
March 31 2022,Pennington,SD,Passenger,2,0,2,32,34,5.88
December 31 2022,Sarpy,NE,Passenger,1,0,1,60,61,1.64
May 31 2017,Snohomish,WA,Passenger,1740,866,2606,512561,515167,0.51
August 31 2021,Lewis,WA,Passenger,181,153,334,59617,59951,0.56
July 31 2022,Skagit,WA,Truck,5,0,5,32270,32275,0.02
September 30 2021,Loudoun,VA,Passenger,1,0,1,69,70,1.43
August 31 2022,Lewis,WA,Truck,0,0,0,26311,26311,0.00
February 29 2020,Broward,FL,Passenger,2,1,3,123,126,2.38
August 31 2021,Sonoma,CA,Passenger,0,1,1,93,94,1.06
July 31 2023,Pulaski,AR,Passenger,2,0,2,18,20,10.00
February 28 2023,El Paso,TX,Passenger,3,0,3,316,319,0.94
March 31 2019,El Paso,TX,Passenger,2,0,2,492,494,0.40
November 30 2019,Pima,AZ,Passenger,2,1,3,397,400,0.75
May 31 2020,Kern,CA,Passenger,0,1,1,229,230,0.43
January 31 2021,Columbia,OR,Passenger,1,0,1,23,24,4.17
March 31 2023,Stevens,WA,Truck,2,0,2,18737,18739,0.01
June 30 2022,Maui,HI,Passenger,1,0,1,27,28,3.57
December 31 2022,Bartow,GA,Passenger,0,1,1,5,6,16.67
August 31 2018,Alameda,CA,Passenger,0,1,1,347,348,0.29
December 31 2017,Whitman,WA,Truck,0,0,0,8452,8452,0.00
December 31 2021,District of Columbia,DC,Passenger,4,0,4,190,194,2.06
August 31 2018,Lincoln,WA,Truck,0,0,0,4571,4571,0.00
January 31 2019,Garfield,WA,Truck,0,0,0,961,961,0.00
March 31 2024,Asotin,WA,Truck,2,0,2,6504,6506,0.03
June 30 2022,Onslow,NC,Passenger,0,1,1,167,168,0.60
July 31 2021,Anne Arundel,MD,Passenger,3,1,4,386,390,1.03
February 28 2019,Harris,TX,Passenger,0,1,1,278,279,0.36
January 31 2020,Okanogan,WA,Passenger,32,30,62,26209,26271,0.24
June 30 2020,Island,WA,Truck,1,0,1,21195,21196,0.00
May 31 2017,Sumter,FL,Passenger,0,1,1,10,11,9.09
July 31 2022,Asotin,WA,Passenger,24,19,43,12616,12659,0.34
August 31 2019,Solano,CA,Passenger,1,0,1,211,212,0.47
February 28 2022,Boulder,CO,Passenger,2,0,2,46,48,4.17
August 31 2019,Asotin,WA,Truck,0,0,0,6684,6684,0.00
October 31 2022,Snohomish,WA,Passenger,9423,2667,12090,530361,542451,2.23
August 31 2022,Douglas,WA,Passenger,142,60,202,28364,28566,0.71
July 31 2017,Clallam,WA,Truck,0,0,0,21042,21042,0.00
November 30 2018,Adams,WA,Truck,0,0,0,5158,5158,0.00
February 28 2019,Clackamas,OR,Passenger,1,1,2,212,214,0.93
April 30 2020,Montgomery,OH,Passenger,0,1,1,46,47,2.13
March 31 2019,Sangamon,IL,Passenger,2,0,2,7,9,22.22
October 31 2020,San Juan,WA,Truck,0,0,0,5861,5861,0.00
December 31 2021,Santa Cruz,CA,Passenger,1,0,1,29,30,3.33
June 30 2023,Garfield,WA,Truck,0,0,0,974,974,0.00
August 31 2020,Cowlitz,WA,Passenger,152,120,272,72120,72392,0.38
November 30 2023,Whatcom,WA,Passenger,2891,1018,3909,147461,151370,2.58
September 30 2021,Wahkiakum,WA,Passenger,16,8,24,3069,3093,0.78
May 31 2019,Skamania,WA,Passenger,23,17,40,8712,8752,0.46
April 30 2020,Asotin,WA,Truck,0,0,0,6618,6618,0.00
December 31 2023,Duval,FL,Passenger,1,0,1,207,208,0.48
July 31 2023,Virginia Beach,VA,Truck,1,0,1,102,103,0.97
October 31 2022,Jackson,OK,Passenger,0,1,1,31,32,3.12
November 30 2023,Pierce,WA,Truck,223,0,223,134737,134960,0.17
March 31 2024,Santa Barbara,CA,Passenger,1,0,1,59,60,1.67
April 30 2023,Cook,IL,Passenger,3,0,3,172,175,1.71
October 31 2017,Montgomery,PA,Passenger,1,0,1,38,39,2.56
May 31 2023,Richmond,NY,Passenger,1,0,1,4,5,20.00
November 30 2021,Wood,OH,Passenger,0,1,1,8,9,11.11
December 31 2018,Juneau,AK,Passenger,0,1,1,44,45,2.22
March 31 2024,DuPage,IL,Passenger,2,1,3,26,29,10.34
November 30 2021,Klickitat,WA,Passenger,88,52,140,15333,15473,0.90
June 30 2017,Pend Oreille,WA,Passenger,3,4,7,9316,9323,0.08
August 31 2022,Sedgwick,KS,Passenger,1,1,2,70,72,2.78
January 31 2018,Maricopa,AZ,Passenger,2,1,3,1678,1681,0.18
July 31 2020,Moore,NC,Passenger,0,2,2,159,161,1.24
January 31 2022,San Juan,WA,Truck,1,0,1,6020,6021,0.02
May 31 2022,Orange,FL,Passenger,2,0,2,99,101,1.98
February 28 2022,Maui,HI,Passenger,1,0,1,29,30,3.33
November 30 2020,Queens,NY,Passenger,1,0,1,55,56,1.79
February 28 2018,Mercer,NJ,Passenger,0,1,1,21,22,4.55
September 30 2017,Franklin,MA,Passenger,0,1,1,4,5,20.00
July 31 2021,Williams,ND,Passenger,0,1,1,7,8,12.50
December 31 2017,Clark,WA,Truck,0,0,0,78370,78370,0.00
September 30 2022,Island,WA,Truck,10,0,10,21241,21251,0.05
January 31 2019,Clallam,WA,Passenger,152,128,280,50404,50684,0.55
September 30 2023,Chelan,WA,Passenger,692,183,875,54159,55034,1.59
January 31 2017,Lincoln,WA,Passenger,2,4,6,7543,7549,0.08
February 28 2018,Caddo,LA,Passenger,0,1,1,23,24,4.17
February 28 2023,Garfield,WA,Truck,0,0,0,977,977,0.00
February 28 2022,Fort Bend,TX,Passenger,1,0,1,31,32,3.12
December 31 2021,Franklin,WA,Passenger,162,104,266,62273,62539,0.43
February 28 2018,Franklin,WA,Passenger,32,51,83,57003,57086,0.15
April 30 2024,El Paso,CO,Passenger,5,2,7,393,400,1.75
June 30 2022,Garfield,WA,Truck,0,0,0,981,981,0.00
November 30 2022,Yellowstone,MT,Passenger,0,1,1,17,18,5.56
September 30 2021,Lincoln,WA,Passenger,7,16,23,7679,7702,0.30
May 31 2017,Mason,WA,Passenger,51,64,115,43292,43407,0.26
July 31 2020,Kittitas,WA,Truck,0,0,0,14565,14565,0.00
June 30 2023,Adams,WA,Truck,3,0,3,5352,5355,0.06
March 31 2018,Frederick,MD,Passenger,0,1,1,87,88,1.14
July 31 2022,Philadelphia,PA,Passenger,1,0,1,43,44,2.27
February 28 2023,San Joaquin,CA,Passenger,1,1,2,87,89,2.25
January 31 2024,Asotin,WA,Passenger,44,25,69,12254,12323,0.56
February 28 2022,,,Passenger,5,2,7,328,335,2.09
May 31 2017,Prince George's,MD,Passenger,0,1,1,186,187,0.53
August 31 2023,Sonoma,CA,Passenger,3,1,4,62,66,6.06
May 31 2022,Suffolk,VA,Passenger,1,0,1,123,124,0.81
August 31 2021,Harford,MD,Passenger,0,1,1,52,53,1.89
March 31 2020,Jones,GA,Passenger,1,0,1,1,2,50.00
November 30 2019,Benton,WA,Truck,0,0,0,42415,42415,0.00
December 31 2022,San Bernardino,CA,Passenger,2,1,3,330,333,0.90
March 31 2022,Bartow,GA,Passenger,0,1,1,5,6,16.67
August 31 2018,Manassas,VA,Passenger,0,1,1,9,10,10.00
July 31 2022,Henrico,VA,Passenger,0,1,1,13,14,7.14
January 31 2022,Miami-Dade,FL,Passenger,1,0,1,94,95,1.05
June 30 2021,Loudoun,VA,Passenger,1,0,1,74,75,1.33
October 31 2018,Shasta,CA,Passenger,1,0,1,44,45,2.22
September 30 2023,Tarrant,TX,Passenger,1,0,1,83,84,1.19
December 31 2023,Essex,NJ,Passenger,2,0,2,8,10,20.00
January 31 2017,Chelan,WA,Passenger,54,28,82,51901,51983,0.16
January 31 2021,Cowlitz,WA,Passenger,188,129,317,72151,72468,0.44
April 30 2019,San Joaquin,CA,Passenger,1,0,1,141,142,0.70
January 31 2021,Anne Arundel,MD,Passenger,2,1,3,400,403,0.74
February 28 2022,Lincoln,OR,Passenger,0,1,1,32,33,3.03
May 31 2022,Collin,TX,Passenger,3,0,3,101,104,2.88
June 30 2021,Dakota,MN,Passenger,0,1,1,28,29,3.45
September 30 2019,Grays Harbor,WA,Passenger,89,89,178,48086,48264,0.37
February 28 2019,Flathead,MT,Passenger,1,0,1,61,62,1.61
August 31 2022,Wahkiakum,WA,Truck,1,0,1,1800,1801,0.06
April 30 2017,St. Lucie,FL,Passenger,1,0,1,32,33,3.03
August 31 2019,Larimer,CO,Passenger,1,0,1,57,58,1.72
February 28 2021,Douglas,WA,Truck,0,0,0,12512,12512,0.00
July 31 2020,Contra Costa,CA,Passenger,4,3,7,301,308,2.27
May 31 2020,Honolulu,HI,Passenger,4,2,6,471,477,1.26
January 31 2022,Boone,MO,Passenger,0,1,1,11,12,8.33
January 31 2024,Mercer,NJ,Passenger,0,1,1,7,8,12.50
June 30 2023,Thurston,WA,Truck,60,0,60,53974,54034,0.11
June 30 2021,Duval,FL,Passenger,0,2,2,351,353,0.57
February 28 2023,Santa Clara,CA,Passenger,11,4,15,213,228,6.58
April 30 2024,Alameda,CA,Passenger,3,1,4,124,128,3.12
January 31 2023,St. Mary's,MD,Passenger,1,0,1,182,183,0.55
March 31 2018,Grays Harbor,WA,Passenger,45,46,91,46086,46177,0.20
July 31 2018,Contra Costa,CA,Passenger,0,1,1,443,444,0.23
January 31 2021,Skamania,WA,Truck,0,0,0,4015,4015,0.00
April 30 2021,Alexandria,VA,Passenger,3,0,3,132,135,2.22
December 31 2022,Richland,SC,Passenger,0,1,1,123,124,0.81
August 31 2020,Loudoun,VA,Passenger,1,0,1,83,84,1.19
September 30 2021,Pend Oreille,WA,Truck,0,0,0,5685,5685,0.00
June 30 2019,Sangamon,IL,Passenger,1,0,1,6,7,14.29
May 31 2017,Wahkiakum,WA,Truck,0,0,0,1643,1643,0.00
April 30 2023,Essex,NJ,Passenger,2,0,2,10,12,16.67
September 30 2022,Napa,CA,Passenger,0,1,1,13,14,7.14
February 28 2022,Spokane,WA,Truck,0,0,0,102511,102511,0.00
June 30 2023,Okanogan,WA,Passenger,123,64,187,26204,26391,0.71
January 31 2022,Lincoln,WA,Passenger,6,17,23,7736,7759,0.30
April 30 2019,Clark,NV,Passenger,4,2,6,705,711,0.84
August 31 2019,Hennepin,MN,Passenger,3,1,4,108,112,3.57
January 31 2022,Ventura,CA,Passenger,2,2,4,258,262,1.53
July 31 2020,Prince George's,MD,Passenger,1,1,2,162,164,1.22
September 30 2022,Berkeley,SC,Passenger,0,1,1,119,120,0.83
July 31 2020,Greene,MO,Passenger,0,1,1,37,38,2.63
November 30 2022,Carroll,MD,Passenger,0,1,1,17,18,5.56
August 31 2019,Mason,WA,Passenger,130,125,255,47418,47673,0.53
September 30 2020,Orange,NC,Passenger,0,1,1,12,13,7.69
January 31 2020,Jefferson,WA,Truck,0,0,0,9658,9658,0.00
March 31 2022,Douglas,NE,Passenger,1,2,3,49,52,5.77
July 31 2021,Pulaski,MO,Passenger,1,0,1,139,140,0.71
April 30 2017,Island,WA,Passenger,108,129,237,59750,59987,0.40
March 31 2022,Powhatan,VA,Passenger,1,0,1,2,3,33.33
August 31 2020,Kauai,HI,Passenger,1,0,1,17,18,5.56
February 29 2020,Camden,NJ,Passenger,0,2,2,21,23,8.70
December 31 2022,Skamania,WA,Truck,0,0,0,3883,3883,0.00
October 31 2023,Prince George's,MD,Passenger,3,1,4,113,117,3.42
April 30 2019,Cochise,AZ,Passenger,0,1,1,116,117,0.85
February 28 2021,Carroll,NH,Passenger,0,1,1,5,6,16.67
November 30 2017,Clark,WA,Passenger,840,558,1398,303151,304549,0.46
March 31 2020,Cowlitz,WA,Truck,0,0,0,28847,28847,0.00
April 30 2017,Clark,NV,Passenger,1,3,4,865,869,0.46
April 30 2022,Hudson,NJ,Passenger,2,0,2,39,41,4.88
September 30 2017,Wahkiakum,WA,Truck,0,0,0,1667,1667,0.00
December 31 2020,Kauai,HI,Passenger,1,0,1,19,20,5.00
December 31 2023,Benton,WA,Passenger,1388,646,2034,135250,137284,1.48
December 31 2017,Stevens,WA,Truck,0,0,0,18373,18373,0.00
October 31 2020,Columbia,WA,Truck,0,0,0,1531,1531,0.00
December 31 2022,Lee,FL,Passenger,1,0,1,32,33,3.03
April 30 2022,Denton,TX,Passenger,2,0,2,65,67,2.99
June 30 2018,Manatee,FL,Passenger,1,0,1,38,39,2.56
September 30 2022,Fairfax,VA,Truck,1,0,1,107,108,0.93
April 30 2020,Williams,ND,Passenger,0,1,1,13,14,7.14
October 31 2019,Cowlitz,WA,Passenger,112,106,218,73559,73777,0.30
February 28 2019,Okanogan,WA,Truck,0,0,0,16469,16469,0.00
January 31 2021,Anchorage,AK,Passenger,1,0,1,152,153,0.65
April 30 2018,Tulsa,OK,Passenger,0,1,1,52,53,1.89
March 31 2019,Kern,CA,Passenger,0,1,1,229,230,0.43
June 30 2022,Dorchester,SC,Passenger,1,0,1,65,66,1.52
February 28 2021,Hudson,NJ,Passenger,1,0,1,41,42,2.38
April 30 2023,Richmond,NY,Passenger,1,0,1,4,5,20.00
June 30 2023,Ray,MO,Passenger,0,1,1,0,1,100.00
May 31 2023,Loudoun,VA,Passenger,2,1,3,59,62,4.84
January 31 2017,Palm Beach,FL,Passenger,0,1,1,106,107,0.93
January 31 2021,Asotin,WA,Truck,0,0,0,6687,6687,0.00
November 30 2022,Goochland,VA,Passenger,2,2,4,101,105,3.81
April 30 2020,Sumter,FL,Passenger,0,1,1,9,10,10.00
August 31 2023,Richmond,NY,Passenger,1,0,1,4,5,20.00
February 28 2017,San Juan,WA,Passenger,88,31,119,13400,13519,0.88
February 28 2017,Oklahoma,OK,Passenger,0,1,1,193,194,0.52
September 30 2023,Larimer,CO,Passenger,1,0,1,24,25,4.00
June 30 2017,Collier,FL,Passenger,1,0,1,22,23,4.35
May 31 2019,Mercer,NJ,Passenger,0,1,1,19,20,5.00
April 30 2024,Texas,MO,Passenger,1,0,1,1,2,50.00
February 29 2024,King,WA,Truck,1179,2,1181,170038,171219,0.69
August 31 2022,Kittitas,WA,Passenger,284,88,372,29591,29963,1.24
October 31 2022,Garfield,WA,Passenger,1,3,4,1304,1308,0.31
February 29 2020,Guadalupe,TX,Passenger,1,0,1,71,72,1.39
April 30 2024,Saratoga,NY,Passenger,1,1,2,24,26,7.69
August 31 2018,Yakima,WA,Truck,0,0,0,58608,58608,0.00
January 31 2022,Okanogan,WA,Passenger,70,47,117,26514,26631,0.44
January 31 2023,Ada,ID,Passenger,1,0,1,141,142,0.70
December 31 2022,Mercer,NJ,Passenger,0,1,1,15,16,6.25
August 31 2023,Washoe,NV,Passenger,2,0,2,53,55,3.64
February 28 2022,Ventura,CA,Passenger,2,2,4,256,260,1.54
December 31 2023,Kauai,HI,Passenger,0,1,1,13,14,7.14
February 28 2018,Adams,WA,Passenger,5,4,9,12453,12462,0.07
February 28 2022,Loudoun,VA,Passenger,1,0,1,68,69,1.45
May 31 2019,Thurston,WA,Truck,0,0,0,55078,55078,0.00
April 30 2018,Lane,OR,Passenger,0,1,1,192,193,0.52
October 31 2017,New London,CT,Passenger,1,0,1,242,243,0.41
September 30 2023,Escambia,FL,Passenger,0,1,1,130,131,0.76
May 31 2023,Howard,MD,Passenger,0,2,2,56,58,3.45
November 30 2023,New London,CT,Passenger,2,2,4,156,160,2.50
March 31 2018,Lewis,WA,Truck,0,0,0,25259,25259,0.00
January 31 2019,Hawaii,HI,Passenger,1,0,1,64,65,1.54
March 31 2021,Fairfax,VA,Passenger,5,4,9,722,731,1.23
June 30 2022,Kauai,HI,Passenger,1,0,1,18,19,5.26
May 31 2019,Washoe,NV,Passenger,2,0,2,115,117,1.71
November 30 2019,Lake,FL,Passenger,1,0,1,23,24,4.17
August 31 2022,Lincoln,OR,Passenger,0,1,1,25,26,3.85
April 30 2021,Spartanburg,SC,Passenger,0,1,1,55,56,1.79
October 31 2022,Wilson,TX,Passenger,0,1,1,3,4,25.00
February 28 2019,Adams,WA,Passenger,4,6,10,12666,12676,0.08
October 31 2018,Okanogan,WA,Passenger,15,21,36,26097,26133,0.14
August 31 2021,Whitman,WA,Truck,0,0,0,8572,8572,0.00
March 31 2019,Lake,CA,Passenger,0,1,1,11,12,8.33
April 30 2024,Benton,WA,Passenger,1537,685,2222,132472,134694,1.65
September 30 2019,Skamania,WA,Passenger,26,18,44,8778,8822,0.50
December 31 2020,Nueces,TX,Passenger,1,0,1,84,85,1.18
August 31 2023,Prince George's,MD,Passenger,3,1,4,115,119,3.36
August 31 2022,Owyhee,ID,Passenger,1,0,1,2,3,33.33
July 31 2020,Skagit,WA,Passenger,423,223,646,91278,91924,0.70
June 30 2020,Lewis,WA,Passenger,102,113,215,58162,58377,0.37
January 31 2019,Franklin,WA,Passenger,49,68,117,59311,59428,0.20
May 31 2022,Grays Harbor,WA,Passenger,205,158,363,49056,49419,0.73
August 31 2021,Wahkiakum,WA,Passenger,16,8,24,3078,3102,0.77
February 29 2020,Charles,MD,Passenger,0,1,1,81,82,1.22
November 30 2019,Multnomah,OR,Passenger,4,6,10,750,760,1.32
June 30 2018,Dakota,MN,Passenger,0,2,2,39,41,4.88
April 30 2022,Santa Cruz,CA,Passenger,1,0,1,31,32,3.12
February 28 2018,Snohomish,WA,Truck,1,0,1,121329,121330,0.00
September 30 2020,Lewis,WA,Passenger,111,119,230,58298,58528,0.39
March 31 2023,Clallam,WA,Passenger,508,276,784,49223,50007,1.57
April 30 2021,Chesapeake,VA,Passenger,0,2,2,411,413,0.48
February 29 2020,Santa Clara,CA,Passenger,8,2,10,352,362,2.76
April 30 2017,Alameda,CA,Passenger,2,1,3,385,388,0.77
March 31 2020,Allegheny,PA,Passenger,2,0,2,83,85,2.35
April 30 2022,Lee,FL,Passenger,1,0,1,35,36,2.78
March 31 2020,Stafford,VA,Passenger,1,1,2,96,98,2.04
April 30 2023,Asotin,WA,Truck,0,0,0,6602,6602,0.00
September 30 2019,Adams,WA,Truck,0,0,0,5137,5137,0.00
January 31 2017,Contra Costa,CA,Passenger,1,0,1,673,674,0.15
January 31 2022,Spartanburg,SC,Passenger,0,1,1,48,49,2.04
March 31 2022,DuPage,IL,Passenger,3,1,4,51,55,7.27
April 30 2021,Hawaii,HI,Passenger,1,0,1,53,54,1.85
June 30 2022,Norfolk,VA,Passenger,2,3,5,300,305,1.64
September 30 2020,Larimer,CO,Passenger,1,0,1,50,51,1.96
July 31 2020,Columbia,OR,Passenger,1,0,1,27,28,3.57
October 31 2020,King,WA,Truck,5,1,6,184008,184014,0.00
November 30 2021,Essex,NJ,Passenger,2,0,2,14,16,12.50
July 31 2022,Okaloosa,FL,Passenger,0,1,1,106,107,0.93
August 31 2018,Santa Fe,NM,Passenger,0,1,1,45,46,2.17
March 31 2023,Arapahoe,CO,Passenger,1,1,2,87,89,2.25
September 30 2023,Lake,IL,Passenger,3,0,3,115,118,2.54
September 30 2020,Brevard,FL,Passenger,0,1,1,85,86,1.16
September 30 2022,Kittitas,WA,Truck,4,0,4,14600,14604,0.03
October 31 2022,Washoe,NV,Passenger,1,0,1,66,67,1.49
September 30 2019,Norfolk,VA,Passenger,2,2,4,343,347,1.15
February 29 2020,Montgomery,AL,Passenger,0,1,1,38,39,2.56
January 31 2021,Maui,HI,Passenger,2,0,2,30,32,6.25
October 31 2020,Carson City,NV,Passenger,1,0,1,11,12,8.33
December 31 2017,Whatcom,WA,Passenger,533,227,760,145164,145924,0.52
June 30 2017,Grays Harbor,WA,Truck,0,0,0,19885,19885,0.00
April 30 2024,King,WA,Passenger,75487,18450,93937,1283961,1377898,6.82
July 31 2020,Norfolk,VA,Passenger,2,2,4,346,350,1.14
October 31 2020,Dallas,IA,Passenger,0,1,1,10,11,9.09
December 31 2019,King,WA,Truck,6,1,7,182175,182182,0.00
October 31 2017,Asotin,WA,Passenger,7,5,12,12472,12484,0.10
March 31 2024,Maui,HI,Passenger,1,0,1,19,20,5.00
August 31 2022,Providence,RI,Passenger,1,0,1,21,22,4.55
October 31 2022,Whitman,WA,Passenger,103,65,168,21914,22082,0.76
August 31 2020,Skamania,WA,Passenger,31,22,53,8367,8420,0.63
July 31 2023,Kent,DE,Passenger,1,0,1,40,41,2.44
March 31 2019,Cumberland,NC,Passenger,0,2,2,518,520,0.38
September 30 2021,Meade,KY,Passenger,1,0,1,27,28,3.57
August 31 2023,Collier,FL,Passenger,1,0,1,15,16,6.25
April 30 2017,Latah,ID,Passenger,0,1,1,123,124,0.81
January 31 2020,Suffolk,MA,Passenger,0,1,1,37,38,2.63
August 31 2017,Montgomery,PA,Passenger,1,0,1,40,41,2.44
October 31 2020,Columbia,OR,Passenger,1,0,1,26,27,3.70
March 31 2023,Yolo,CA,Passenger,1,0,1,27,28,3.57
August 31 2022,Okanogan,WA,Passenger,87,48,135,26283,26418,0.51
August 31 2021,Suffolk,MA,Passenger,0,2,2,29,31,6.45
August 31 2022,District of Columbia,DC,Passenger,2,0,2,165,167,1.20
July 31 2023,Jefferson,WA,Truck,12,0,12,9314,9326,0.13
December 31 2019,King,WA,Passenger,21947,7542,29489,1394237,1423726,2.07
August 31 2018,Sedgwick,KS,Passenger,0,1,1,102,103,0.97
April 30 2020,Columbia,WA,Passenger,3,3,6,2408,2414,0.25
August 31 2023,Hamilton,OH,Passenger,1,0,1,30,31,3.23
February 29 2024,Thurston,WA,Passenger,4011,1447,5458,187751,193209,2.82
November 30 2018,El Paso,TX,Passenger,1,0,1,492,493,0.20
February 28 2019,Douglas,WA,Truck,0,0,0,12165,12165,0.00
October 31 2022,Washington,MD,Passenger,2,0,2,12,14,14.29
September 30 2018,Franklin,MA,Passenger,0,1,1,1,2,50.00
February 28 2018,Grays Harbor,WA,Passenger,42,44,86,45886,45972,0.19
January 31 2017,Canyon,ID,Passenger,0,1,1,120,121,0.83
December 31 2017,Orleans,LA,Passenger,0,1,1,47,48,2.08
March 31 2019,Moore,NC,Passenger,0,1,1,177,178,0.56
December 31 2023,Riverside,CA,Passenger,5,0,5,348,353,1.42
October 31 2018,Kootenai,ID,Passenger,1,2,3,218,221,1.36
April 30 2023,Palm Beach,FL,Passenger,1,1,2,52,54,3.70
July 31 2020,Montgomery,OH,Passenger,0,1,1,48,49,2.04
October 31 2022,Kittitas,WA,Passenger,291,94,385,29562,29947,1.29
September 30 2019,Pacific,WA,Passenger,25,29,54,16071,16125,0.33
January 31 2024,Skagit,WA,Truck,35,0,35,31406,31441,0.11
April 30 2023,Montgomery,MD,Passenger,6,3,9,188,197,4.57
February 28 2021,Moore,NC,Passenger,0,1,1,141,142,0.70
February 29 2024,Leavenworth,KS,Passenger,0,1,1,72,73,1.37
November 30 2018,Juneau,AK,Passenger,0,1,1,43,44,2.27
April 30 2019,Cumberland,NC,Passenger,0,2,2,519,521,0.38
July 31 2021,San Joaquin,CA,Passenger,1,0,1,109,110,0.91
February 28 2022,Alexandria,VA,Passenger,4,0,4,112,116,3.45
January 31 2023,Adams,WA,Truck,1,0,1,5386,5387,0.02
January 31 2019,Wahkiakum,WA,Passenger,1,1,2,3004,3006,0.07
October 31 2022,Whatcom,WA,Truck,20,0,20,43071,43091,0.05
August 31 2022,Cumberland,PA,Passenger,1,0,1,43,44,2.27
December 31 2023,Dallas,TX,Passenger,1,0,1,69,70,1.43
April 30 2024,Wichita,TX,Passenger,2,0,2,29,31,6.45
October 31 2019,San Diego,CA,Passenger,11,3,14,2801,2815,0.50
April 30 2022,Okanogan,WA,Passenger,78,48,126,26446,26572,0.47
February 29 2020,Pima,AZ,Passenger,3,1,4,387,391,1.02
December 31 2022,Travis,TX,Passenger,3,1,4,98,102,3.92
May 31 2023,Ventura,CA,Passenger,3,2,5,224,229,2.18
April 30 2024,Frederick,MD,Passenger,1,1,2,42,44,4.55
April 30 2024,Orange,CA,Truck,1,0,1,54,55,1.82
October 31 2020,Adams,WA,Passenger,8,7,15,12930,12945,0.12
January 31 2019,Skagit,WA,Truck,1,0,1,32312,32313,0.00
March 31 2021,Arlington,VA,Passenger,0,1,1,143,144,0.69
September 30 2020,Ada,ID,Passenger,0,1,1,266,267,0.37
June 30 2022,Harris,TX,Passenger,1,0,1,173,174,0.57
April 30 2022,Yavapai,AZ,Passenger,0,1,1,32,33,3.03
March 31 2022,St. Lawrence,NY,Passenger,1,0,1,3,4,25.00
August 31 2020,Carson City,NV,Passenger,1,0,1,10,11,9.09
November 30 2017,Asotin,WA,Truck,0,0,0,6550,6550,0.00
September 30 2018,Dakota,MN,Passenger,0,2,2,33,35,5.71
May 31 2018,Orange,CA,Passenger,4,1,5,580,585,0.85
August 31 2022,Clark,NV,Passenger,9,2,11,520,531,2.07
July 31 2019,Polk,FL,Passenger,1,0,1,73,74,1.35
February 28 2021,Orange,NC,Passenger,0,1,1,12,13,7.69
May 31 2022,Charles,MD,Passenger,1,1,2,59,61,3.28
April 30 2023,Asotin,WA,Passenger,34,20,54,12335,12389,0.44
January 31 2020,Williamson,TX,Passenger,0,2,2,152,154,1.30
December 31 2022,Allen,IN,Passenger,1,0,1,18,19,5.26
September 30 2017,Whitman,WA,Truck,0,0,0,8428,8428,0.00
March 31 2022,Cowlitz,WA,Truck,0,1,1,28848,28849,0.00
April 30 2017,Whatcom,WA,Truck,2,0,2,41448,41450,0.00
November 30 2019,Jefferson,WA,Passenger,212,132,344,25177,25521,1.35
December 31 2021,Adams,WA,Passenger,17,14,31,13068,13099,0.24
April 30 2019,Brevard,FL,Passenger,0,1,1,88,89,1.12
February 28 2023,Richland,SC,Passenger,0,1,1,116,117,0.85
March 31 2018,San Mateo,CA,Passenger,1,1,2,136,138,1.45
November 30 2017,Whatcom,WA,Passenger,525,214,739,144628,145367,0.51
August 31 2023,Cochise,AZ,Passenger,1,0,1,60,61,1.64
December 31 2023,Sacramento,CA,Passenger,1,1,2,143,145,1.38
June 30 2017,Tulare,CA,Passenger,1,0,1,199,200,0.50
April 30 2020,Boulder,CO,Passenger,1,1,2,49,51,3.92
September 30 2023,Marion,OR,Passenger,1,0,1,53,54,1.85
April 30 2023,Douglas,WA,Truck,7,0,7,12917,12924,0.05
March 31 2021,Washtenaw,MI,Passenger,0,1,1,31,32,3.12
March 31 2022,Randolph,NC,Passenger,1,0,1,5,6,16.67
March 31 2018,Thurston,WA,Passenger,518,432,950,191084,192034,0.49
November 30 2021,Whitman,WA,Passenger,66,58,124,21916,22040,0.56
January 31 2019,Portsmouth,VA,Passenger,0,1,1,79,80,1.25
June 30 2017,Norfolk,VA,Passenger,1,1,2,316,318,0.63
September 30 2018,Jefferson,WA,Truck,0,0,0,9637,9637,0.00
November 30 2021,Larimer,CO,Passenger,1,0,1,49,50,2.00
September 30 2020,Columbia,OR,Passenger,1,0,1,26,27,3.70
March 31 2020,Skagit,WA,Passenger,391,216,607,92133,92740,0.65
July 31 2018,Grant,WA,Passenger,33,47,80,63265,63345,0.13
August 31 2019,Fresno,CA,Passenger,1,0,1,206,207,0.48
August 31 2021,Garfield,WA,Truck,0,0,0,1002,1002,0.00
April 30 2022,Houston,GA,Passenger,1,0,1,40,41,2.44
April 30 2023,Montgomery,PA,Passenger,1,0,1,20,21,4.76
June 30 2020,Harnett,NC,Passenger,1,0,1,209,210,0.48
September 30 2023,Jefferson,WA,Passenger,606,268,874,24196,25070,3.49
October 31 2023,Grays Harbor,WA,Truck,9,0,9,20842,20851,0.04
April 30 2019,Sangamon,IL,Passenger,2,0,2,7,9,22.22
January 31 2023,Essex,NJ,Passenger,2,0,2,11,13,15.38
June 30 2022,Douglas,WA,Passenger,132,58,190,28477,28667,0.66
August 31 2019,Okanogan,WA,Passenger,25,26,51,26179,26230,0.19
March 31 2022,Santa Clara,CA,Passenger,12,1,13,263,276,4.71
August 31 2022,Chelan,WA,Truck,5,0,5,23041,23046,0.02
February 29 2024,Jefferson,WA,Truck,20,0,20,9135,9155,0.22
September 30 2020,Miami-Dade,FL,Passenger,1,0,1,109,110,0.91
May 31 2020,San Mateo,CA,Passenger,0,1,1,123,124,0.81
August 31 2023,Goochland,VA,Passenger,2,2,4,49,53,7.55
October 31 2021,Penobscot,ME,Passenger,0,1,1,9,10,10.00
January 31 2024,Spokane,WA,Truck,70,0,70,100974,101044,0.07
March 31 2023,Skagit,WA,Truck,17,0,17,32009,32026,0.05
June 30 2023,San Juan,WA,Truck,11,0,11,5923,5934,0.19
February 28 2018,Columbia,WA,Passenger,2,1,3,2407,2410,0.12
August 31 2022,Sheridan,WY,Passenger,1,0,1,7,8,12.50
February 28 2021,Santa Clara,CA,Passenger,7,2,9,289,298,3.02
September 30 2017,Bexar,TX,Passenger,1,1,2,845,847,0.24
April 30 2020,Jefferson,CO,Passenger,0,1,1,55,56,1.79
December 31 2019,Montgomery,PA,Passenger,2,0,2,37,39,5.13
March 31 2022,Rock Island,IL,Passenger,0,1,1,14,15,6.67
March 31 2024,Las Animas,CO,Passenger,1,0,1,0,1,100.00
September 30 2022,Pierce,WA,Truck,46,0,46,140286,140332,0.03
April 30 2021,Mason,WA,Truck,0,0,0,21278,21278,0.00
October 31 2021,Skagit,WA,Truck,1,0,1,32816,32817,0.00
October 31 2019,Walla Walla,WA,Truck,0,0,0,13670,13670,0.00
February 28 2018,San Juan,WA,Passenger,140,48,188,13914,14102,1.33
April 30 2018,Frederick,MD,Passenger,0,1,1,86,87,1.15
February 28 2021,Lee,FL,Passenger,1,0,1,42,43,2.33
November 30 2020,Skagit,WA,Truck,1,0,1,32703,32704,0.00
December 31 2020,Lewis,WA,Truck,0,0,0,26622,26622,0.00
May 31 2019,Cumberland,NC,Passenger,0,2,2,513,515,0.39
August 31 2021,Kern,CA,Passenger,0,1,1,206,207,0.48
May 31 2021,Skamania,WA,Truck,0,0,0,4026,4026,0.00
March 31 2018,Canyon,ID,Passenger,0,1,1,96,97,1.03
May 31 2017,Klickitat,WA,Passenger,22,24,46,14789,14835,0.31
August 31 2018,Garfield,WA,Passenger,1,1,2,1318,1320,0.15
August 31 2017,Lincoln,WA,Passenger,1,5,6,7571,7577,0.08
December 31 2020,Lincoln,WA,Truck,0,0,0,4672,4672,0.00
May 31 2017,Mason,WA,Truck,0,0,0,19256,19256,0.00
November 30 2021,Frederick,MD,Passenger,1,1,2,72,74,2.70
May 31 2018,Sangamon,IL,Passenger,1,0,1,11,12,8.33
April 30 2019,Jefferson,WA,Truck,0,0,0,9648,9648,0.00
February 28 2021,Garfield,WA,Passenger,0,2,2,1355,1357,0.15
April 30 2021,Flathead,MT,Passenger,1,0,1,49,50,2.00
June 30 2022,Grant,WA,Passenger,175,99,274,66761,67035,0.41
March 31 2024,Asotin,WA,Passenger,46,24,70,12119,12189,0.57
June 30 2023,Pierce,WA,Truck,164,0,164,137203,137367,0.12
July 31 2022,Adams,WA,Truck,1,0,1,5456,5457,0.02
September 30 2017,Marin,CA,Passenger,1,0,1,58,59,1.69
February 29 2024,Albemarle,VA,Passenger,2,0,2,15,17,11.76
July 31 2018,Cowlitz,WA,Truck,0,0,0,28558,28558,0.00
August 31 2018,Wahkiakum,WA,Passenger,1,1,2,2959,2961,0.07
July 31 2019,Charleston,SC,Passenger,1,0,1,119,120,0.83
March 31 2018,Walla Walla,WA,Truck,0,0,0,13313,13313,0.00
June 30 2021,Grays Harbor,WA,Truck,0,0,0,21444,21444,0.00
October 31 2021,Harrison,MS,Passenger,2,0,2,54,56,3.57
June 30 2018,Santa Rosa,FL,Passenger,1,0,1,100,101,0.99
May 31 2021,Montgomery,MD,Passenger,2,1,3,230,233,1.29
March 31 2019,Middlesex,MA,Passenger,1,0,1,118,119,0.84
August 31 2020,Rogers,OK,Passenger,1,0,1,5,6,16.67
December 31 2021,Pacific,WA,Passenger,51,64,115,16057,16172,0.71
July 31 2019,Hawaii,HI,Passenger,1,0,1,64,65,1.54
March 31 2019,St. Mary's,MD,Passenger,1,0,1,211,212,0.47
October 31 2022,Anchorage,AK,Passenger,1,0,1,126,127,0.79
March 31 2020,Shasta,CA,Passenger,1,0,1,40,41,2.44
May 31 2021,Collier,FL,Passenger,1,0,1,21,22,4.55
June 30 2020,Oldham,KY,Passenger,0,1,1,4,5,20.00
April 30 2024,Thurston,WA,Passenger,4175,1487,5662,184647,190309,2.98
May 31 2019,Hawaii,HI,Passenger,1,0,1,67,68,1.47
August 31 2022,Placer,CA,Passenger,2,0,2,70,72,2.78
November 30 2018,Garfield,WA,Passenger,1,1,2,1330,1332,0.15
March 31 2022,San Diego,CA,Passenger,17,6,23,2494,2517,0.91
January 31 2019,Guadalupe,TX,Passenger,1,0,1,82,83,1.20
August 31 2022,Goochland,VA,Passenger,2,2,4,123,127,3.15
August 31 2018,Juneau,AK,Passenger,0,1,1,44,45,2.22
June 30 2019,Santa Clara,CA,Passenger,5,2,7,378,385,1.82
September 30 2018,Cumberland,NC,Passenger,0,1,1,539,540,0.19
May 31 2022,Providence,RI,Passenger,1,0,1,23,24,4.17
March 31 2024,Pitt,NC,Passenger,0,1,1,4,5,20.00
August 31 2017,Snohomish,WA,Passenger,1848,941,2789,513658,516447,0.54
August 31 2017,Wahkiakum,WA,Passenger,0,2,2,2834,2836,0.07
February 28 2023,Clallam,WA,Passenger,505,272,777,49295,50072,1.55
January 31 2021,Bexar,TX,Passenger,2,5,7,595,602,1.16
June 30 2023,Coryell,TX,Passenger,1,0,1,77,78,1.28
December 31 2023,Middlesex,NJ,Passenger,1,0,1,18,19,5.26
June 30 2018,Flathead,MT,Passenger,1,0,1,54,55,1.82
May 31 2018,Lake,CA,Passenger,0,1,1,8,9,11.11
December 31 2021,Whatcom,WA,Truck,4,0,4,43672,43676,0.01
April 30 2023,Grays Harbor,WA,Truck,4,0,4,20972,20976,0.02
September 30 2020,Lewis,WA,Truck,0,0,0,26448,26448,0.00
February 28 2018,Whitman,WA,Truck,0,0,0,8457,8457,0.00
December 31 2020,Snohomish,WA,Truck,0,0,0,125679,125679,0.00
October 31 2019,Benton,WA,Passenger,306,302,608,134903,135511,0.45
June 30 2019,Fairfax,VA,Passenger,4,2,6,783,789,0.76
May 31 2017,Franklin,OH,Passenger,0,1,1,123,124,0.81
September 30 2021,Polk,FL,Passenger,1,0,1,67,68,1.47
February 28 2021,Sarasota,FL,Passenger,2,0,2,35,37,5.41
January 31 2018,Sangamon,IL,Passenger,1,0,1,11,12,8.33
September 30 2023,Gwinnett,GA,Passenger,1,0,1,39,40,2.50
January 31 2020,Pierce,WA,Passenger,2229,1678,3907,550374,554281,0.70
July 31 2021,Benton,WA,Passenger,538,396,934,136192,137126,0.68
January 31 2017,Pacific,WA,Passenger,5,6,11,15026,15037,0.07
February 29 2024,Skamania,WA,Truck,3,0,3,3762,3765,0.08
June 30 2018,Charleston,SC,Passenger,1,0,1,126,127,0.79
April 30 2017,Allegheny,PA,Passenger,1,0,1,93,94,1.06
October 31 2019,Richland,SC,Passenger,0,1,1,159,160,0.62
November 30 2019,Montgomery,OH,Passenger,0,1,1,48,49,2.04
December 31 2023,Burlington,NJ,Passenger,2,2,4,84,88,4.55
January 31 2017,Portsmouth,VA,Passenger,0,1,1,63,64,1.56
December 31 2017,Sangamon,IL,Passenger,1,0,1,10,11,9.09
April 30 2023,Hamilton,OH,Truck,1,0,1,4,5,20.00
September 30 2022,Clallam,WA,Passenger,443,249,692,49444,50136,1.38
February 28 2021,Maricopa,AZ,Passenger,5,8,13,1393,1406,0.92
September 30 2018,Pacific,WA,Truck,0,0,0,7629,7629,0.00
April 30 2020,RÃ­o Grande,PR,Passenger,1,0,1,1,2,50.00
April 30 2019,Anne Arundel,MD,Passenger,0,1,1,446,447,0.22
December 31 2022,Madison,IL,Passenger,1,0,1,16,17,5.88
January 31 2017,Monroe,NY,Passenger,1,0,1,31,32,3.12
November 30 2018,Lee,AL,Passenger,1,0,1,37,38,2.63
March 31 2019,Wahkiakum,WA,Passenger,1,1,2,3006,3008,0.07
May 31 2019,Clay,FL,Passenger,0,1,1,89,90,1.11
September 30 2022,Okaloosa,FL,Passenger,0,1,1,102,103,0.97
November 30 2020,DuPage,IL,Passenger,4,1,5,57,62,8.06
July 31 2022,Santa Cruz,CA,Passenger,1,0,1,28,29,3.45
May 31 2021,Ray,MO,Passenger,0,1,1,1,2,50.00
April 30 2021,Marion,IA,Passenger,1,0,1,1,2,50.00
May 31 2019,Adams,WA,Passenger,5,6,11,12709,12720,0.09
August 31 2020,Honolulu,HI,Passenger,4,2,6,462,468,1.28
November 30 2022,Lake,IN,Passenger,0,1,1,11,12,8.33
November 30 2017,Juneau,AK,Passenger,0,1,1,45,46,2.17
October 31 2017,Lumpkin,GA,Passenger,1,0,1,9,10,10.00
December 31 2019,Franklin,WA,Passenger,54,75,129,60965,61094,0.21
April 30 2024,Columbia,WA,Passenger,10,0,10,2339,2349,0.43
September 30 2019,Prince George's,MD,Passenger,1,1,2,180,182,1.10
July 31 2022,Sonoma,CA,Passenger,0,1,1,88,89,1.12
November 30 2019,Norfolk,MA,Passenger,1,0,1,39,40,2.50
March 31 2021,Wichita,TX,Passenger,1,0,1,43,44,2.27
February 29 2020,Rockingham,NH,Passenger,1,0,1,27,28,3.57
July 31 2022,Garfield,WA,Truck,0,0,0,973,973,0.00
February 28 2019,Twin Falls,ID,Passenger,0,1,1,21,22,4.55
May 31 2018,Skamania,WA,Truck,0,0,0,3918,3918,0.00
June 30 2017,Island,WA,Truck,0,0,0,20498,20498,0.00
November 30 2019,Sarasota,FL,Passenger,2,0,2,34,36,5.56
June 30 2019,Volusia,FL,Passenger,0,1,1,41,42,2.38
October 31 2018,Yakima,WA,Truck,0,0,0,58746,58746,0.00
April 30 2020,Mason,WA,Truck,0,0,0,20525,20525,0.00
April 30 2020,Fresno,CA,Passenger,1,0,1,200,201,0.50
September 30 2021,Columbia,WA,Passenger,7,2,9,2447,2456,0.37
August 31 2021,Providence,RI,Passenger,1,0,1,26,27,3.70
July 31 2022,Louisa,VA,Passenger,0,1,1,1,2,50.00
July 31 2018,Franklin,WA,Passenger,38,66,104,58167,58271,0.18
March 31 2017,Eagle,CO,Passenger,1,0,1,8,9,11.11
August 31 2018,Ventura,CA,Passenger,0,2,2,324,326,0.61
November 30 2023,Orange,CA,Passenger,8,3,11,285,296,3.72
July 31 2021,Fort Bend,TX,Passenger,1,0,1,35,36,2.78
January 31 2019,Houston,GA,Passenger,1,0,1,52,53,1.89
November 30 2020,Oldham,KY,Passenger,0,1,1,4,5,20.00
December 31 2017,Yakima,WA,Truck,0,0,0,58002,58002,0.00
July 31 2023,Ferry,WA,Truck,0,0,0,3588,3588,0.00
October 31 2020,Washington,OR,Passenger,1,0,1,441,442,0.23
June 30 2017,Sangamon,IL,Passenger,1,0,1,11,12,8.33
September 30 2019,Pima,AZ,Passenger,2,1,3,403,406,0.74
April 30 2022,Orange,CA,Passenger,6,3,9,407,416,2.16
July 31 2023,Kootenai,ID,Passenger,0,1,1,117,118,0.85
December 31 2022,Boulder,CO,Passenger,2,0,2,43,45,4.44
March 31 2023,Providence,RI,Passenger,1,0,1,18,19,5.26
September 30 2022,Cowlitz,WA,Passenger,368,180,548,70291,70839,0.77
August 31 2017,Virginia Beach,VA,Passenger,2,1,3,639,642,0.47
January 31 2018,Garfield,WA,Passenger,1,0,1,1329,1330,0.08
March 31 2020,Columbia,OR,Passenger,1,0,1,26,27,3.70
December 31 2023,Caddo,LA,Passenger,2,0,2,9,11,18.18
September 30 2018,Walla Walla,WA,Truck,0,0,0,13495,13495,0.00
August 31 2022,Pierce,WA,Truck,34,0,34,140658,140692,0.02
January 31 2024,Anne Arundel,MD,Passenger,4,3,7,275,282,2.48
May 31 2018,Canyon,ID,Passenger,0,1,1,90,91,1.10
February 29 2024,Brown,WI,Passenger,1,0,1,5,6,16.67
June 30 2020,Cowlitz,WA,Truck,0,0,0,28861,28861,0.00
March 31 2020,El Paso,TX,Passenger,3,0,3,439,442,0.68
December 31 2021,St. Clair,IL,Passenger,1,0,1,123,124,0.81
November 30 2018,Rogers,OK,Passenger,1,0,1,7,8,12.50
January 31 2022,Bartow,GA,Passenger,0,1,1,5,6,16.67
December 31 2019,Oldham,KY,Passenger,0,1,1,4,5,20.00
November 30 2019,Whatcom,WA,Passenger,965,470,1435,151541,152976,0.94
December 31 2022,Skagit,WA,Passenger,920,356,1276,89325,90601,1.41
May 31 2022,San Diego,CA,Passenger,17,7,24,2441,2465,0.97
April 30 2022,Fairfax,VA,Passenger,6,3,9,662,671,1.34
December 31 2022,Hardin,KY,Passenger,1,0,1,58,59,1.69
May 31 2021,Queens,NY,Passenger,2,0,2,53,55,3.64
January 31 2018,Santa Clara,CA,Passenger,7,1,8,398,406,1.97
July 31 2019,Brevard,FL,Passenger,0,1,1,87,88,1.14
July 31 2017,Mercer,NJ,Passenger,0,1,1,19,20,5.00
February 28 2022,Lake,IN,Passenger,0,1,1,9,10,10.00
October 31 2022,Owyhee,ID,Passenger,1,0,1,3,4,25.00
May 31 2022,Sedgwick,KS,Passenger,1,1,2,78,80,2.50
April 30 2021,Randolph,NC,Passenger,1,0,1,8,9,11.11
April 30 2022,Garfield,WA,Truck,0,0,0,989,989,0.00
October 31 2023,Oldham,KY,Passenger,0,1,1,3,4,25.00
February 28 2017,Columbia,WA,Passenger,0,1,1,2338,2339,0.04
September 30 2021,Rogers,OK,Passenger,1,0,1,4,5,20.00
March 31 2019,DeKalb,IN,Passenger,1,0,1,1,2,50.00
January 31 2022,Thurston,WA,Passenger,1918,972,2890,196099,198989,1.45
January 31 2022,Chelan,WA,Passenger,421,117,538,54569,55107,0.98
April 30 2022,Wahkiakum,WA,Passenger,20,11,31,3076,3107,1.00
July 31 2021,Pima,AZ,Passenger,2,1,3,299,302,0.99
February 28 2023,Skagit,WA,Truck,13,0,13,32037,32050,0.04
June 30 2019,Moore,NC,Passenger,0,1,1,185,186,0.54
February 28 2022,Anne Arundel,MD,Passenger,3,1,4,365,369,1.08
November 30 2023,Goochland,VA,Passenger,2,2,4,40,44,9.09
September 30 2020,New Haven,CT,Passenger,0,2,2,34,36,5.56
September 30 2019,Boulder,CO,Passenger,1,1,2,52,54,3.70
February 28 2022,Boone,MO,Passenger,0,1,1,11,12,8.33
February 28 2021,Okanogan,WA,Passenger,56,35,91,26115,26206,0.35
February 28 2018,Pend Oreille,WA,Truck,0,0,0,5633,5633,0.00
February 28 2022,Los Angeles,CA,Passenger,8,7,15,882,897,1.67
December 31 2018,Cochise,AZ,Passenger,0,1,1,119,120,0.83
January 31 2021,Okanogan,WA,Truck,0,0,0,16583,16583,0.00
September 30 2023,Whitman,WA,Truck,5,0,5,8674,8679,0.06
May 31 2020,Mercer,NJ,Passenger,0,1,1,17,18,5.56
June 30 2021,Cook,IL,Passenger,1,0,1,224,225,0.44
January 31 2024,Kootenai,ID,Passenger,0,1,1,88,89,1.12
March 31 2021,Jones,GA,Passenger,1,0,1,1,2,50.00
May 31 2020,Snohomish,WA,Truck,0,0,0,123346,123346,0.00
February 29 2024,Thurston,WA,Truck,106,0,106,52788,52894,0.20
October 31 2021,Montgomery,TX,Passenger,1,1,2,44,46,4.35
October 31 2022,Manassas,VA,Passenger,0,1,1,8,9,11.11
May 31 2021,Portsmouth,VA,Passenger,0,1,1,78,79,1.27
March 31 2017,Jackson,MO,Passenger,1,0,1,70,71,1.41
January 31 2019,Klamath,OR,Passenger,1,0,1,39,40,2.50
November 30 2018,Pierce,WA,Truck,0,0,0,139017,139017,0.00
July 31 2021,Adams,WA,Truck,0,0,0,5391,5391,0.00
November 30 2019,Alexandria,VA,Passenger,1,0,1,144,145,0.69
October 31 2022,Calvert,MD,Passenger,0,2,2,82,84,2.38
August 31 2020,Albemarle,VA,Passenger,1,0,1,22,23,4.35
April 30 2018,Whatcom,WA,Truck,2,0,2,42123,42125,0.00
August 31 2020,Grant,WA,Passenger,66,75,141,65386,65527,0.22
February 28 2017,Dane,WI,Passenger,1,0,1,170,171,0.58
July 31 2020,Middlesex,MA,Passenger,1,0,1,96,97,1.03
April 30 2020,Henrico,VA,Passenger,0,1,1,20,21,4.76
May 31 2020,Spokane,WA,Truck,1,0,1,97665,97666,0.00
June 30 2021,Stevens,WA,Passenger,46,45,91,30453,30544,0.30
February 28 2019,Garfield,WA,Truck,0,0,0,960,960,0.00
September 30 2017,Ferry,WA,Truck,0,0,0,3540,3540,0.00
July 31 2021,Columbia,OR,Passenger,1,0,1,22,23,4.35
April 30 2022,Prince George's,MD,Passenger,2,1,3,140,143,2.10
April 30 2022,Kootenai,ID,Passenger,0,1,1,167,168,0.60
September 30 2022,Collin,TX,Passenger,3,0,3,85,88,3.41
April 30 2017,Tarrant,TX,Passenger,0,2,2,273,275,0.73
February 29 2020,Skamania,WA,Truck,0,0,0,4099,4099,0.00
March 31 2018,Lumpkin,GA,Passenger,1,0,1,7,8,12.50
January 31 2022,Hennepin,MN,Passenger,3,0,3,72,75,4.00
December 31 2020,Nassau,FL,Passenger,1,0,1,33,34,2.94
April 30 2021,Benton,WA,Passenger,494,376,870,136027,136897,0.64
May 31 2017,Kitsap,WA,Truck,1,0,1,52380,52381,0.00
November 30 2022,Fairbanks North Star,AK,Passenger,0,1,1,69,70,1.43
August 31 2021,Whatcom,WA,Truck,4,0,4,43846,43850,0.01
October 31 2020,Howard,MD,Passenger,0,1,1,70,71,1.41
April 30 2022,Whitman,WA,Passenger,83,56,139,22010,22149,0.63
October 31 2020,Stevens,WA,Passenger,37,39,76,30352,30428,0.25
October 31 2022,Jefferson,NY,Passenger,1,0,1,213,214,0.47
February 28 2023,Camden,NJ,Passenger,0,1,1,13,14,7.14
September 30 2019,Valencia,NM,Passenger,1,0,1,8,9,11.11
July 31 2018,Skagit,WA,Truck,1,0,1,32115,32116,0.00
March 31 2021,Skagit,WA,Truck,1,0,1,32919,32920,0.00
August 31 2018,Bexar,TX,Passenger,3,4,7,746,753,0.93
April 30 2023,Kings,CA,Passenger,2,2,4,288,292,1.37
January 31 2023,Hawaii,HI,Passenger,1,0,1,32,33,3.03
July 31 2017,Orleans,LA,Passenger,0,1,1,47,48,2.08
June 30 2023,Solano,CA,Passenger,5,0,5,143,148,3.38
August 31 2020,Adams,WA,Truck,0,0,0,5301,5301,0.00
March 31 2021,Eagle,CO,Passenger,1,0,1,7,8,12.50
February 28 2022,Wood,OH,Passenger,0,1,1,7,8,12.50
August 31 2021,King,WA,Truck,5,1,6,183975,183981,0.00
March 31 2019,,,Passenger,5,2,7,419,426,1.64
December 31 2020,Anne Arundel,MD,Passenger,1,1,2,400,402,0.50
January 31 2022,Arlington,VA,Passenger,1,0,1,138,139,0.72
November 30 2020,Okaloosa,FL,Passenger,0,1,1,144,145,0.69
December 31 2022,Santa Cruz,CA,Passenger,1,0,1,23,24,4.17
December 31 2021,Plaquemines,LA,Passenger,0,1,1,19,20,5.00
May 31 2021,El Dorado,CA,Passenger,1,0,1,33,34,2.94
July 31 2022,Hawaii,HI,Passenger,1,0,1,40,41,2.44
October 31 2020,Williamson,TX,Passenger,0,2,2,138,140,1.43
January 31 2022,Meade,KY,Passenger,1,0,1,26,27,3.70
July 31 2019,Shelby,OH,Passenger,0,1,1,2,3,33.33
May 31 2021,Lincoln,WA,Passenger,5,13,18,7731,7749,0.23
February 28 2023,Solano,CA,Passenger,4,0,4,150,154,2.60
March 31 2022,Nassau,NY,Passenger,3,0,3,35,38,7.89
January 31 2023,Sarasota,FL,Passenger,1,0,1,27,28,3.57
October 31 2022,Montgomery,AL,Passenger,0,1,1,36,37,2.70
October 31 2022,Fredericksburg,VA,Passenger,1,0,1,6,7,14.29
September 30 2018,Grays Harbor,WA,Truck,0,0,0,20303,20303,0.00
December 31 2020,Asotin,WA,Truck,0,0,0,6673,6673,0.00
May 31 2023,Napa,CA,Passenger,0,1,1,13,14,7.14
March 31 2020,Montgomery,TX,Passenger,1,0,1,56,57,1.75
June 30 2018,Santa Fe,NM,Passenger,0,1,1,43,44,2.27
October 31 2022,Suffolk,VA,Passenger,1,0,1,118,119,0.84
December 31 2019,Maui,HI,Passenger,2,0,2,42,44,4.55
December 31 2020,Broward,FL,Passenger,2,1,3,111,114,2.63
August 31 2019,Fulton,GA,Passenger,0,3,3,107,110,2.73
November 30 2022,Clark,WA,Passenger,4775,1976,6751,314685,321436,2.10
April 30 2017,Bergen,NJ,Passenger,0,2,2,33,35,5.71
November 30 2023,Palm Beach,FL,Passenger,0,1,1,39,40,2.50
February 28 2021,Duval,FL,Passenger,0,2,2,359,361,0.55
November 30 2019,Stevens,WA,Passenger,32,30,62,31587,31649,0.20
June 30 2019,Bexar,TX,Passenger,2,5,7,678,685,1.02
January 31 2020,Clallam,WA,Truck,1,0,1,21847,21848,0.00
October 31 2022,Deschutes,OR,Passenger,1,0,1,84,85,1.18
January 31 2017,Juneau,AK,Passenger,0,1,1,59,60,1.67
April 30 2024,Yakima,WA,Truck,18,0,18,58573,58591,0.03
January 31 2021,Jefferson,WA,Truck,0,0,0,9594,9594,0.00
October 31 2020,Whatcom,WA,Truck,3,0,3,43454,43457,0.01
September 30 2022,Yakima,WA,Passenger,377,210,587,166390,166977,0.35
November 30 2018,Adams,WA,Passenger,5,5,10,12744,12754,0.08
March 31 2023,Allen,IN,Passenger,1,0,1,17,18,5.56
May 31 2020,Thurston,WA,Passenger,1136,731,1867,196681,198548,0.94
September 30 2019,Adams,WA,Passenger,5,5,10,12881,12891,0.08
December 31 2023,Lake,IL,Passenger,5,0,5,119,124,4.03
April 30 2019,Adams,WA,Truck,0,0,0,5101,5101,0.00
April 30 2021,Williams,ND,Passenger,0,1,1,9,10,10.00
July 31 2017,Alameda,CA,Passenger,1,1,2,363,365,0.55
November 30 2022,Fairfax,VA,Truck,1,0,1,104,105,0.95
September 30 2021,Clackamas,OR,Passenger,2,0,2,173,175,1.14
May 31 2020,Saginaw,MI,Passenger,1,0,1,12,13,7.69
February 28 2022,Williamsburg,VA,Passenger,0,1,1,6,7,14.29
October 31 2017,Pierce,WA,Passenger,1040,916,1956,525361,527317,0.37
March 31 2020,Island,WA,Passenger,406,270,676,63174,63850,1.06
July 31 2021,Palm Beach,FL,Passenger,0,1,1,73,74,1.35
September 30 2018,Adams,WA,Truck,0,0,0,5156,5156,0.00
April 30 2022,Ventura,CA,Passenger,2,2,4,252,256,1.56
June 30 2022,Cook,IL,Passenger,2,0,2,207,209,0.96
November 30 2020,Jones,GA,Passenger,1,0,1,1,2,50.00
November 30 2020,Thurston,WA,Passenger,1290,762,2052,197043,199095,1.03
July 31 2022,Essex,NJ,Passenger,2,0,2,13,15,13.33
February 28 2023,Ada,ID,Passenger,2,0,2,138,140,1.43
March 31 2024,Autauga,AL,Passenger,2,1,3,9,12,25.00
May 31 2021,Nassau,NY,Passenger,3,0,3,33,36,8.33
October 31 2021,Deschutes,OR,Passenger,1,0,1,116,117,0.85
September 30 2020,Columbia,WA,Passenger,4,3,7,2422,2429,0.29
July 31 2022,Honolulu,HI,Passenger,5,3,8,375,383,2.09
April 30 2018,St. Clair,IL,Passenger,0,1,1,154,155,0.65
March 31 2017,Moore,NC,Passenger,0,1,1,208,209,0.48
August 31 2021,Washtenaw,MI,Passenger,0,1,1,29,30,3.33
July 31 2018,Washington,OR,Passenger,0,1,1,485,486,0.21
November 30 2020,Riverside,CA,Passenger,4,1,5,612,617,0.81
April 30 2019,Jefferson,NY,Passenger,0,1,1,224,225,0.44
May 31 2021,San Joaquin,CA,Passenger,1,0,1,112,113,0.88
November 30 2019,Broward,FL,Passenger,2,1,3,127,130,2.31
April 30 2020,Placer,CA,Passenger,2,0,2,97,99,2.02
May 31 2019,Cochise,AZ,Passenger,0,1,1,113,114,0.88
October 31 2022,Eagle,CO,Passenger,1,0,1,7,8,12.50
December 31 2018,Franklin,MA,Passenger,0,1,1,1,2,50.00
December 31 2023,Pierce,WA,Passenger,9453,3207,12660,524021,536681,2.36
August 31 2023,DuPage,IL,Passenger,2,1,3,32,35,8.57
November 30 2017,Okanogan,WA,Passenger,5,17,22,25720,25742,0.09
December 31 2021,Fairfax,VA,Passenger,4,4,8,688,696,1.15
June 30 2022,Stevens,WA,Truck,0,0,0,18923,18923,0.00
June 30 2017,Whitman,WA,Truck,0,0,0,8428,8428,0.00
July 31 2017,Island,WA,Truck,0,0,0,20497,20497,0.00
August 31 2017,Gwinnett,GA,Passenger,0,1,1,88,89,1.12
January 31 2023,Danville,VA,Passenger,1,0,1,0,1,100.00
August 31 2021,Eagle,CO,Passenger,1,0,1,8,9,11.11
October 31 2023,Clark,NV,Passenger,7,2,9,375,384,2.34
April 30 2022,St. Mary's,MD,Passenger,1,0,1,200,201,0.50
February 28 2021,Ramsey,MN,Passenger,1,0,1,36,37,2.70
September 30 2021,San Bernardino,CA,Passenger,1,0,1,393,394,0.25
March 31 2022,Solano,CA,Passenger,1,0,1,174,175,0.57
June 30 2023,Platte,MO,Passenger,1,0,1,21,22,4.55
August 31 2023,Las Animas,CO,Passenger,1,0,1,0,1,100.00
January 31 2023,Harford,MD,Passenger,1,1,2,41,43,4.65
April 30 2019,Clay,FL,Passenger,0,1,1,89,90,1.11
October 31 2023,Portsmouth,VA,Passenger,0,1,1,63,64,1.56
October 31 2019,Williamson,TX,Passenger,0,2,2,151,153,1.31
January 31 2024,Charles,MD,Passenger,1,1,2,49,51,3.92
November 30 2023,Douglas,WA,Passenger,243,80,323,28835,29158,1.11
May 31 2017,Lewis,WA,Passenger,49,35,84,55363,55447,0.15
November 30 2022,San Juan,WA,Truck,7,0,7,5934,5941,0.12
September 30 2022,Allegheny,PA,Passenger,2,1,3,65,68,4.41
August 31 2018,Norfolk,VA,Passenger,2,2,4,337,341,1.17
May 31 2020,Pulaski,MO,Passenger,1,0,1,148,149,0.67
September 30 2023,Collier,FL,Passenger,1,0,1,15,16,6.25
January 31 2023,King,WA,Truck,462,2,464,177818,178282,0.26
September 30 2017,Benton,WA,Passenger,163,150,313,129245,129558,0.24
July 31 2018,Grays Harbor,WA,Passenger,54,62,116,46756,46872,0.25
September 30 2017,Anne Arundel,MD,Passenger,0,1,1,493,494,0.20
October 31 2018,Maricopa,AZ,Passenger,3,2,5,1630,1635,0.31
January 31 2023,Honolulu,HI,Passenger,4,3,7,336,343,2.04
January 31 2020,Montgomery,AL,Passenger,0,1,1,38,39,2.56
April 30 2024,Stafford,VA,Passenger,3,0,3,66,69,4.35
November 30 2022,Alexandria,VA,Passenger,4,1,5,98,103,4.85
November 30 2020,Randolph,NC,Passenger,1,0,1,7,8,12.50
May 31 2023,Carroll,MD,Passenger,0,1,1,17,18,5.56
May 31 2017,Whitman,WA,Truck,0,0,0,8393,8393,0.00
January 31 2022,Alexandria,VA,Passenger,4,0,4,111,115,3.48
August 31 2019,San Juan,WA,Truck,0,0,0,5889,5889,0.00
June 30 2021,Allegheny,PA,Passenger,2,1,3,73,76,3.95
March 31 2024,Sonoma,CA,Passenger,2,1,3,60,63,4.76
September 30 2018,Ramsey,MN,Passenger,1,0,1,42,43,2.33
March 31 2018,Collier,FL,Passenger,1,0,1,21,22,4.55
February 29 2024,Essex,MA,Passenger,1,0,1,11,12,8.33
July 31 2017,Snohomish,WA,Truck,1,0,1,121764,121765,0.00
August 31 2019,Columbia,WA,Truck,0,0,0,1531,1531,0.00
December 31 2022,Grant,WA,Passenger,231,112,343,66797,67140,0.51
February 29 2024,Maui,HI,Passenger,1,0,1,19,20,5.00
August 31 2020,Wahkiakum,WA,Passenger,6,6,12,3028,3040,0.39
March 31 2017,San Diego,CA,Passenger,5,1,6,2806,2812,0.21
April 30 2018,Orange,CA,Passenger,3,1,4,586,590,0.68
January 31 2021,Clackamas,OR,Passenger,3,0,3,182,185,1.62
March 31 2018,Lee,AL,Passenger,1,0,1,33,34,2.94
June 30 2023,St. Louis,MN,Passenger,0,1,1,7,8,12.50
May 31 2021,Wilson,TX,Passenger,0,1,1,4,5,20.00
March 31 2021,Skagit,WA,Passenger,539,260,799,91553,92352,0.87
October 31 2022,Lewis,WA,Passenger,260,182,442,59816,60258,0.73
February 28 2023,Asotin,WA,Passenger,30,20,50,12416,12466,0.40
June 30 2022,New London,CT,Passenger,3,3,6,185,191,3.14
December 31 2018,Jefferson,CO,Passenger,0,2,2,59,61,3.28
February 28 2023,Providence,RI,Passenger,1,0,1,18,19,5.26
September 30 2019,Rogers,OK,Passenger,1,0,1,6,7,14.29
February 28 2021,Franklin,WA,Truck,0,0,0,20506,20506,0.00
November 30 2018,San Juan,WA,Truck,0,0,0,5804,5804,0.00
April 30 2023,Carroll,MD,Passenger,0,1,1,18,19,5.26
April 30 2022,Duval,FL,Passenger,0,2,2,304,306,0.65
July 31 2021,Powhatan,VA,Passenger,1,0,1,1,2,50.00
August 31 2018,Monroe,IL,Passenger,1,0,1,4,5,20.00
August 31 2020,Williams,ND,Passenger,0,1,1,11,12,8.33
December 31 2017,Grant,WA,Truck,0,0,0,25585,25585,0.00
May 31 2023,Santa Clara,CA,Passenger,11,3,14,197,211,6.64
May 31 2018,Contra Costa,CA,Passenger,0,1,1,446,447,0.22
September 30 2022,Walla Walla,WA,Passenger,187,104,291,35802,36093,0.81
August 31 2021,Cook,IL,Passenger,1,0,1,222,223,0.45
December 31 2023,Brown,WI,Passenger,1,0,1,5,6,16.67
March 31 2024,Clallam,WA,Truck,29,0,29,21109,21138,0.14
July 31 2017,Dallas,TX,Passenger,0,1,1,184,185,0.54
April 30 2020,Pinellas,FL,Passenger,1,1,2,116,118,1.69
May 31 2022,New York,NY,Passenger,2,0,2,42,44,4.55
January 31 2024,Whitman,WA,Truck,9,0,9,8600,8609,0.10
October 31 2020,Larimer,CO,Passenger,1,0,1,49,50,2.00
January 31 2018,Sumter,FL,Passenger,0,1,1,10,11,9.09
December 31 2022,Rock Island,IL,Passenger,0,1,1,14,15,6.67
April 30 2024,Spokane,WA,Truck,99,0,99,98507,98606,0.10
November 30 2019,Adams,WA,Passenger,6,7,13,12921,12934,0.10
May 31 2021,Dallas,TX,Passenger,1,0,1,170,171,0.58
March 31 2018,Hamilton,TN,Passenger,1,0,1,23,24,4.17
May 31 2021,Maui,HI,Passenger,2,0,2,30,32,6.25
November 30 2018,DeKalb,IN,Passenger,1,0,1,1,2,50.00
February 28 2022,Adams,WA,Truck,0,0,0,5458,5458,0.00
November 30 2020,Whatcom,WA,Truck,3,0,3,43477,43480,0.01
June 30 2017,Mason,WA,Passenger,56,66,122,43446,43568,0.28
January 31 2018,Asotin,WA,Passenger,8,5,13,12543,12556,0.10
January 31 2022,Broward,FL,Passenger,2,0,2,99,101,1.98
May 31 2020,New Haven,CT,Passenger,0,2,2,38,40,5.00
October 31 2021,Howard,IN,Passenger,0,1,1,6,7,14.29
June 30 2021,Manassas,VA,Passenger,0,1,1,7,8,12.50
January 31 2020,Thurston,WA,Passenger,1093,717,1810,199152,200962,0.90
May 31 2018,Skamania,WA,Passenger,12,9,21,8701,8722,0.24
October 31 2018,San Diego,CA,Passenger,9,2,11,2569,2580,0.43
July 31 2020,Tarrant,TX,Passenger,1,0,1,176,177,0.56
June 30 2021,Broward,FL,Passenger,2,0,2,112,114,1.75
May 31 2018,District of Columbia,DC,Passenger,0,3,3,189,192,1.56
December 31 2021,Columbia,WA,Truck,0,0,0,1554,1554,0.00
December 31 2017,Dale,AL,Passenger,0,1,1,63,64,1.56
November 30 2023,Adams,WA,Passenger,29,15,44,13115,13159,0.33
February 28 2023,Stevens,WA,Truck,2,0,2,18751,18753,0.01
February 28 2019,Lewis,WA,Truck,0,0,0,25698,25698,0.00
August 31 2020,Newport,RI,Passenger,0,1,1,83,84,1.19
July 31 2018,Ada,ID,Passenger,0,2,2,329,331,0.60
August 31 2019,Charleston,SC,Passenger,1,0,1,119,120,0.83
September 30 2018,Collier,FL,Passenger,1,0,1,22,23,4.35
August 31 2022,Pulaski,MO,Passenger,2,0,2,112,114,1.75
July 31 2017,Juneau,AK,Passenger,0,1,1,46,47,2.13
February 28 2019,Arlington,VA,Passenger,1,2,3,162,165,1.82
November 30 2022,Grays Harbor,WA,Truck,3,0,3,21089,21092,0.01
February 29 2020,Richland,SC,Passenger,0,1,1,159,160,0.62
October 31 2017,Essex,NJ,Passenger,1,0,1,15,16,6.25
February 28 2022,Palm Beach,FL,Passenger,0,1,1,59,60,1.67
September 30 2017,Mason,WA,Truck,0,0,0,19369,19369,0.00
August 31 2021,Chelan,WA,Truck,0,0,0,23074,23074,0.00
March 31 2020,Moore,NC,Passenger,0,1,1,165,166,0.60
September 30 2022,San Juan,WA,Truck,6,0,6,5950,5956,0.10
December 31 2021,Wake,NC,Passenger,1,0,1,125,126,0.79
April 30 2020,Clackamas,OR,Passenger,2,0,2,205,207,0.97
September 30 2021,Sumter,SC,Passenger,0,1,1,34,35,2.86
August 31 2022,Boulder,CO,Passenger,2,0,2,44,46,4.35
March 31 2020,Juneau,AK,Passenger,0,2,2,31,33,6.06
June 30 2020,Mason,WA,Passenger,159,133,292,47262,47554,0.61
July 31 2017,Asotin,WA,Passenger,8,4,12,12433,12445,0.10
June 30 2023,Goochland,VA,Passenger,2,2,4,59,63,6.35
February 28 2018,Hardin,KY,Passenger,0,1,1,111,112,0.89
February 29 2024,Allegheny,PA,Passenger,1,0,1,48,49,2.04
November 30 2018,Randolph,NC,Passenger,1,0,1,5,6,16.67
May 31 2018,Island,WA,Truck,0,0,0,20875,20875,0.00
July 31 2017,Shelby,TN,Passenger,0,1,1,112,113,0.88
October 31 2019,Middlesex,MA,Passenger,1,0,1,109,110,0.91
March 31 2019,Alexandria,VA,Passenger,1,0,1,152,153,0.65
January 31 2020,District of Columbia,DC,Passenger,1,1,2,206,208,0.96
April 30 2017,Wahkiakum,WA,Truck,0,0,0,1631,1631,0.00
September 30 2019,Putnam,TN,Passenger,0,1,1,3,4,25.00
October 31 2020,Carroll,MD,Passenger,0,1,1,18,19,5.26
December 31 2021,Sevier,AR,Passenger,0,1,1,0,1,100.00
May 31 2019,Kittitas,WA,Passenger,72,35,107,29560,29667,0.36
September 30 2022,Bexar,TX,Passenger,4,3,7,457,464,1.51
November 30 2020,Kittitas,WA,Truck,0,0,0,14646,14646,0.00
March 31 2017,Sumter,FL,Passenger,0,1,1,10,11,9.09
December 31 2020,Stevens,WA,Passenger,37,40,77,30213,30290,0.25
May 31 2021,Virginia Beach,VA,Passenger,2,0,2,627,629,0.32
January 31 2020,Columbia,WA,Passenger,3,3,6,2448,2454,0.24
November 30 2020,Douglas,NE,Passenger,0,1,1,52,53,1.89
April 30 2020,Randolph,NC,Passenger,1,0,1,8,9,11.11
November 30 2018,Kittitas,WA,Passenger,62,34,96,29286,29382,0.33
April 30 2018,Los Angeles,CA,Passenger,4,4,8,1198,1206,0.66
March 31 2020,Adams,WA,Passenger,7,7,14,12885,12899,0.11
August 31 2022,Wilson,TX,Passenger,0,1,1,3,4,25.00
November 30 2019,Franklin,MA,Passenger,0,1,1,1,2,50.00
December 31 2019,San Diego,CA,Passenger,10,3,13,2794,2807,0.46
April 30 2018,Santa Rosa,FL,Passenger,1,0,1,104,105,0.95
February 28 2019,Honolulu,HI,Passenger,2,3,5,512,517,0.97
November 30 2022,Champaign,IL,Passenger,1,0,1,12,13,7.69
December 31 2017,Fulton,GA,Passenger,1,0,1,108,109,0.92
June 30 2023,Skagit,WA,Passenger,1107,413,1520,88903,90423,1.68
February 28 2021,San Juan,WA,Truck,0,0,0,5863,5863,0.00
May 31 2020,District of Columbia,DC,Passenger,1,1,2,198,200,1.00
September 30 2022,Harris,TX,Passenger,1,0,1,163,164,0.61
August 31 2023,Adams,WA,Truck,3,0,3,5372,5375,0.06
June 30 2020,Shasta,CA,Passenger,1,0,1,36,37,2.70
January 31 2022,Manassas,VA,Passenger,0,1,1,7,8,12.50
January 31 2019,Stevens,WA,Truck,0,0,0,18762,18762,0.00
December 31 2020,Benton,WA,Truck,0,0,0,43201,43201,0.00
June 30 2020,Pacific,WA,Passenger,33,33,66,15747,15813,0.42
January 31 2023,San Joaquin,CA,Passenger,1,1,2,87,89,2.25
May 31 2019,Santa Clara,CA,Passenger,7,1,8,381,389,2.06
October 31 2017,Grays Harbor,WA,Truck,0,0,0,20004,20004,0.00
August 31 2021,Prince William,VA,Passenger,1,2,3,213,216,1.39
October 31 2017,Santa Rosa,FL,Passenger,1,0,1,112,113,0.88
January 31 2021,Pinellas,FL,Passenger,1,1,2,103,105,1.90
June 30 2018,Sacramento,CA,Passenger,1,1,2,315,317,0.63
August 31 2021,Orange,NC,Passenger,0,1,1,13,14,7.14
May 31 2020,Prince George's,MD,Passenger,1,1,2,166,168,1.19
December 31 2017,Moore,NC,Passenger,0,1,1,197,198,0.51
June 30 2022,Riverside,CA,Passenger,8,1,9,490,499,1.80
October 31 2021,Clark,WA,Truck,0,0,0,83989,83989,0.00
June 30 2022,Benton,WA,Truck,3,0,3,43557,43560,0.01
June 30 2023,Clark,WA,Passenger,5870,2337,8207,313747,321954,2.55
April 30 2019,Wahkiakum,WA,Passenger,1,1,2,3012,3014,0.07
July 31 2020,Skamania,WA,Truck,0,0,0,4029,4029,0.00
May 31 2018,Nassau,NY,Passenger,1,0,1,39,40,2.50
July 31 2020,Fairbanks North Star,AK,Passenger,0,1,1,98,99,1.01
May 31 2020,Arlington,VA,Passenger,0,2,2,151,153,1.31
November 30 2020,Santa Cruz,CA,Passenger,1,0,1,34,35,2.86
September 30 2023,Orange,NC,Passenger,0,1,1,4,5,20.00
February 28 2018,Grant,WA,Passenger,31,38,69,62313,62382,0.11
January 31 2019,Island,WA,Truck,0,0,0,21203,21203,0.00
March 31 2024,Jefferson,NY,Passenger,2,0,2,160,162,1.23
April 30 2020,DeKalb,GA,Passenger,1,0,1,83,84,1.19
August 31 2017,Saratoga,NY,Passenger,1,1,2,71,73,2.74
June 30 2023,Jefferson,WA,Truck,12,0,12,9334,9346,0.13
June 30 2023,Mason,WA,Passenger,444,206,650,46315,46965,1.38
May 31 2019,Ventura,CA,Passenger,0,2,2,324,326,0.61
September 30 2017,District of Columbia,DC,Passenger,0,2,2,201,203,0.99
March 31 2023,Wichita,TX,Passenger,2,0,2,39,41,4.88
May 31 2022,Hawaii,HI,Passenger,1,0,1,40,41,2.44
May 31 2023,Kittitas,WA,Passenger,344,104,448,29413,29861,1.50
October 31 2019,Whitman,WA,Passenger,38,45,83,22703,22786,0.36
April 30 2021,Lincoln,WA,Passenger,5,13,18,7749,7767,0.23
February 29 2020,Pacific,WA,Truck,0,0,0,7742,7742,0.00
October 31 2022,Cumberland,NC,Passenger,1,4,5,359,364,1.37
July 31 2023,Hennepin,MN,Passenger,1,0,1,39,40,2.50
February 29 2020,Thurston,WA,Passenger,1109,723,1832,198843,200675,0.91
March 31 2017,Multnomah,OR,Passenger,0,3,3,1111,1114,0.27
March 31 2023,Calvert,MD,Passenger,0,2,2,79,81,2.47
June 30 2023,Monterey,CA,Passenger,0,3,3,125,128,2.34
March 31 2018,Manatee,FL,Passenger,1,0,1,37,38,2.63
March 31 2023,Autauga,AL,Passenger,2,0,2,13,15,13.33
April 30 2022,Owyhee,ID,Passenger,1,0,1,2,3,33.33
February 29 2020,Snohomish,WA,Truck,0,0,0,123706,123706,0.00
December 31 2017,Chelan,WA,Truck,0,0,0,21617,21617,0.00
June 30 2020,Klickitat,WA,Truck,0,0,0,8099,8099,0.00
March 31 2018,Kitsap,WA,Passenger,741,428,1169,176865,178034,0.66
July 31 2017,Los Angeles,CA,Passenger,2,1,3,1296,1299,0.23
September 30 2022,Chesapeake,VA,Passenger,3,2,5,341,346,1.45
December 31 2021,Washington,MD,Passenger,2,0,2,12,14,14.29
November 30 2019,Pierce,WA,Passenger,2083,1634,3717,547281,550998,0.67
January 31 2017,Okanogan,WA,Passenger,3,15,18,25808,25826,0.07
March 31 2022,Grays Harbor,WA,Truck,0,0,0,21352,21352,0.00
December 31 2019,Chesapeake,VA,Passenger,0,1,1,442,443,0.23
June 30 2020,Anne Arundel,MD,Passenger,0,1,1,415,416,0.24
December 31 2023,Moore,NC,Passenger,0,1,1,99,100,1.00
January 31 2024,Lake,IL,Passenger,6,0,6,114,120,5.00
January 31 2021,Prince William,VA,Passenger,1,2,3,222,225,1.33
November 30 2019,Juneau,AK,Passenger,0,2,2,29,31,6.45
September 30 2021,Missoula,MT,Passenger,1,0,1,57,58,1.72
February 29 2024,Loudoun,VA,Passenger,2,1,3,50,53,5.66
December 31 2023,King,WA,Passenger,69390,16629,86019,1312406,1398425,6.15
June 30 2021,Chelan,WA,Passenger,336,99,435,54739,55174,0.79
August 31 2018,El Paso,TX,Passenger,1,0,1,507,508,0.20
October 31 2021,Juneau,AK,Passenger,0,1,1,30,31,3.23
October 31 2022,Santa Cruz,CA,Passenger,1,0,1,27,28,3.57
January 31 2022,Montgomery,TX,Passenger,1,1,2,39,41,4.88
January 31 2022,Skagit,WA,Truck,1,0,1,32635,32636,0.00
July 31 2018,Walla Walla,WA,Truck,0,0,0,13470,13470,0.00
September 30 2020,Chesapeake,VA,Passenger,0,2,2,427,429,0.47
October 31 2022,Lake,IL,Passenger,1,0,1,132,133,0.75
February 28 2022,Baltimore,MD,Passenger,1,0,1,86,87,1.15
November 30 2023,Grant,WA,Passenger,354,158,512,67330,67842,0.75
February 28 2019,Benton,WA,Passenger,232,244,476,132970,133446,0.36
January 31 2022,Whatcom,WA,Truck,3,0,3,43586,43589,0.01
December 31 2022,Pacific,WA,Passenger,74,80,154,15708,15862,0.97
April 30 2022,Clackamas,OR,Passenger,2,0,2,159,161,1.24
January 31 2017,Lane,OR,Passenger,0,1,1,294,295,0.34
March 31 2021,Williams,ND,Passenger,0,1,1,10,11,9.09
January 31 2024,Benton,WA,Passenger,1429,662,2091,135032,137123,1.52
May 31 2020,Ventura,CA,Passenger,1,1,2,294,296,0.68
July 31 2023,Lane,OR,Passenger,0,2,2,71,73,2.74
August 31 2023,Carroll,MD,Passenger,0,1,1,16,17,5.88
January 31 2020,Collier,FL,Passenger,1,0,1,19,20,5.00
January 31 2022,Washtenaw,MI,Passenger,0,1,1,29,30,3.33
November 30 2022,Clinton,PA,Passenger,1,0,1,1,2,50.00
March 31 2021,Missoula,MT,Passenger,1,0,1,69,70,1.43
June 30 2018,Brevard,FL,Passenger,0,1,1,95,96,1.04
August 31 2020,Walla Walla,WA,Truck,0,0,0,13750,13750,0.00
October 31 2018,Frederick,MD,Passenger,0,1,1,83,84,1.19
August 31 2023,Cache,UT,Passenger,1,0,1,10,11,9.09
August 31 2021,Skamania,WA,Passenger,52,38,90,8377,8467,1.06
December 31 2023,Kern,CA,Passenger,1,1,2,153,155,1.29
September 30 2023,,,Passenger,4,0,4,254,258,1.55
December 31 2022,Washtenaw,MI,Passenger,0,1,1,23,24,4.17
August 31 2021,Albemarle,VA,Passenger,2,0,2,24,26,7.69
September 30 2022,DeKalb,GA,Passenger,1,0,1,48,49,2.04
August 31 2019,Alameda,CA,Passenger,3,1,4,301,305,1.31
November 30 2018,Santa Fe,NM,Passenger,0,1,1,44,45,2.22
June 30 2022,Sumter,SC,Passenger,0,1,1,31,32,3.12
January 31 2018,Adams,WA,Truck,0,0,0,5147,5147,0.00
December 31 2020,Yakima,WA,Passenger,171,128,299,167243,167542,0.18
August 31 2023,Pima,AZ,Passenger,1,0,1,178,179,0.56
July 31 2022,Arlington,VA,Passenger,1,0,1,129,130,0.77
September 30 2023,Harrison,MS,Passenger,1,0,1,31,32,3.12
May 31 2020,Gwinnett,GA,Passenger,1,0,1,77,78,1.28
October 31 2018,Grant,WA,Truck,0,0,0,26081,26081,0.00
July 31 2017,Thurston,WA,Truck,0,0,0,53286,53286,0.00
April 30 2021,Whitman,WA,Truck,0,0,0,8565,8565,0.00
March 31 2024,Grays Harbor,WA,Passenger,405,225,630,47218,47848,1.32
November 30 2018,Clark,WA,Passenger,1188,830,2018,310947,312965,0.64
August 31 2018,Lewis,WA,Passenger,83,64,147,57867,58014,0.25
May 31 2022,Juneau,AK,Passenger,0,1,1,31,32,3.12
August 31 2019,Wilson,TX,Passenger,0,1,1,7,8,12.50
June 30 2021,Louisa,VA,Passenger,0,1,1,1,2,50.00
October 31 2022,Island,WA,Passenger,899,388,1287,61423,62710,2.05
February 28 2017,Stevens,WA,Passenger,6,21,27,31312,31339,0.09
September 30 2018,,,Passenger,3,2,5,430,435,1.15
July 31 2023,Wake,NC,Passenger,3,0,3,83,86,3.49
November 30 2017,Saratoga,NY,Passenger,1,1,2,70,72,2.78
November 30 2023,Prince William,VA,Passenger,1,2,3,150,153,1.96
July 31 2023,Anne Arundel,MD,Passenger,5,3,8,294,302,2.65
May 31 2020,Osceola,FL,Passenger,1,0,1,42,43,2.33
April 30 2024,Pitt,NC,Passenger,0,1,1,4,5,20.00
January 31 2019,Mason,WA,Passenger,108,113,221,46648,46869,0.47
July 31 2022,Chelan,WA,Truck,4,0,4,23032,23036,0.02
June 30 2020,Ferry,WA,Truck,0,0,0,3557,3557,0.00
December 31 2023,Muscogee,GA,Passenger,0,1,1,83,84,1.19
July 31 2023,Randolph,NC,Passenger,1,0,1,3,4,25.00
January 31 2019,Montgomery,TX,Passenger,2,0,2,64,66,3.03
October 31 2019,El Paso,CO,Passenger,2,1,3,745,748,0.40
November 30 2022,Hudson,NJ,Passenger,1,0,1,35,36,2.78
June 30 2022,Alameda,CA,Passenger,5,1,6,202,208,2.88
August 31 2021,Bucks,PA,Passenger,1,0,1,17,18,5.56
December 31 2021,Skamania,WA,Passenger,60,42,102,8305,8407,1.21
May 31 2022,Santa Cruz,CA,Passenger,1,0,1,30,31,3.23
July 31 2021,Camden,NJ,Passenger,0,1,1,15,16,6.25
March 31 2020,Klamath,OR,Passenger,1,0,1,38,39,2.56
February 28 2018,Dakota,MN,Passenger,0,2,2,37,39,5.13
April 30 2021,Mercer,NJ,Passenger,0,1,1,13,14,7.14
August 31 2017,Dakota,MN,Passenger,0,2,2,37,39,5.13
July 31 2018,Ferry,WA,Truck,0,0,0,3535,3535,0.00
August 31 2018,Hennepin,MN,Passenger,1,0,1,110,111,0.90
May 31 2022,Hanover,VA,Passenger,1,0,1,1,2,50.00
January 31 2018,Spokane,WA,Passenger,300,255,555,300743,301298,0.18
November 30 2017,Clallam,WA,Truck,0,0,0,21182,21182,0.00
December 31 2022,Anchorage,AK,Passenger,1,0,1,121,122,0.82
August 31 2019,Cascade,MT,Passenger,0,1,1,66,67,1.49
September 30 2021,Montgomery,OH,Passenger,0,1,1,57,58,1.72
June 30 2022,San Francisco,CA,Passenger,1,0,1,90,91,1.10
November 30 2020,Yakima,WA,Passenger,167,122,289,166960,167249,0.17
February 28 2021,Grant,WA,Passenger,90,86,176,66051,66227,0.27
March 31 2020,Clark,NV,Passenger,4,2,6,704,710,0.85
November 30 2017,El Paso,TX,Passenger,1,0,1,527,528,0.19
June 30 2023,Stevens,WA,Truck,1,0,1,18734,18735,0.01
July 31 2022,Contra Costa,CA,Passenger,0,4,4,227,231,1.73
May 31 2023,Bexar,TX,Passenger,3,3,6,392,398,1.51
November 30 2017,Skagit,WA,Truck,1,0,1,31678,31679,0.00
February 28 2019,Whatcom,WA,Passenger,786,379,1165,149605,150770,0.77
January 31 2023,Island,WA,Passenger,953,401,1354,61293,62647,2.16
July 31 2018,Stevens,WA,Passenger,11,25,36,31646,31682,0.11
June 30 2019,Williamson,TX,Passenger,0,1,1,151,152,0.66
July 31 2021,San Diego,CA,Passenger,19,5,24,2577,2601,0.92
November 30 2019,Kootenai,ID,Passenger,1,2,3,227,230,1.30
August 31 2019,Franklin,WA,Truck,0,0,0,19489,19489,0.00
December 31 2020,Cascade,MT,Passenger,0,1,1,61,62,1.61
September 30 2020,Adams,WA,Truck,0,0,0,5307,5307,0.00
September 30 2021,Lewis,WA,Truck,0,0,0,26696,26696,0.00
October 31 2017,Garfield,WA,Truck,0,0,0,941,941,0.00
April 30 2020,Garfield,WA,Truck,0,0,0,966,966,0.00
April 30 2017,Jefferson,WA,Passenger,98,56,154,23745,23899,0.64
July 31 2020,Frederick,MD,Passenger,1,1,2,74,76,2.63
April 30 2022,Clark,WA,Truck,3,0,3,83182,83185,0.00
August 31 2017,Pierce,WA,Truck,0,0,0,137200,137200,0.00
May 31 2022,Adams,WA,Passenger,16,10,26,12936,12962,0.20
August 31 2019,Pend Oreille,WA,Passenger,5,6,11,9491,9502,0.12
January 31 2019,Kootenai,ID,Passenger,1,2,3,214,217,1.38
December 31 2023,El Paso,CO,Passenger,5,1,6,441,447,1.34
August 31 2023,Yavapai,AZ,Passenger,0,1,1,18,19,5.26
September 30 2018,New Haven,CT,Passenger,0,1,1,47,48,2.08
July 31 2017,Stevens,WA,Truck,0,0,0,18208,18208,0.00
February 29 2020,Kern,CA,Passenger,0,1,1,227,228,0.44
January 31 2021,Stafford,VA,Passenger,2,1,3,103,106,2.83
January 31 2023,Norfolk,VA,Passenger,2,3,5,293,298,1.68
April 30 2021,DeKalb,GA,Passenger,1,0,1,64,65,1.54
July 31 2017,Polk,FL,Passenger,1,0,1,66,67,1.49
December 31 2018,Contra Costa,CA,Passenger,0,2,2,401,403,0.50
November 30 2018,Shelby,TN,Passenger,0,1,1,106,107,0.93
October 31 2023,Monterey,CA,Truck,1,0,1,28,29,3.45
October 31 2023,Meade,KY,Passenger,1,0,1,17,18,5.56
November 30 2021,Clark,WA,Passenger,3363,1534,4897,320604,325501,1.50
June 30 2021,New London,CT,Passenger,1,1,2,219,221,0.90
August 31 2020,Douglas,CO,Passenger,0,1,1,85,86,1.16
June 30 2021,Bexar,TX,Passenger,2,4,6,561,567,1.06
October 31 2019,Brevard,FL,Passenger,0,1,1,95,96,1.04
March 31 2021,Saginaw,MI,Passenger,2,0,2,12,14,14.29
November 30 2022,Spokane,WA,Passenger,1892,914,2806,323992,326798,0.86
March 31 2021,Utah,UT,Passenger,0,1,1,129,130,0.77
July 31 2020,Oldham,KY,Passenger,0,1,1,4,5,20.00
August 31 2023,Clallam,WA,Passenger,600,298,898,49009,49907,1.80
March 31 2021,Prince George's,MD,Passenger,2,1,3,150,153,1.96
November 30 2022,Chelan,WA,Truck,11,0,11,23113,23124,0.05
July 31 2017,Canyon,ID,Passenger,0,1,1,99,100,1.00
October 31 2018,District of Columbia,DC,Passenger,0,3,3,190,193,1.55
September 30 2017,Sedgwick,KS,Passenger,0,1,1,104,105,0.95
April 30 2023,Washington,OR,Passenger,1,0,1,255,256,0.39
October 31 2019,Boulder,CO,Passenger,1,1,2,54,56,3.57
March 31 2021,Pennington,SD,Passenger,1,0,1,33,34,2.94
August 31 2020,Henrico,VA,Passenger,0,1,1,19,20,5.00
January 31 2020,Snohomish,WA,Passenger,4245,1717,5962,537750,543712,1.10
August 31 2018,San Juan,WA,Passenger,152,66,218,14143,14361,1.52
March 31 2019,Harnett,NC,Passenger,1,0,1,224,225,0.44
July 31 2021,Spokane,WA,Truck,0,0,0,102258,102258,0.00
January 31 2017,Virginia Beach,VA,Passenger,2,1,3,650,653,0.46
August 31 2023,Newport,RI,Passenger,0,1,1,55,56,1.79
November 30 2017,Santa Clara,CA,Passenger,7,1,8,394,402,1.99
August 31 2017,Franklin,OH,Passenger,0,1,1,114,115,0.87
October 31 2018,Allegheny,PA,Passenger,1,0,1,90,91,1.10
April 30 2018,DuPage,IL,Passenger,1,0,1,65,66,1.52
January 31 2021,Santa Cruz,CA,Passenger,1,0,1,32,33,3.03
November 30 2022,Platte,MO,Passenger,1,0,1,21,22,4.55
April 30 2023,Miami-Dade,FL,Passenger,1,0,1,66,67,1.49
March 31 2021,Hennepin,MN,Passenger,2,0,2,85,87,2.30
June 30 2018,Washington,OR,Passenger,0,1,1,486,487,0.21
April 30 2024,Leavenworth,KS,Passenger,1,1,2,66,68,2.94
December 31 2019,Lake,FL,Passenger,1,0,1,24,25,4.00
February 28 2021,Monroe,IL,Passenger,1,0,1,2,3,33.33
November 30 2023,Franklin,WA,Truck,9,0,9,20865,20874,0.04
April 30 2019,Dale,AL,Passenger,0,1,1,52,53,1.89
June 30 2021,Anchorage,AK,Passenger,1,0,1,143,144,0.69
January 31 2022,Clackamas,OR,Passenger,2,0,2,170,172,1.16
February 29 2024,Douglas,CO,Passenger,0,2,2,44,46,4.35
February 28 2018,Missoula,MT,Passenger,1,0,1,68,69,1.45
April 30 2021,Manassas,VA,Passenger,0,1,1,6,7,14.29
July 31 2020,Williamson,TX,Passenger,0,2,2,143,145,1.38
May 31 2017,Walla Walla,WA,Truck,0,0,0,13190,13190,0.00
June 30 2020,Hennepin,MN,Passenger,3,0,3,92,95,3.16
April 30 2017,Salt Lake,UT,Passenger,0,1,1,290,291,0.34
November 30 2021,Clinton,PA,Passenger,1,0,1,0,1,100.00
November 30 2017,Spokane,WA,Passenger,291,239,530,299593,300123,0.18
November 30 2022,Jefferson,WA,Passenger,475,229,704,24372,25076,2.81
December 31 2017,St. Clair,IL,Passenger,0,1,1,162,163,0.61
June 30 2022,Thurston,WA,Passenger,2178,1052,3230,193969,197199,1.64
November 30 2019,Charles,MD,Passenger,0,1,1,90,91,1.10
December 31 2021,Juneau,AK,Passenger,0,1,1,30,31,3.23
December 31 2023,Otero,NM,Passenger,0,1,1,22,23,4.35
December 31 2020,Shelby,OH,Passenger,0,1,1,2,3,33.33
August 31 2019,Clallam,WA,Truck,1,0,1,21816,21817,0.00
September 30 2020,Benton,WA,Truck,0,0,0,43084,43084,0.00
February 28 2022,Kittitas,WA,Passenger,218,73,291,29773,30064,0.97
June 30 2021,Clackamas,OR,Passenger,2,0,2,178,180,1.11
November 30 2017,Duval,FL,Passenger,1,1,2,363,365,0.55
September 30 2021,Chesapeake,VA,Passenger,1,2,3,408,411,0.73
November 30 2023,Mobile,AL,Passenger,1,0,1,25,26,3.85
November 30 2021,Pinellas,FL,Passenger,0,1,1,95,96,1.04
December 31 2020,Okaloosa,FL,Passenger,0,1,1,142,143,0.70
February 29 2024,Santa Clara,CA,Passenger,8,2,10,140,150,6.67
September 30 2018,Columbia,WA,Truck,0,0,0,1521,1521,0.00
October 31 2018,Mercer,NJ,Passenger,0,1,1,21,22,4.55
January 31 2023,Las Animas,CO,Passenger,1,0,1,0,1,100.00
October 31 2017,Cowlitz,WA,Passenger,54,65,119,70429,70548,0.17
May 31 2018,Fulton,GA,Passenger,1,2,3,101,104,2.88
July 31 2019,Garfield,WA,Passenger,1,1,2,1297,1299,0.15
May 31 2019,Dallas,TX,Passenger,1,0,1,210,211,0.47
January 31 2019,Cowlitz,WA,Passenger,79,96,175,72550,72725,0.24
December 31 2020,Lewis,WA,Passenger,123,124,247,58834,59081,0.42
May 31 2021,Klamath,OR,Passenger,1,0,1,34,35,2.86
December 31 2020,El Paso,CO,Passenger,2,0,2,712,714,0.28
July 31 2022,Loudoun,VA,Passenger,2,1,3,65,68,4.41
March 31 2022,Harnett,NC,Passenger,2,0,2,159,161,1.24
March 31 2019,Wayne,MI,Passenger,0,1,1,70,71,1.41
March 31 2018,Pierce,WA,Passenger,1126,1053,2179,527721,529900,0.41
January 31 2017,Skamania,WA,Truck,0,0,0,3907,3907,0.00
October 31 2017,Honolulu,HI,Passenger,2,2,4,570,574,0.70
May 31 2018,Hardin,KY,Passenger,0,1,1,114,115,0.87
September 30 2017,Volusia,FL,Passenger,0,1,1,45,46,2.17
March 31 2023,St. Mary's,MD,Passenger,1,0,1,181,182,0.55
December 31 2023,Kootenai,ID,Passenger,0,1,1,91,92,1.09
February 28 2019,Hawaii,HI,Passenger,1,0,1,67,68,1.47
February 28 2019,Cochise,AZ,Passenger,0,1,1,117,118,0.85
May 31 2020,Sumter,FL,Passenger,0,1,1,9,10,10.00
August 31 2019,Volusia,FL,Passenger,0,1,1,41,42,2.38
September 30 2022,Ray,MO,Passenger,0,1,1,1,2,50.00
May 31 2023,Marion,IA,Passenger,1,0,1,0,1,100.00
October 31 2017,Okanogan,WA,Passenger,5,17,22,25701,25723,0.09
August 31 2020,Franklin,WA,Truck,0,0,0,20181,20181,0.00
August 31 2017,Grays Harbor,WA,Truck,0,0,0,19932,19932,0.00
June 30 2020,Clackamas,OR,Passenger,2,0,2,201,203,0.99
February 29 2020,Skagit,WA,Truck,1,0,1,32553,32554,0.00
June 30 2017,Jefferson,WA,Truck,0,0,0,9422,9422,0.00
September 30 2023,Wake,NC,Passenger,3,0,3,79,82,3.66
March 31 2019,Boulder,CO,Passenger,1,0,1,48,49,2.04
October 31 2021,Las Animas,CO,Passenger,1,0,1,0,1,100.00
July 31 2018,Spokane,WA,Passenger,347,320,667,303959,304626,0.22
July 31 2023,Pend Oreille,WA,Truck,0,0,0,5612,5612,0.00
August 31 2020,Richland,SC,Passenger,0,1,1,150,151,0.66
October 31 2021,Middlesex,MA,Passenger,1,0,1,97,98,1.02
November 30 2023,Newport News,VA,Passenger,1,0,1,92,93,1.08
May 31 2017,Snohomish,WA,Truck,1,0,1,121858,121859,0.00
December 31 2018,Mason,WA,Passenger,107,108,215,46454,46669,0.46
October 31 2021,San Bernardino,CA,Passenger,1,0,1,389,390,0.26
January 31 2019,Honolulu,HI,Passenger,1,3,4,526,530,0.75
March 31 2024,Lane,OR,Passenger,0,1,1,49,50,2.00
November 30 2020,El Dorado,CA,Passenger,1,0,1,37,38,2.63
September 30 2022,Bartow,GA,Passenger,0,1,1,5,6,16.67
April 30 2019,Montgomery,PA,Passenger,2,0,2,39,41,4.88
November 30 2017,Norfolk,MA,Passenger,1,0,1,39,40,2.50
March 31 2022,Chelan,WA,Truck,0,0,0,23032,23032,0.00
March 31 2018,Cowlitz,WA,Truck,0,0,0,28269,28269,0.00
March 31 2019,Broward,FL,Passenger,2,1,3,127,130,2.31
August 31 2018,Portsmouth,VA,Passenger,0,1,1,75,76,1.32
March 31 2021,Randolph,NC,Passenger,1,0,1,8,9,11.11
June 30 2022,Galveston,TX,Passenger,0,1,1,19,20,5.00
September 30 2020,Yakima,WA,Truck,0,0,0,60563,60563,0.00
December 31 2019,DeKalb,GA,Passenger,1,0,1,84,85,1.18
September 30 2018,Skamania,WA,Truck,0,0,0,3968,3968,0.00
February 29 2024,Tooele,UT,Passenger,2,0,2,7,9,22.22
March 31 2024,Rock Island,IL,Passenger,0,1,1,9,10,10.00
May 31 2021,Clallam,WA,Truck,1,0,1,21994,21995,0.00
October 31 2019,Lewis,WA,Truck,0,0,0,26044,26044,0.00
August 31 2022,Chelan,WA,Passenger,486,134,620,54132,54752,1.13
November 30 2019,Sacramento,CA,Passenger,0,1,1,309,310,0.32
May 31 2018,Columbia,WA,Truck,0,0,0,1526,1526,0.00
February 29 2020,Juneau,AK,Passenger,0,2,2,32,34,5.88
January 31 2021,Ray,MO,Passenger,0,1,1,1,2,50.00
March 31 2024,Bell,TX,Passenger,1,0,1,196,197,0.51
June 30 2020,Clallam,WA,Truck,1,0,1,21752,21753,0.00
July 31 2022,Douglas,WA,Truck,1,0,1,12744,12745,0.01
April 30 2020,Adams,WA,Truck,0,0,0,5204,5204,0.00
November 30 2017,Hamilton,TN,Passenger,1,0,1,21,22,4.55
July 31 2022,Palm Beach,FL,Passenger,0,1,1,59,60,1.67
September 30 2017,Clark,WA,Passenger,810,542,1352,301366,302718,0.45
December 31 2018,Walla Walla,WA,Truck,0,0,0,13525,13525,0.00
August 31 2019,Adams,WA,Truck,0,0,0,5135,5135,0.00
December 31 2019,Fairbanks North Star,AK,Passenger,0,1,1,100,101,0.99
July 31 2018,Kitsap,WA,Truck,1,0,1,53375,53376,0.00
December 31 2022,Burlington,NJ,Passenger,0,2,2,102,104,1.92
April 30 2020,Columbia,OR,Passenger,1,0,1,25,26,3.85
May 31 2020,Snohomish,WA,Passenger,4403,1747,6150,533719,539869,1.14
April 30 2020,Adams,WA,Passenger,7,7,14,12750,12764,0.11
June 30 2017,Dakota,MN,Passenger,0,1,1,38,39,2.56
December 31 2022,Kauai,HI,Passenger,1,1,2,15,17,11.76
August 31 2021,Snohomish,WA,Passenger,6305,2135,8440,539131,547571,1.54
May 31 2023,Chelan,WA,Truck,29,0,29,23124,23153,0.13
November 30 2018,Lewis,WA,Truck,0,0,0,25627,25627,0.00
September 30 2017,Flathead,MT,Passenger,1,0,1,59,60,1.67
October 31 2018,Lane,OR,Passenger,0,1,1,177,178,0.56
April 30 2018,DeKalb,GA,Passenger,1,0,1,85,86,1.16
August 31 2019,Tarrant,TX,Passenger,3,0,3,203,206,1.46
December 31 2023,Sarasota,FL,Passenger,1,0,1,22,23,4.35
November 30 2017,Arlington,VA,Passenger,1,2,3,173,176,1.70
June 30 2019,St. Mary's,MD,Passenger,1,0,1,211,212,0.47
February 29 2020,Prince George's,MD,Passenger,1,1,2,176,178,1.12
December 31 2023,Maui,HI,Passenger,1,0,1,20,21,4.76
March 31 2021,Pacific,WA,Passenger,39,40,79,15905,15984,0.49
March 31 2017,Columbia,WA,Passenger,0,1,1,2356,2357,0.04
December 31 2018,Montgomery,PA,Passenger,2,0,2,36,38,5.26
October 31 2023,Lake,IL,Passenger,3,0,3,113,116,2.59
February 28 2018,Garfield,OK,Passenger,1,0,1,21,22,4.55
January 31 2017,Whitman,WA,Passenger,8,19,27,21930,21957,0.12
January 31 2021,Maricopa,AZ,Passenger,5,8,13,1414,1427,0.91
February 28 2021,Anne Arundel,MD,Passenger,2,1,3,395,398,0.75
March 31 2017,Cobb,GA,Passenger,0,1,1,81,82,1.22
October 31 2018,Lewis,WA,Passenger,88,72,160,58038,58198,0.27
July 31 2021,Ferry,WA,Passenger,9,3,12,4380,4392,0.27
June 30 2021,Multnomah,OR,Passenger,2,5,7,672,679,1.03
October 31 2021,Walla Walla,WA,Truck,0,0,0,14049,14049,0.00
March 31 2021,Penobscot,ME,Passenger,0,1,1,10,11,9.09
April 30 2018,Montgomery,TX,Passenger,1,0,1,64,65,1.54
October 31 2020,Walla Walla,WA,Passenger,86,65,151,36001,36152,0.42
October 31 2023,Kittitas,WA,Passenger,432,113,545,29332,29877,1.82
September 30 2017,Kittitas,WA,Truck,0,0,0,13660,13660,0.00
May 31 2017,Asotin,WA,Truck,0,0,0,6489,6489,0.00
August 31 2020,Wilson,TX,Passenger,0,1,1,6,7,14.29
March 31 2023,Hamilton,OH,Truck,1,0,1,4,5,20.00
May 31 2019,Spokane,WA,Passenger,528,421,949,310857,311806,0.30
February 28 2017,Wayne,MI,Passenger,0,2,2,72,74,2.70
September 30 2019,Pend Oreille,WA,Truck,0,0,0,5711,5711,0.00
March 31 2019,Portsmouth,VA,Passenger,0,1,1,76,77,1.30
November 30 2023,Otero,NM,Passenger,0,1,1,22,23,4.35
August 31 2020,Yakima,WA,Truck,0,0,0,60411,60411,0.00
December 31 2018,Washoe,NV,Passenger,2,0,2,116,118,1.69
January 31 2017,Skamania,WA,Passenger,7,7,14,8545,8559,0.16
August 31 2023,Fulton,GA,Passenger,1,1,2,59,61,3.28
September 30 2021,Charleston,SC,Passenger,2,1,3,89,92,3.26
March 31 2022,Norfolk,MA,Passenger,1,0,1,26,27,3.70
October 31 2021,Champaign,IL,Passenger,1,0,1,12,13,7.69
October 31 2018,King,WA,Passenger,15031,6221,21252,1375905,1397157,1.52
July 31 2022,Pend Oreille,WA,Passenger,18,12,30,9027,9057,0.33
September 30 2023,Garfield,WA,Passenger,0,3,3,1296,1299,0.23
June 30 2021,King,WA,Passenger,30484,9166,39650,1367591,1407241,2.82
December 31 2020,Montgomery,TX,Passenger,1,0,1,50,51,1.96
February 28 2018,Manatee,FL,Passenger,1,0,1,38,39,2.56
October 31 2020,Spokane,WA,Truck,0,0,0,100178,100178,0.00
November 30 2021,Lewis,WA,Truck,0,0,0,26708,26708,0.00
January 31 2019,Whatcom,WA,Passenger,779,374,1153,149674,150827,0.76
September 30 2020,Pend Oreille,WA,Passenger,8,4,12,9184,9196,0.13
May 31 2022,Parker,TX,Passenger,0,1,1,22,23,4.35
March 31 2024,Alameda,CA,Passenger,3,2,5,131,136,3.68
January 31 2017,Utah,UT,Passenger,0,1,1,202,203,0.49
September 30 2018,Pacific,WA,Passenger,18,22,40,15722,15762,0.25
August 31 2019,Okanogan,WA,Truck,0,0,0,16475,16475,0.00
February 28 2018,Latah,ID,Passenger,0,1,1,79,80,1.25
July 31 2017,Portsmouth,VA,Passenger,0,1,1,65,66,1.52
October 31 2018,Santa Cruz,CA,Passenger,1,0,1,43,44,2.27
November 30 2023,Houston,GA,Passenger,1,0,1,28,29,3.45
September 30 2022,Essex,NJ,Passenger,2,0,2,12,14,14.29
May 31 2022,Jefferson,NY,Passenger,1,0,1,219,220,0.45
September 30 2020,Cascade,MT,Passenger,0,1,1,59,60,1.67
February 28 2021,Orange,FL,Passenger,1,0,1,117,118,0.85
February 28 2021,Howard,MD,Passenger,0,1,1,71,72,1.39
April 30 2022,Howard,MD,Passenger,0,2,2,68,70,2.86
July 31 2022,Clallam,WA,Passenger,433,246,679,49624,50303,1.35
November 30 2017,Kittitas,WA,Passenger,35,24,59,28266,28325,0.21
February 28 2022,Sacramento,CA,Passenger,1,1,2,236,238,0.84
September 30 2022,Fairbanks North Star,AK,Passenger,0,1,1,73,74,1.35
January 31 2021,Kings,NY,Passenger,1,0,1,66,67,1.49
October 31 2017,Spokane,WA,Passenger,286,238,524,298861,299385,0.18
May 31 2021,Cowlitz,WA,Passenger,218,136,354,72431,72785,0.49
April 30 2017,Dane,WI,Passenger,1,0,1,140,141,0.71
September 30 2022,San Francisco,CA,Passenger,1,0,1,81,82,1.22
April 30 2019,Palm Beach,FL,Passenger,0,2,2,93,95,2.11
July 31 2023,Allen,IN,Passenger,1,0,1,11,12,8.33
August 31 2022,Gwinnett,GA,Passenger,1,0,1,56,57,1.75
June 30 2022,Lewis,WA,Passenger,233,179,412,59676,60088,0.69
December 31 2018,Cowlitz,WA,Passenger,72,94,166,72431,72597,0.23
September 30 2020,Kittitas,WA,Passenger,113,48,161,29699,29860,0.54
January 31 2019,Adams,WA,Passenger,5,6,11,12737,12748,0.09
September 30 2019,Cochise,AZ,Passenger,0,1,1,107,108,0.93
January 31 2019,Harnett,NC,Passenger,1,0,1,228,229,0.44
August 31 2021,Greene,MO,Passenger,0,1,1,34,35,2.86
January 31 2020,Palm Beach,FL,Passenger,0,2,2,87,89,2.25
October 31 2020,Palm Beach,FL,Passenger,0,2,2,78,80,2.50
April 30 2023,Marin,CA,Passenger,1,1,2,30,32,6.25
February 28 2023,Rock Island,IL,Passenger,0,1,1,13,14,7.14
December 31 2021,Lincoln,WA,Passenger,7,16,23,7717,7740,0.30
October 31 2018,Riverside,CA,Passenger,2,2,4,687,691,0.58
November 30 2022,Maui,HI,Passenger,1,0,1,26,27,3.70
November 30 2017,DeKalb,GA,Passenger,1,0,1,87,88,1.14
October 31 2021,Hanover,VA,Passenger,1,0,1,1,2,50.00
September 30 2023,Williamsburg,VA,Passenger,0,1,1,4,5,20.00
May 31 2020,Shelby,OH,Passenger,0,1,1,2,3,33.33
November 30 2020,Missoula,MT,Passenger,1,0,1,68,69,1.45
June 30 2022,Allegheny,PA,Passenger,2,1,3,65,68,4.41
May 31 2020,Suffolk,MA,Passenger,0,2,2,37,39,5.13
October 31 2019,Lee,FL,Passenger,1,0,1,53,54,1.85
June 30 2023,Virginia Beach,VA,Passenger,4,1,5,441,446,1.12
April 30 2024,Platte,MO,Passenger,2,0,2,17,19,10.53
November 30 2021,Placer,CA,Passenger,2,0,2,77,79,2.53
November 30 2019,Cochise,AZ,Passenger,0,1,1,104,105,0.95
August 31 2021,Garfield,WA,Passenger,0,3,3,1364,1367,0.22
February 28 2023,Douglas,WA,Truck,6,0,6,12878,12884,0.05
July 31 2021,Montgomery,OH,Passenger,0,1,1,55,56,1.79
April 30 2023,Eau Claire,WI,Passenger,1,0,1,1,2,50.00
February 28 2021,Santa Cruz,CA,Passenger,1,0,1,35,36,2.78
September 30 2020,Palm Beach,FL,Passenger,0,2,2,81,83,2.41
July 31 2022,Plaquemines,LA,Passenger,1,1,2,19,21,9.52
March 31 2024,Kitsap,WA,Passenger,4202,1574,5776,172303,178079,3.24
February 28 2018,Cowlitz,WA,Truck,0,0,0,28181,28181,0.00
December 31 2022,Prince William,VA,Passenger,1,2,3,190,193,1.55
January 31 2021,Harris,TX,Passenger,1,1,2,246,248,0.81
March 31 2020,Vigo,IN,Passenger,1,0,1,5,6,16.67
May 31 2020,Middlesex,MA,Passenger,1,0,1,98,99,1.01
December 31 2023,Spokane,WA,Truck,62,0,62,101276,101338,0.06
October 31 2021,Alameda,CA,Passenger,5,0,5,229,234,2.14
March 31 2021,Suffolk,MA,Passenger,0,2,2,34,36,5.56
March 31 2019,Penobscot,ME,Passenger,0,1,1,14,15,6.67
May 31 2017,St. Lucie,FL,Passenger,1,0,1,32,33,3.03
November 30 2021,Clark,WA,Truck,0,0,0,84025,84025,0.00
November 30 2019,Walla Walla,WA,Passenger,64,61,125,36272,36397,0.34
March 31 2018,Franklin,MA,Passenger,0,1,1,2,3,33.33
November 30 2021,Leavenworth,KS,Passenger,0,1,1,105,106,0.94
February 28 2022,Stafford,VA,Passenger,2,1,3,98,101,2.97
June 30 2023,Champaign,IL,Passenger,1,0,1,12,13,7.69
January 31 2024,Rockingham,NH,Passenger,1,0,1,7,8,12.50
November 30 2022,Owyhee,ID,Passenger,1,0,1,3,4,25.00
January 31 2024,Allen,IN,Passenger,1,0,1,11,12,8.33
March 31 2017,Clallam,WA,Passenger,77,65,142,48076,48218,0.29
February 28 2019,Anne Arundel,MD,Passenger,0,1,1,444,445,0.22
July 31 2020,Asotin,WA,Passenger,16,12,28,12371,12399,0.23
February 28 2017,San Diego,CA,Passenger,4,1,5,2819,2824,0.18
June 30 2023,Lewis,WA,Truck,7,0,7,26023,26030,0.03
May 31 2022,Washtenaw,MI,Passenger,0,1,1,28,29,3.45
June 30 2019,Penobscot,ME,Passenger,0,1,1,13,14,7.14
February 28 2023,Grant,WA,Passenger,242,114,356,66858,67214,0.53
August 31 2021,Douglas,WA,Passenger,104,51,155,28571,28726,0.54
May 31 2019,Klickitat,WA,Passenger,35,33,68,15547,15615,0.44
December 31 2020,Monterey,CA,Passenger,0,2,2,165,167,1.20
April 30 2018,Clay,FL,Passenger,0,1,1,101,102,0.98
December 31 2020,New York,NY,Passenger,2,0,2,59,61,3.28
March 31 2023,Fairfax,VA,Truck,1,0,1,96,97,1.03
September 30 2019,Thurston,WA,Passenger,953,670,1623,198472,200095,0.81
December 31 2023,Clallam,WA,Truck,29,0,29,21515,21544,0.13
December 31 2017,Kittitas,WA,Truck,0,0,0,13806,13806,0.00
December 31 2019,District of Columbia,DC,Passenger,1,1,2,208,210,0.95
March 31 2022,Duval,FL,Passenger,0,2,2,307,309,0.65
February 29 2024,Monterey,CA,Truck,1,0,1,27,28,3.57
December 31 2022,Los Angeles,CA,Passenger,4,6,10,760,770,1.30
January 31 2021,Honolulu,HI,Passenger,5,2,7,453,460,1.52
July 31 2021,Champaign,IL,Passenger,1,0,1,12,13,7.69
May 31 2023,St. Lawrence,NY,Passenger,1,0,1,2,3,33.33
June 30 2018,Cowlitz,WA,Passenger,55,74,129,71729,71858,0.18
January 31 2020,Lewis,WA,Truck,0,0,0,26098,26098,0.00
November 30 2021,Anchorage,AK,Passenger,2,0,2,139,141,1.42
October 31 2022,Essex,MA,Passenger,1,0,1,16,17,5.88
July 31 2020,Los Angeles,CA,Passenger,6,12,18,1031,1049,1.72
July 31 2018,Monterey,CA,Passenger,0,1,1,185,186,0.54
June 30 2022,Escambia,FL,Passenger,0,1,1,145,146,0.68
October 31 2022,Fairfax,VA,Passenger,7,3,10,625,635,1.57
December 31 2018,Prince William,VA,Passenger,0,5,5,255,260,1.92
June 30 2021,San Francisco,CA,Passenger,0,1,1,98,99,1.01
April 30 2024,Mercer,NJ,Passenger,0,1,1,7,8,12.50
September 30 2022,King,WA,Truck,241,2,243,179490,179733,0.14
August 31 2020,Utah,UT,Passenger,0,1,1,135,136,0.74
April 30 2021,Sevier,AR,Passenger,0,1,1,0,1,100.00
March 31 2020,Stevens,WA,Passenger,34,33,67,31245,31312,0.21
June 30 2017,New London,CT,Passenger,1,0,1,248,249,0.40
July 31 2023,Wahkiakum,WA,Passenger,26,17,43,3017,3060,1.41
December 31 2017,Whatcom,WA,Truck,1,0,1,42017,42018,0.00
January 31 2023,St. Clair,IL,Passenger,1,0,1,110,111,0.90
February 28 2019,Mason,WA,Truck,0,0,0,20219,20219,0.00
November 30 2022,Pinal,AZ,Passenger,0,1,1,115,116,0.86
July 31 2023,Providence,RI,Passenger,1,0,1,17,18,5.56
March 31 2024,Lewis,WA,Passenger,428,334,762,57709,58471,1.30
October 31 2018,Virginia Beach,VA,Passenger,2,1,3,692,695,0.43
January 31 2023,San Bernardino,CA,Passenger,3,1,4,327,331,1.21
April 30 2019,Whitman,WA,Truck,0,0,0,8517,8517,0.00
December 31 2018,Pend Oreille,WA,Truck,0,0,0,5741,5741,0.00
October 31 2019,Columbia,WA,Truck,0,0,0,1533,1533,0.00
October 31 2023,St. Louis,MN,Passenger,0,1,1,5,6,16.67
February 28 2023,Hennepin,MN,Passenger,1,0,1,44,45,2.22
November 30 2023,Dallas,TX,Passenger,1,0,1,70,71,1.41
October 31 2020,Wilson,TX,Passenger,0,1,1,6,7,14.29
June 30 2022,Clackamas,OR,Passenger,2,0,2,152,154,1.30
January 31 2022,Harnett,NC,Passenger,1,1,2,161,163,1.23
May 31 2023,Onslow,NC,Passenger,0,1,1,148,149,0.67
January 31 2021,Howard,MD,Passenger,0,1,1,72,73,1.37
February 28 2019,Albemarle,VA,Passenger,1,0,1,25,26,3.85
June 30 2018,Adams,WA,Passenger,5,5,10,12612,12622,0.08
March 31 2018,Anne Arundel,MD,Passenger,0,1,1,469,470,0.21
November 30 2021,Honolulu,HI,Passenger,4,3,7,403,410,1.71
May 31 2020,Williamson,TX,Passenger,0,2,2,143,145,1.38
September 30 2018,Montgomery,PA,Passenger,2,0,2,36,38,5.26
January 31 2022,Flathead,MT,Passenger,1,0,1,47,48,2.08
October 31 2017,Allegheny,PA,Passenger,1,0,1,91,92,1.09
December 31 2023,Boulder,CO,Passenger,1,0,1,23,24,4.17
December 31 2019,Thurston,WA,Truck,0,0,0,55716,55716,0.00
May 31 2023,Cumberland,NC,Passenger,1,4,5,320,325,1.54
December 31 2017,Saratoga,NY,Passenger,1,1,2,69,71,2.82
May 31 2022,Pima,AZ,Passenger,1,0,1,255,256,0.39
October 31 2018,Ada,ID,Passenger,0,2,2,326,328,0.61
November 30 2022,Newport,RI,Passenger,0,1,1,63,64,1.56
May 31 2020,Juneau,AK,Passenger,0,2,2,29,31,6.45
December 31 2020,Eagle,CO,Passenger,1,0,1,7,8,12.50
August 31 2023,Kittitas,WA,Truck,10,0,10,14631,14641,0.07
April 30 2024,Whatcom,WA,Truck,101,0,101,41100,41201,0.25
November 30 2019,DuPage,IL,Passenger,3,0,3,66,69,4.35
March 31 2023,Shasta,CA,Passenger,1,0,1,26,27,3.70
August 31 2017,Jefferson,WA,Passenger,112,64,176,23955,24131,0.73
October 31 2019,Klickitat,WA,Truck,0,0,0,8309,8309,0.00
September 30 2020,Kitsap,WA,Truck,0,0,0,54164,54164,0.00
September 30 2018,Kootenai,ID,Passenger,0,2,2,217,219,0.91
September 30 2023,Suffolk,VA,Passenger,1,0,1,97,98,1.02
March 31 2020,Riverside,CA,Passenger,3,1,4,651,655,0.61
October 31 2023,Alameda,CA,Passenger,4,2,6,153,159,3.77
September 30 2020,Allegheny,PA,Passenger,2,0,2,79,81,2.47
May 31 2023,Houston,GA,Passenger,1,0,1,30,31,3.23
January 31 2021,Pennington,SD,Passenger,1,0,1,35,36,2.78
March 31 2019,New London,CT,Passenger,0,1,1,245,246,0.41
November 30 2022,Autauga,AL,Passenger,2,0,2,14,16,12.50
November 30 2023,Garfield,WA,Truck,0,0,0,978,978,0.00
April 30 2018,Benton,WA,Truck,0,0,0,40854,40854,0.00
August 31 2022,Grays Harbor,WA,Truck,2,0,2,21192,21194,0.01
September 30 2017,Kitsap,WA,Passenger,654,346,1000,174291,175291,0.57
June 30 2021,Pacific,WA,Passenger,45,53,98,16042,16140,0.61
September 30 2023,District of Columbia,DC,Passenger,3,0,3,145,148,2.03
February 28 2018,Marin,CA,Passenger,1,0,1,55,56,1.79
January 31 2017,Guilford,NC,Passenger,1,0,1,35,36,2.78
May 31 2023,Lincoln,OR,Passenger,0,1,1,15,16,6.25
December 31 2019,Lake,IL,Passenger,1,0,1,171,172,0.58
February 28 2022,Benton,WA,Truck,0,0,0,43632,43632,0.00
January 31 2019,Lewis,WA,Truck,0,0,0,25661,25661,0.00
January 31 2021,San Joaquin,CA,Passenger,1,0,1,114,115,0.87
December 31 2019,Camden,NJ,Passenger,0,2,2,21,23,8.70
January 31 2018,Jefferson,NY,Passenger,1,0,1,229,230,0.43
May 31 2023,Walla Walla,WA,Truck,5,0,5,13767,13772,0.04
January 31 2024,Yuba,CA,Passenger,1,0,1,44,45,2.22
April 30 2021,Boone,MO,Passenger,0,1,1,11,12,8.33
June 30 2020,Spokane,WA,Passenger,729,486,1215,315323,316538,0.38
January 31 2020,Snohomish,WA,Truck,0,0,0,123621,123621,0.00
March 31 2020,Portsmouth,VA,Passenger,0,1,1,75,76,1.32
August 31 2019,Lee,FL,Passenger,1,0,1,51,52,1.92
July 31 2017,San Juan,WA,Truck,0,0,0,5546,5546,0.00
February 28 2023,Ferry,WA,Truck,0,0,0,3572,3572,0.00
January 31 2021,Missoula,MT,Passenger,1,0,1,69,70,1.43
July 31 2019,Rogers,OK,Passenger,1,0,1,6,7,14.29
February 28 2023,Orange,NC,Passenger,0,1,1,6,7,14.29
December 31 2023,Cache,UT,Passenger,1,0,1,9,10,10.00
July 31 2017,Multnomah,OR,Passenger,1,3,4,957,961,0.42
February 28 2018,Asotin,WA,Truck,0,0,0,6579,6579,0.00
September 30 2023,Placer,CA,Passenger,1,0,1,61,62,1.61
February 28 2022,Allegheny,PA,Passenger,2,1,3,67,70,4.29
October 31 2023,Lincoln,OR,Passenger,0,1,1,14,15,6.67
March 31 2022,Walla Walla,WA,Passenger,157,90,247,36096,36343,0.68
March 31 2023,Franklin,WA,Passenger,285,130,415,61861,62276,0.67
October 31 2021,Arlington,VA,Passenger,1,1,2,136,138,1.45
June 30 2018,Dallas,TX,Passenger,0,1,1,199,200,0.50
October 31 2021,Montgomery,OH,Passenger,0,1,1,54,55,1.82
May 31 2018,Carroll,NH,Passenger,0,1,1,1,2,50.00
May 31 2020,Hamilton,IN,Passenger,1,0,1,42,43,2.33
October 31 2022,Snohomish,WA,Truck,76,0,76,122812,122888,0.06
September 30 2022,El Paso,TX,Passenger,3,0,3,337,340,0.88
February 29 2024,Portsmouth,VA,Passenger,0,1,1,59,60,1.67
June 30 2019,New Haven,CT,Passenger,0,2,2,47,49,4.08
August 31 2017,Fairfax,VA,Passenger,3,2,5,841,846,0.59
November 30 2019,Chesapeake,VA,Passenger,0,1,1,449,450,0.22
May 31 2017,Allegheny,PA,Passenger,1,0,1,93,94,1.06
May 31 2019,Polk,FL,Passenger,1,0,1,72,73,1.37
November 30 2022,Marin,CA,Passenger,1,1,2,31,33,6.06
February 28 2022,Frederick,MD,Passenger,1,1,2,70,72,2.78
July 31 2019,Jefferson,CO,Passenger,0,2,2,55,57,3.51
December 31 2021,Lincoln,WA,Truck,0,0,0,4820,4820,0.00
January 31 2024,Texas,MO,Passenger,1,0,1,1,2,50.00
July 31 2020,Klickitat,WA,Passenger,56,43,99,15108,15207,0.65
January 31 2020,San Diego,CA,Passenger,11,4,15,2779,2794,0.54
January 31 2023,Asotin,WA,Truck,0,0,0,6665,6665,0.00
July 31 2023,Orange,FL,Passenger,1,0,1,58,59,1.69
August 31 2022,Hamilton,OH,Passenger,1,0,1,34,35,2.86
December 31 2023,Collin,TX,Passenger,2,0,2,39,41,4.88
April 30 2021,Suffolk,MA,Passenger,0,2,2,34,36,5.56
March 31 2022,Moore,NC,Passenger,0,1,1,124,125,0.80
January 31 2022,San Mateo,CA,Passenger,2,0,2,87,89,2.25
May 31 2021,Norfolk,VA,Passenger,2,3,5,331,336,1.49
February 28 2021,Goochland,VA,Passenger,4,3,7,254,261,2.68
October 31 2018,Dakota,MN,Passenger,0,2,2,33,35,5.71
April 30 2023,St. Lawrence,NY,Passenger,1,0,1,2,3,33.33
January 31 2021,Adams,WA,Passenger,10,6,16,12965,12981,0.12
October 31 2023,Honolulu,HI,Passenger,4,3,7,253,260,2.69
March 31 2020,Santa Cruz,CA,Passenger,1,0,1,41,42,2.38
October 31 2020,Fresno,CA,Passenger,1,0,1,194,195,0.51
January 31 2017,Lee,AL,Passenger,1,0,1,36,37,2.70
December 31 2020,Powhatan,VA,Passenger,1,0,1,2,3,33.33
January 31 2020,Chelan,WA,Truck,0,0,0,22568,22568,0.00
October 31 2021,Chelan,WA,Truck,0,0,0,23063,23063,0.00
August 31 2020,Skagit,WA,Truck,1,0,1,32627,32628,0.00
April 30 2018,Benton,WA,Passenger,178,188,366,130928,131294,0.28
December 31 2023,San Joaquin,CA,Passenger,1,0,1,63,64,1.56
October 31 2018,Stevens,WA,Truck,0,0,0,18715,18715,0.00
November 30 2017,Okaloosa,FL,Passenger,1,0,1,188,189,0.53
February 28 2023,Kern,CA,Passenger,1,1,2,198,200,1.00
November 30 2017,Sacramento,CA,Passenger,1,1,2,332,334,0.60
February 28 2023,Contra Costa,CA,Passenger,0,3,3,197,200,1.50
July 31 2022,Lee,FL,Passenger,1,0,1,35,36,2.78
January 31 2023,Dallas,TX,Passenger,1,0,1,97,98,1.02
February 28 2017,Morris,NJ,Passenger,1,0,1,22,23,4.35
July 31 2018,Clark,WA,Truck,0,0,0,79230,79230,0.00
December 31 2021,Stevens,WA,Truck,0,0,0,18922,18922,0.00
October 31 2021,Spokane,WA,Passenger,1217,727,1944,326202,328146,0.59
December 31 2018,Houston,GA,Passenger,1,0,1,52,53,1.89
September 30 2017,Monterey,CA,Passenger,0,2,2,196,198,1.01
April 30 2023,Cochise,AZ,Passenger,1,0,1,65,66,1.52
February 28 2023,New York,NY,Passenger,1,0,1,36,37,2.70
July 31 2022,Autauga,AL,Passenger,1,0,1,13,14,7.14
September 30 2023,Lincoln,WA,Truck,0,0,0,4825,4825,0.00
July 31 2019,Walla Walla,WA,Truck,0,0,0,13616,13616,0.00
June 30 2017,Pend Oreille,WA,Truck,0,0,0,5575,5575,0.00
May 31 2019,Jefferson,CO,Passenger,0,2,2,56,58,3.45
February 28 2017,Lee,AL,Passenger,1,0,1,36,37,2.70
April 30 2019,Caddo,LA,Passenger,0,1,1,25,26,3.85
July 31 2019,Sedgwick,KS,Passenger,1,1,2,102,104,1.92
October 31 2017,Franklin,WA,Truck,0,0,0,18320,18320,0.00
October 31 2022,Parker,TX,Passenger,0,1,1,20,21,4.76
November 30 2019,Wahkiakum,WA,Truck,0,0,0,1751,1751,0.00
September 30 2022,Bell,TX,Passenger,1,0,1,320,321,0.31
August 31 2021,Sumter,SC,Passenger,0,1,1,35,36,2.78
September 30 2021,Currituck,NC,Passenger,1,0,1,24,25,4.00
August 31 2021,Clark,WA,Truck,0,0,0,84136,84136,0.00
June 30 2021,San Mateo,CA,Passenger,1,0,1,110,111,0.90
April 30 2020,Santa Cruz,CA,Passenger,1,0,1,41,42,2.38
August 31 2021,San Francisco,CA,Passenger,0,1,1,97,98,1.02
June 30 2021,Ulster,NY,Passenger,1,0,1,13,14,7.14
January 31 2022,Whatcom,WA,Passenger,1666,673,2339,149393,151732,1.54
September 30 2023,Thurston,WA,Truck,71,0,71,53785,53856,0.13
August 31 2018,Whitman,WA,Truck,0,0,0,8509,8509,0.00
February 28 2017,DeKalb,IN,Passenger,1,0,1,1,2,50.00
February 29 2024,Pima,AZ,Passenger,1,0,1,154,155,0.65
February 29 2024,DuPage,IL,Passenger,2,1,3,27,30,10.00
January 31 2021,Morris,NJ,Passenger,1,0,1,15,16,6.25
February 28 2019,Howard,MD,Passenger,0,1,1,87,88,1.14
March 31 2022,Parker,TX,Passenger,0,1,1,22,23,4.35
October 31 2020,Jones,GA,Passenger,1,0,1,1,2,50.00
February 28 2022,Shelby,OH,Passenger,0,1,1,3,4,25.00
February 28 2022,Island,WA,Truck,1,0,1,21444,21445,0.00
October 31 2018,Lincoln,WA,Passenger,2,6,8,7741,7749,0.10
January 31 2024,Placer,CA,Passenger,1,0,1,54,55,1.82
April 30 2017,Spokane,WA,Passenger,236,208,444,295706,296150,0.15
February 28 2021,Columbia,WA,Passenger,5,4,9,2452,2461,0.37
February 28 2019,San Mateo,CA,Passenger,2,1,3,131,134,2.24
September 30 2022,Sacramento,CA,Passenger,2,1,3,221,224,1.34
July 31 2022,Portsmouth,VA,Passenger,0,1,1,78,79,1.27
July 31 2022,Pennington,SD,Passenger,2,0,2,28,30,6.67
August 31 2017,Eagle,CO,Passenger,1,0,1,7,8,12.50
February 29 2020,Shelby,OH,Passenger,0,1,1,2,3,33.33
August 31 2020,Skagit,WA,Passenger,432,222,654,91219,91873,0.71
December 31 2019,Benton,WA,Passenger,314,308,622,135200,135822,0.46
November 30 2021,King,WA,Truck,6,1,7,183231,183238,0.00
May 31 2023,Harris,TX,Passenger,1,1,2,150,152,1.32
March 31 2022,St. Clair,IL,Passenger,1,0,1,126,127,0.79
March 31 2024,Kings,CA,Passenger,2,1,3,243,246,1.22
November 30 2021,Polk,FL,Passenger,1,0,1,65,66,1.52
November 30 2020,Washoe,NV,Passenger,1,0,1,109,110,0.91
January 31 2020,Whitman,WA,Truck,0,0,0,8566,8566,0.00
January 31 2018,Kent,MI,Passenger,0,1,1,35,36,2.78
July 31 2021,Milwaukee,WI,Passenger,1,0,1,43,44,2.27
June 30 2022,Honolulu,HI,Passenger,4,4,8,375,383,2.09
January 31 2023,Middlesex,MA,Passenger,2,0,2,81,83,2.41
July 31 2022,Calvert,MD,Passenger,0,2,2,80,82,2.44
May 31 2018,Dale,AL,Passenger,0,1,1,57,58,1.72
August 31 2021,Stevens,WA,Passenger,49,44,93,30258,30351,0.31
January 31 2022,Franklin,WA,Truck,0,0,0,20876,20876,0.00
July 31 2022,Lake,IL,Passenger,2,0,2,139,141,1.42
May 31 2018,Pima,AZ,Passenger,1,1,2,434,436,0.46
June 30 2022,Okaloosa,FL,Passenger,0,1,1,108,109,0.92
January 31 2023,Hillsborough,FL,Passenger,1,2,3,121,124,2.42
March 31 2024,Brown,WI,Passenger,1,0,1,5,6,16.67
August 31 2023,Sheridan,WY,Passenger,1,0,1,4,5,20.00
August 31 2020,Spokane,WA,Truck,1,0,1,99421,99422,0.00
January 31 2024,Orange,CA,Passenger,6,2,8,260,268,2.99
September 30 2017,Lincoln,WA,Truck,0,0,0,4472,4472,0.00
November 30 2023,Sedgwick,KS,Passenger,1,0,1,46,47,2.13
August 31 2019,Powhatan,VA,Passenger,1,0,1,1,2,50.00
July 31 2018,Ferry,WA,Passenger,3,3,6,4424,4430,0.14
June 30 2022,Nassau,NY,Passenger,3,0,3,33,36,8.33
September 30 2017,King,WA,Truck,7,1,8,186332,186340,0.00
August 31 2018,Ferry,WA,Passenger,2,2,4,4420,4424,0.09
May 31 2023,Anne Arundel,MD,Passenger,4,3,7,302,309,2.27
August 31 2022,Marion,IA,Passenger,1,0,1,0,1,100.00
November 30 2023,Lewis,WA,Passenger,388,293,681,59418,60099,1.13
July 31 2019,Montgomery,MD,Passenger,1,0,1,280,281,0.36
June 30 2017,Howard,MD,Passenger,0,2,2,95,97,2.06
October 31 2021,Grays Harbor,WA,Truck,0,0,0,21389,21389,0.00
January 31 2019,Adams,WA,Truck,0,0,0,5140,5140,0.00
February 28 2023,Lewis,WA,Truck,4,0,4,26190,26194,0.02
December 31 2020,Nassau,NY,Passenger,4,0,4,33,37,10.81
October 31 2022,New Haven,CT,Passenger,0,2,2,31,33,6.06
December 31 2018,Bexar,TX,Passenger,3,4,7,719,726,0.96
March 31 2020,Skagit,WA,Truck,1,0,1,32546,32547,0.00
January 31 2017,Douglas,WA,Truck,0,0,0,11426,11426,0.00
November 30 2023,El Paso,TX,Passenger,3,0,3,260,263,1.14
August 31 2018,Franklin,WA,Truck,0,0,0,18790,18790,0.00
April 30 2022,Wahkiakum,WA,Truck,0,0,0,1815,1815,0.00
February 29 2024,Dallas,TX,Passenger,1,0,1,61,62,1.61
June 30 2020,Williams,ND,Passenger,0,1,1,11,12,8.33
June 30 2021,Carson City,NV,Passenger,1,0,1,11,12,8.33
February 28 2023,Eagle,CO,Passenger,1,0,1,6,7,14.29
November 30 2020,Mason,WA,Passenger,169,133,302,47486,47788,0.63
June 30 2021,Wahkiakum,WA,Passenger,15,8,23,3108,3131,0.73
June 30 2022,Adams,WA,Passenger,17,10,27,12911,12938,0.21
June 30 2017,Snohomish,WA,Truck,1,0,1,121880,121881,0.00
January 31 2022,Sonoma,CA,Passenger,0,1,1,88,89,1.12
May 31 2022,San Luis Obispo,CA,Passenger,1,0,1,61,62,1.61
April 30 2021,Norfolk,VA,Passenger,2,3,5,330,335,1.49
October 31 2020,Klickitat,WA,Truck,0,0,0,8085,8085,0.00
September 30 2022,Columbia,WA,Passenger,8,0,8,2436,2444,0.33
September 30 2018,Williamson,TX,Passenger,0,1,1,168,169,0.59
June 30 2020,Hamilton,IN,Passenger,1,0,1,43,44,2.27
September 30 2018,Bexar,TX,Passenger,3,4,7,739,746,0.94
June 30 2018,Lee,AL,Passenger,1,0,1,36,37,2.70
June 30 2020,Shelby,TN,Passenger,0,1,1,94,95,1.05
March 31 2023,Rock Island,IL,Passenger,0,1,1,13,14,7.14
March 31 2020,Stevens,WA,Truck,0,0,0,18694,18694,0.00
August 31 2023,Moore,NC,Passenger,0,1,1,105,106,0.94
October 31 2020,Rockingham,NH,Passenger,1,0,1,22,23,4.35
February 29 2024,Larimer,CO,Passenger,1,0,1,20,21,4.76
July 31 2020,Monroe,IL,Passenger,1,0,1,3,4,25.00
May 31 2019,Chelan,WA,Passenger,153,67,220,54336,54556,0.40
April 30 2019,Snohomish,WA,Truck,1,0,1,121993,121994,0.00
December 31 2018,Williamson,TX,Passenger,0,1,1,156,157,0.64
May 31 2021,Loudoun,VA,Passenger,1,0,1,74,75,1.33
September 30 2021,Carson City,NV,Passenger,1,0,1,11,12,8.33
October 31 2023,Parker,TX,Passenger,0,1,1,13,14,7.14
June 30 2020,Klickitat,WA,Passenger,53,41,94,15166,15260,0.62
February 28 2017,Klickitat,WA,Passenger,20,22,42,14768,14810,0.28
February 28 2022,Yakima,WA,Passenger,301,178,479,167939,168418,0.28
July 31 2017,,,Passenger,3,0,3,455,458,0.66
September 30 2020,Alameda,CA,Passenger,2,0,2,279,281,0.71
November 30 2022,Pierce,WA,Passenger,5986,2471,8457,538975,547432,1.54
May 31 2023,Mason,WA,Passenger,430,206,636,46292,46928,1.36
November 30 2021,Columbia,WA,Passenger,6,2,8,2456,2464,0.32
November 30 2020,Arapahoe,CO,Passenger,1,0,1,132,133,0.75
June 30 2021,Harris,TX,Passenger,1,1,2,230,232,0.86
November 30 2023,Polk,OR,Passenger,1,1,2,11,13,15.38
May 31 2022,Manassas,VA,Passenger,0,1,1,7,8,12.50
May 31 2017,Skamania,WA,Passenger,9,7,16,8529,8545,0.19
January 31 2020,Moore,NC,Passenger,0,1,1,166,167,0.60
March 31 2024,Riverside,CA,Passenger,5,0,5,318,323,1.55
January 31 2021,Salt Lake,UT,Passenger,0,1,1,190,191,0.52
May 31 2022,Broward,FL,Passenger,2,0,2,86,88,2.27
April 30 2019,Portsmouth,VA,Passenger,0,1,1,75,76,1.32
May 31 2021,Kern,CA,Passenger,0,1,1,216,217,0.46
March 31 2018,Lincoln,WA,Truck,0,0,0,4514,4514,0.00
June 30 2018,Hamilton,IN,Passenger,1,0,1,46,47,2.13
June 30 2020,Clark,WA,Passenger,2014,1058,3072,317583,320655,0.96
April 30 2023,Orange,CA,Passenger,10,3,13,341,354,3.67
September 30 2019,Williamson,TX,Passenger,0,2,2,153,155,1.29
March 31 2024,Douglas,CO,Passenger,0,2,2,41,43,4.65
June 30 2022,Pulaski,MO,Passenger,2,0,2,113,115,1.74
September 30 2017,Spokane,WA,Passenger,276,229,505,298110,298615,0.17
August 31 2018,Stevens,WA,Passenger,13,26,39,31682,31721,0.12
January 31 2023,Cumberland,PA,Passenger,1,0,1,41,42,2.38
January 31 2024,Middlesex,NJ,Passenger,1,0,1,18,19,5.26
January 31 2020,Kern,CA,Passenger,0,1,1,229,230,0.43
October 31 2021,Leavenworth,KS,Passenger,0,1,1,105,106,0.94
August 31 2019,Pierce,WA,Truck,0,0,0,140293,140293,0.00
August 31 2023,Pend Oreille,WA,Passenger,30,17,47,8880,8927,0.53
November 30 2023,Escambia,FL,Passenger,0,1,1,121,122,0.82
November 30 2018,Monterey,CA,Passenger,0,1,1,192,193,0.52
June 30 2019,Cochise,AZ,Passenger,0,1,1,114,115,0.87
February 28 2017,Franklin,WA,Truck,0,0,0,17902,17902,0.00
July 31 2018,Grant,WA,Truck,0,0,0,25942,25942,0.00
November 30 2022,Allen,IN,Passenger,1,0,1,18,19,5.26
August 31 2020,Vigo,IN,Passenger,1,0,1,5,6,16.67
February 28 2017,Dakota,MN,Passenger,0,1,1,42,43,2.33
August 31 2022,Jackson,OK,Passenger,0,1,1,31,32,3.12
January 31 2017,Durham,NC,Passenger,0,1,1,39,40,2.50
January 31 2024,Ferry,WA,Passenger,25,4,29,4258,4287,0.68
June 30 2020,Okaloosa,FL,Passenger,0,1,1,146,147,0.68
January 31 2017,Columbia,WA,Passenger,0,1,1,2332,2333,0.04
February 28 2021,San Francisco,CA,Passenger,1,1,2,102,104,1.92
February 28 2019,Fresno,CA,Passenger,1,0,1,196,197,0.51
July 31 2018,Virginia Beach,VA,Passenger,2,1,3,684,687,0.44
April 30 2023,Polk,OR,Passenger,1,1,2,17,19,10.53
December 31 2021,Charleston,SC,Passenger,2,1,3,82,85,3.53
December 31 2018,Lake,CA,Passenger,0,1,1,11,12,8.33
October 31 2021,Chelan,WA,Passenger,385,110,495,54665,55160,0.90
May 31 2022,Yakima,WA,Truck,0,0,0,61398,61398,0.00
September 30 2017,Clark,NV,Passenger,2,2,4,782,786,0.51
June 30 2020,Pinellas,FL,Passenger,1,1,2,116,118,1.69
September 30 2022,Nassau,NY,Passenger,2,0,2,31,33,6.06
March 31 2019,Cowlitz,WA,Passenger,84,101,185,72535,72720,0.25
January 31 2024,Hillsborough,FL,Passenger,2,2,4,88,92,4.35
June 30 2018,Clark,WA,Truck,0,0,0,79113,79113,0.00
August 31 2020,Clark,WA,Truck,0,0,0,82690,82690,0.00
April 30 2017,Jackson,MO,Passenger,1,0,1,70,71,1.41
May 31 2021,Tulsa,OK,Passenger,1,0,1,45,46,2.17
October 31 2022,Fulton,GA,Passenger,1,1,2,75,77,2.60
September 30 2018,Gwinnett,GA,Passenger,0,1,1,86,87,1.15
September 30 2019,Albemarle,VA,Passenger,1,0,1,25,26,3.85
December 31 2019,Walla Walla,WA,Passenger,63,60,123,36296,36419,0.34
July 31 2022,Asotin,WA,Truck,0,0,0,6677,6677,0.00
April 30 2017,Ferry,WA,Passenger,2,1,3,4400,4403,0.07
December 31 2019,Arlington,VA,Passenger,0,2,2,155,157,1.27
December 31 2021,Pacific,WA,Truck,0,0,0,8014,8014,0.00
July 31 2018,New Haven,CT,Passenger,0,1,1,48,49,2.04
October 31 2020,Clark,WA,Passenger,2212,1121,3333,318715,322048,1.03
March 31 2017,Harnett,NC,Passenger,1,0,1,262,263,0.38
December 31 2018,San Francisco,CA,Passenger,2,1,3,119,122,2.46
June 30 2017,Charles,MD,Passenger,0,1,1,90,91,1.10
July 31 2021,Denton,TX,Passenger,1,0,1,81,82,1.22
October 31 2019,Carroll,NH,Passenger,0,1,1,3,4,25.00
August 31 2023,Harrison,MS,Passenger,1,0,1,34,35,2.86
March 31 2023,Norfolk,VA,Passenger,2,2,4,289,293,1.37
January 31 2023,Chesterfield,VA,Passenger,1,0,1,38,39,2.56
August 31 2021,Hampshire,MA,Passenger,1,0,1,9,10,10.00
November 30 2021,Wilson,NC,Passenger,1,0,1,0,1,100.00
May 31 2019,Yakima,WA,Passenger,94,104,198,164983,165181,0.12
March 31 2018,Ferry,WA,Passenger,1,3,4,4404,4408,0.09
May 31 2018,Brevard,FL,Passenger,0,1,1,99,100,1.00
September 30 2019,Osceola,FL,Passenger,1,0,1,43,44,2.27
September 30 2023,Portsmouth,VA,Passenger,0,1,1,64,65,1.54
July 31 2023,Charlottesville,VA,Passenger,0,1,1,3,4,25.00
December 31 2022,Pierce,WA,Passenger,6151,2507,8658,537946,546604,1.58
June 30 2018,Spokane,WA,Truck,1,0,1,92618,92619,0.00
December 31 2018,Mecklenburg,NC,Passenger,1,0,1,81,82,1.22
January 31 2021,Eagle,CO,Passenger,1,0,1,7,8,12.50
June 30 2019,Kittitas,WA,Passenger,81,38,119,29614,29733,0.40
August 31 2019,Wahkiakum,WA,Passenger,2,2,4,3027,3031,0.13
September 30 2022,Arlington,VA,Passenger,1,0,1,123,124,0.81
January 31 2019,Whitman,WA,Truck,0,0,0,8515,8515,0.00
October 31 2021,Klamath,OR,Passenger,1,0,1,31,32,3.12
May 31 2023,Rockdale,GA,Passenger,1,0,1,5,6,16.67
February 28 2019,Camden,NJ,Passenger,0,1,1,27,28,3.57
March 31 2019,Skamania,WA,Passenger,21,15,36,8716,8752,0.41
April 30 2024,Kittitas,WA,Truck,26,0,26,14208,14234,0.18
September 30 2018,Suffolk,MA,Passenger,0,1,1,44,45,2.22
August 31 2022,Hardin,KY,Passenger,1,0,1,64,65,1.54
March 31 2023,Galveston,TX,Passenger,0,1,1,17,18,5.56
March 31 2021,Thurston,WA,Passenger,1432,823,2255,197229,199484,1.13
July 31 2019,Denver,CO,Passenger,1,0,1,130,131,0.76
September 30 2023,Parker,TX,Passenger,0,1,1,13,14,7.14
August 31 2020,RÃ­o Grande,PR,Passenger,1,0,1,1,2,50.00
November 30 2022,El Paso,CO,Passenger,2,2,4,579,583,0.69
February 28 2021,Palm Beach,FL,Passenger,0,2,2,79,81,2.47
January 31 2018,Shelby,TN,Passenger,0,1,1,106,107,0.93
June 30 2023,Whitman,WA,Truck,4,0,4,8605,8609,0.05
November 30 2022,Galveston,TX,Passenger,0,1,1,17,18,5.56
July 31 2018,Lake,CA,Passenger,0,1,1,10,11,9.09
June 30 2023,Whitman,WA,Passenger,150,79,229,21983,22212,1.03
November 30 2019,Rogers,OK,Passenger,1,0,1,7,8,12.50
July 31 2023,Hamilton,OH,Truck,1,0,1,4,5,20.00
December 31 2021,Yakima,WA,Passenger,286,173,459,168694,169153,0.27
May 31 2019,Thurston,WA,Passenger,844,629,1473,197033,198506,0.74
April 30 2023,Moore,NC,Passenger,0,1,1,108,109,0.92
January 31 2021,Okaloosa,FL,Passenger,0,1,1,144,145,0.69
September 30 2023,Polk,OR,Passenger,1,1,2,15,17,11.76
October 31 2022,Carroll,MD,Passenger,0,1,1,17,18,5.56
March 31 2020,Lincoln,WA,Passenger,2,12,14,7751,7765,0.18
September 30 2021,Fairfax,VA,Passenger,6,4,10,708,718,1.39
May 31 2023,Duval,FL,Passenger,1,0,1,252,253,0.40
September 30 2018,Walla Walla,WA,Passenger,36,50,86,35924,36010,0.24
July 31 2021,Chelan,WA,Passenger,350,101,451,54709,55160,0.82
August 31 2020,Lincoln,WA,Truck,0,0,0,4649,4649,0.00
March 31 2020,Whatcom,WA,Truck,3,0,3,43023,43026,0.01
June 30 2017,Wahkiakum,WA,Passenger,0,2,2,2832,2834,0.07
February 28 2017,Dallas,TX,Passenger,1,0,1,213,214,0.47
March 31 2019,Travis,TX,Passenger,4,1,5,215,220,2.27
July 31 2018,Mercer,NJ,Passenger,0,1,1,21,22,4.55
June 30 2022,Williamsburg,VA,Passenger,0,1,1,7,8,12.50
April 30 2020,Yakima,WA,Passenger,129,115,244,165226,165470,0.15
May 31 2023,San Bernardino,CA,Passenger,3,1,4,303,307,1.30
November 30 2023,Lake,IL,Passenger,5,0,5,119,124,4.03
March 31 2023,Denton,TX,Passenger,2,0,2,48,50,4.00
May 31 2022,Cumberland,NC,Passenger,1,4,5,385,390,1.28
May 31 2019,St. Mary's,MD,Passenger,1,0,1,210,211,0.47
September 30 2021,Danville,VA,Passenger,1,0,1,0,1,100.00
September 30 2022,Eau Claire,WI,Passenger,1,0,1,1,2,50.00
July 31 2018,Whatcom,WA,Truck,2,0,2,42314,42316,0.00
January 31 2017,Collier,FL,Passenger,1,1,2,23,25,8.00
February 29 2020,Spartanburg,SC,Passenger,0,1,1,49,50,2.00
July 31 2018,Nantucket,MA,Passenger,1,0,1,4,5,20.00
May 31 2019,Pend Oreille,WA,Passenger,4,5,9,9533,9542,0.09
January 31 2024,Cumberland,NC,Passenger,1,3,4,278,282,1.42
February 28 2019,Norfolk,VA,Passenger,2,2,4,346,350,1.14
October 31 2021,Philadelphia,PA,Passenger,1,0,1,45,46,2.17
February 29 2020,Montgomery,OH,Passenger,0,1,1,48,49,2.04
February 29 2024,Orange,NC,Passenger,0,1,1,3,4,25.00
July 31 2017,Whitman,WA,Passenger,12,19,31,22103,22134,0.14
November 30 2020,Richland,SC,Passenger,0,1,1,143,144,0.69
April 30 2019,Pacific,WA,Passenger,23,28,51,15915,15966,0.32
May 31 2018,San Francisco,CA,Passenger,0,1,1,131,132,0.76
August 31 2019,Ventura,CA,Passenger,0,2,2,319,321,0.62
October 31 2019,Jones,GA,Passenger,1,0,1,1,2,50.00
November 30 2019,Mason,WA,Passenger,140,128,268,47600,47868,0.56
November 30 2021,El Paso,TX,Passenger,3,0,3,377,380,0.79
July 31 2017,Honolulu,HI,Passenger,3,2,5,581,586,0.85
November 30 2018,Skamania,WA,Truck,0,0,0,4005,4005,0.00
December 31 2020,Kern,CA,Passenger,0,1,1,220,221,0.45
February 28 2019,St. Mary's,MD,Passenger,1,0,1,208,209,0.48
November 30 2021,Oldham,KY,Passenger,0,1,1,4,5,20.00
April 30 2019,Kittitas,WA,Passenger,71,35,106,29489,29595,0.36
September 30 2022,Kittitas,WA,Passenger,290,91,381,29596,29977,1.27
January 31 2019,Richland,SC,Passenger,0,1,1,165,166,0.60
April 30 2021,St. Louis,MO,Passenger,1,0,1,94,95,1.05
September 30 2019,Alexandria,VA,Passenger,1,0,1,143,144,0.69
August 31 2023,Boulder,CO,Passenger,2,0,2,31,33,6.06
July 31 2020,Wilson,TX,Passenger,0,1,1,6,7,14.29
March 31 2022,San Francisco,CA,Passenger,1,0,1,93,94,1.06
July 31 2021,Franklin,WA,Truck,0,0,0,20722,20722,0.00
March 31 2017,Duval,FL,Passenger,1,1,2,369,371,0.54
May 31 2021,Monterey,CA,Passenger,0,2,2,160,162,1.23
July 31 2018,Fulton,GA,Passenger,1,3,4,109,113,3.54
August 31 2023,Dorchester,SC,Passenger,1,0,1,40,41,2.44
October 31 2023,Tooele,UT,Passenger,2,0,2,8,10,20.00
November 30 2023,Whatcom,WA,Truck,83,0,83,42431,42514,0.20
December 31 2022,Clark,WA,Truck,51,0,51,81844,81895,0.06
April 30 2024,Okanogan,WA,Truck,13,0,13,15811,15824,0.08
January 31 2020,,,Passenger,6,2,8,420,428,1.87
July 31 2017,Charles,MD,Passenger,0,1,1,88,89,1.12
May 31 2019,Allegheny,PA,Passenger,1,0,1,90,91,1.10
October 31 2018,Klamath,OR,Passenger,1,0,1,36,37,2.70
February 28 2019,Asotin,WA,Passenger,12,9,21,12678,12699,0.17
March 31 2021,Island,WA,Truck,0,0,0,21428,21428,0.00
September 30 2023,Washoe,NV,Passenger,2,0,2,51,53,3.77
March 31 2023,Kern,CA,Passenger,1,1,2,193,195,1.03
February 29 2020,Sedgwick,KS,Passenger,1,1,2,99,101,1.98
May 31 2021,Denver,CO,Passenger,1,0,1,118,119,0.84
October 31 2023,El Paso,CO,Passenger,5,1,6,462,468,1.28
October 31 2019,Prince William,VA,Passenger,1,4,5,235,240,2.08
December 31 2023,Calvert,MD,Passenger,1,1,2,70,72,2.78
October 31 2017,Snohomish,WA,Truck,1,0,1,121457,121458,0.00
February 29 2020,Oklahoma,OK,Passenger,0,1,1,133,134,0.75
August 31 2021,Fresno,CA,Passenger,1,0,1,181,182,0.55
December 31 2017,Nassau,NY,Passenger,1,1,2,41,43,4.65
October 31 2022,Clark,NV,Passenger,9,2,11,501,512,2.15
December 31 2017,DeKalb,GA,Passenger,1,0,1,89,90,1.11
July 31 2023,Alameda,CA,Passenger,4,2,6,169,175,3.43
October 31 2017,Mason,WA,Truck,0,0,0,19460,19460,0.00
May 31 2022,Kittitas,WA,Passenger,248,80,328,29745,30073,1.09
April 30 2022,Okaloosa,FL,Passenger,0,1,1,109,110,0.91
May 31 2022,Baltimore,MD,Passenger,1,0,1,81,82,1.22
January 31 2022,Hillsborough,FL,Passenger,0,2,2,145,147,1.36
September 30 2023,Mobile,AL,Passenger,1,0,1,25,26,3.85
November 30 2023,Yuba,CA,Passenger,1,0,1,47,48,2.08
June 30 2019,Kalamazoo,MI,Passenger,1,0,1,15,16,6.25
July 31 2018,Prince George,VA,Passenger,0,1,1,74,75,1.33
November 30 2021,Onslow,NC,Passenger,0,1,1,170,171,0.58
July 31 2023,Burlington,NJ,Passenger,2,2,4,89,93,4.30
January 31 2022,Jefferson,WA,Passenger,383,197,580,24675,25255,2.30
January 31 2024,Multnomah,OR,Passenger,1,1,2,363,365,0.55
September 30 2018,Washoe,NV,Passenger,1,0,1,116,117,0.85
October 31 2021,Pacific,WA,Truck,0,0,0,7986,7986,0.00
September 30 2018,St. Mary's,MD,Passenger,1,0,1,215,216,0.46
May 31 2022,New Haven,CT,Passenger,0,2,2,33,35,5.71
July 31 2022,Muscogee,GA,Passenger,0,1,1,125,126,0.79
April 30 2024,Providence,RI,Passenger,1,0,1,15,16,6.25
June 30 2018,Skagit,WA,Passenger,206,166,372,90482,90854,0.41
July 31 2019,Mason,WA,Passenger,127,124,251,47306,47557,0.53
February 29 2024,Maricopa,AZ,Passenger,7,2,9,551,560,1.61
January 31 2022,,,Passenger,5,2,7,327,334,2.10
October 31 2018,Travis,TX,Passenger,1,0,1,206,207,0.48
October 31 2021,Adams,WA,Truck,0,0,0,5407,5407,0.00
February 28 2022,New Haven,CT,Passenger,0,2,2,35,37,5.41
December 31 2018,Richland,SC,Passenger,0,1,1,164,165,0.61
December 31 2020,Dakota,MN,Passenger,0,1,1,27,28,3.57
June 30 2018,Lewis,WA,Truck,0,0,0,25482,25482,0.00
December 31 2019,Charleston,SC,Passenger,1,0,1,113,114,0.88
October 31 2022,Lane,OR,Passenger,0,2,2,91,93,2.15
June 30 2021,Ventura,CA,Passenger,1,3,4,272,276,1.45
May 31 2022,Camden,NJ,Passenger,0,1,1,13,14,7.14
June 30 2022,Boulder,CO,Passenger,2,0,2,46,48,4.17
July 31 2021,Fulton,GA,Passenger,0,1,1,89,90,1.11
August 31 2021,Fort Bend,TX,Passenger,1,0,1,34,35,2.86
April 30 2024,Okanogan,WA,Passenger,178,85,263,25167,25430,1.03
October 31 2020,Duval,FL,Passenger,0,2,2,369,371,0.54
July 31 2020,Harris,TX,Passenger,1,0,1,254,255,0.39
April 30 2022,Camden,NJ,Passenger,0,1,1,13,14,7.14
October 31 2018,Dale,AL,Passenger,0,1,1,55,56,1.79
February 29 2024,Lane,OR,Passenger,0,1,1,53,54,1.85
March 31 2024,Columbia,WA,Truck,0,0,0,1523,1523,0.00
August 31 2018,Garfield,WA,Truck,0,0,0,954,954,0.00
February 28 2021,Wahkiakum,WA,Truck,0,0,0,1781,1781,0.00
February 28 2019,Bergen,NJ,Passenger,1,0,1,26,27,3.70
August 31 2023,Williamson,TX,Passenger,0,1,1,50,51,1.96
December 31 2019,Carson City,NV,Passenger,1,0,1,10,11,9.09
August 31 2022,Anne Arundel,MD,Passenger,3,3,6,338,344,1.74
January 31 2020,Santa Cruz,CA,Passenger,1,0,1,37,38,2.63
February 28 2021,Manassas,VA,Passenger,0,1,1,6,7,14.29
September 30 2021,Oldham,KY,Passenger,0,1,1,4,5,20.00
October 31 2021,Kitsap,WA,Passenger,2040,914,2954,180391,183345,1.61
September 30 2017,Kittitas,WA,Passenger,34,21,55,27983,28038,0.20
July 31 2017,Jefferson,NY,Passenger,1,1,2,248,250,0.80
December 31 2018,Arlington,VA,Passenger,1,1,2,167,169,1.18
November 30 2021,Nassau,NY,Passenger,3,0,3,33,36,8.33
April 30 2018,King,WA,Truck,7,1,8,183316,183324,0.00
September 30 2020,Whatcom,WA,Truck,3,0,3,43381,43384,0.01
September 30 2023,Hamilton,OH,Truck,1,0,1,4,5,20.00
July 31 2020,Okaloosa,FL,Passenger,0,1,1,147,148,0.68
January 31 2024,,,Passenger,5,0,5,232,237,2.11
July 31 2023,Wayne,MI,Passenger,0,1,1,41,42,2.38
June 30 2019,Thurston,WA,Truck,0,0,0,55119,55119,0.00
May 31 2022,Jefferson,WA,Truck,0,0,0,9491,9491,0.00
February 28 2021,Denver,CO,Passenger,1,0,1,121,122,0.82
December 31 2018,Dakota,MN,Passenger,0,2,2,34,36,5.56
March 31 2023,Kauai,HI,Passenger,1,1,2,15,17,11.76
July 31 2020,Cowlitz,WA,Passenger,146,117,263,72222,72485,0.36
January 31 2024,Ventura,CA,Passenger,3,2,5,192,197,2.54
January 31 2020,Cochise,AZ,Passenger,0,1,1,104,105,0.95
June 30 2018,Hawaii,HI,Passenger,1,0,1,75,76,1.32
November 30 2022,Allegheny,PA,Passenger,2,0,2,63,65,3.08
April 30 2018,Pacific,WA,Truck,0,0,0,7594,7594,0.00
January 31 2021,Mason,WA,Passenger,179,135,314,47674,47988,0.65
October 31 2021,Ferry,WA,Passenger,11,3,14,4446,4460,0.31
December 31 2022,Stevens,WA,Truck,2,0,2,18802,18804,0.01
September 30 2023,Monterey,CA,Truck,1,0,1,28,29,3.45
September 30 2020,King,WA,Truck,5,1,6,183625,183631,0.00
February 28 2023,Kitsap,WA,Truck,48,0,48,52735,52783,0.09
May 31 2020,Jefferson,WA,Truck,0,0,0,9507,9507,0.00
February 28 2023,Okanogan,WA,Passenger,107,56,163,26114,26277,0.62
December 31 2018,Skagit,WA,Passenger,259,187,446,91190,91636,0.49
October 31 2020,Pinellas,FL,Passenger,1,1,2,106,108,1.85
January 31 2019,Volusia,FL,Passenger,0,1,1,40,41,2.44
September 30 2019,Flathead,MT,Passenger,1,0,1,69,70,1.43
November 30 2017,Kent,MI,Passenger,0,1,1,34,35,2.86
June 30 2020,Randolph,NC,Passenger,1,0,1,7,8,12.50
March 31 2020,Grant,WA,Truck,0,0,0,27048,27048,0.00
August 31 2019,Guadalupe,TX,Passenger,1,0,1,75,76,1.32
November 30 2019,District of Columbia,DC,Passenger,1,1,2,207,209,0.96
August 31 2021,District of Columbia,DC,Passenger,4,1,5,193,198,2.53
October 31 2022,Allen,IN,Passenger,1,0,1,19,20,5.00
March 31 2017,Palm Beach,FL,Passenger,0,1,1,102,103,0.97
April 30 2021,Pinellas,FL,Passenger,1,1,2,99,101,1.98
September 30 2021,Douglas,CO,Passenger,0,1,1,87,88,1.14
October 31 2019,Wilson,TX,Passenger,0,1,1,8,9,11.11
March 31 2023,Sarpy,NE,Passenger,1,0,1,61,62,1.61
December 31 2020,Carroll,NH,Passenger,0,1,1,5,6,16.67
January 31 2021,Fresno,CA,Passenger,1,0,1,191,192,0.52
January 31 2017,Cumberland,NC,Passenger,1,0,1,639,640,0.16
January 31 2024,Stafford,VA,Passenger,3,0,3,72,75,4.00
March 31 2023,Henrico,VA,Passenger,0,1,1,8,9,11.11
May 31 2022,Yakima,WA,Passenger,325,189,514,166984,167498,0.31
March 31 2017,Whatcom,WA,Passenger,417,156,573,142210,142783,0.40
July 31 2023,San Juan,WA,Truck,15,0,15,5933,5948,0.25
September 30 2021,Kootenai,ID,Passenger,0,1,1,193,194,0.52
October 31 2023,Multnomah,OR,Passenger,1,2,3,393,396,0.76
April 30 2023,Alexandria,VA,Passenger,3,1,4,93,97,4.12
September 30 2020,Dakota,MN,Passenger,0,1,1,31,32,3.12
June 30 2021,Okaloosa,FL,Passenger,0,1,1,124,125,0.80
December 31 2020,Washtenaw,MI,Passenger,1,1,2,32,34,5.88
March 31 2022,Mercer,NJ,Passenger,0,1,1,14,15,6.67
February 28 2023,San Juan,WA,Passenger,577,172,749,13866,14615,5.12
February 28 2023,Douglas,CO,Passenger,0,1,1,70,71,1.41
November 30 2018,Sangamon,IL,Passenger,1,0,1,9,10,10.00
July 31 2023,Okanogan,WA,Passenger,128,65,193,26103,26296,0.73
November 30 2021,Yakima,WA,Passenger,272,167,439,168572,169011,0.26
March 31 2017,Cowlitz,WA,Truck,0,0,0,27903,27903,0.00
May 31 2018,Nueces,TX,Passenger,1,1,2,90,92,2.17
April 30 2021,Pima,AZ,Passenger,2,1,3,319,322,0.93
November 30 2020,Garfield,WA,Truck,0,0,0,995,995,0.00
December 31 2019,Monterey,CA,Passenger,0,1,1,189,190,0.53
September 30 2023,Monterey,CA,Passenger,0,3,3,119,122,2.46
January 31 2024,Chelan,WA,Passenger,773,216,989,53990,54979,1.80
December 31 2017,San Juan,WA,Passenger,132,43,175,13846,14021,1.25
September 30 2022,Douglas,WA,Truck,1,0,1,12778,12779,0.01
December 31 2017,Franklin,WA,Truck,0,0,0,18488,18488,0.00
April 30 2019,Wahkiakum,WA,Truck,0,0,0,1733,1733,0.00
November 30 2021,Douglas,CO,Passenger,0,1,1,89,90,1.11
October 31 2017,Maricopa,AZ,Passenger,2,1,3,1680,1683,0.18
January 31 2019,DuPage,IL,Passenger,1,0,1,63,64,1.56
September 30 2022,Hudson,NJ,Passenger,2,0,2,34,36,5.56
September 30 2023,New London,CT,Passenger,2,2,4,162,166,2.41
September 30 2023,Lake,IN,Passenger,0,1,1,6,7,14.29
April 30 2022,Rock Island,IL,Passenger,0,1,1,14,15,6.67
December 31 2022,Clark,WA,Passenger,4916,2025,6941,314552,321493,2.16
March 31 2023,Skagit,WA,Passenger,1022,383,1405,89079,90484,1.55
April 30 2017,Franklin,OH,Passenger,0,1,1,126,127,0.79
October 31 2021,Williamson,TX,Passenger,1,2,3,110,113,2.65
May 31 2023,Platte,MO,Passenger,1,0,1,20,21,4.76
December 31 2022,Clinton,PA,Passenger,1,0,1,1,2,50.00
June 30 2020,Grant,WA,Truck,0,0,0,27075,27075,0.00
November 30 2022,Penobscot,ME,Passenger,0,1,1,9,10,10.00
May 31 2019,Walla Walla,WA,Truck,0,0,0,13612,13612,0.00
February 28 2021,Columbia,WA,Truck,0,0,0,1542,1542,0.00
October 31 2022,Placer,CA,Passenger,2,0,2,67,69,2.90
February 28 2019,Tulsa,OK,Passenger,1,1,2,55,57,3.51
July 31 2020,Chelan,WA,Truck,0,0,0,22617,22617,0.00
September 30 2022,Klickitat,WA,Truck,2,0,2,8255,8257,0.02
November 30 2020,Camden,NJ,Passenger,0,1,1,23,24,4.17
June 30 2021,Meade,KY,Passenger,1,0,1,28,29,3.45
January 31 2022,Kootenai,ID,Passenger,0,1,1,181,182,0.55
September 30 2021,Wichita,TX,Passenger,1,0,1,43,44,2.27
June 30 2023,Douglas,CO,Passenger,0,2,2,59,61,3.28
November 30 2019,RÃ­o Grande,PR,Passenger,1,0,1,1,2,50.00
August 31 2019,Maricopa,AZ,Passenger,7,6,13,1614,1627,0.80
July 31 2019,Guadalupe,TX,Passenger,1,0,1,78,79,1.27
August 31 2022,St. Clair,IL,Passenger,1,0,1,115,116,0.86
July 31 2021,San Juan,WA,Passenger,443,139,582,14233,14815,3.93
May 31 2021,Adams,WA,Truck,0,0,0,5373,5373,0.00
September 30 2019,Clark,NV,Passenger,5,2,7,702,709,0.99
February 29 2024,Marin,CA,Passenger,1,1,2,27,29,6.90
December 31 2020,Columbia,WA,Truck,0,0,0,1542,1542,0.00
December 31 2021,Bartow,GA,Passenger,0,1,1,5,6,16.67
June 30 2018,DeKalb,GA,Passenger,1,0,1,82,83,1.20
June 30 2018,Asotin,WA,Passenger,9,6,15,12598,12613,0.12
February 29 2024,Escambia,FL,Passenger,0,1,1,113,114,0.88
January 31 2019,Clark,NV,Passenger,3,2,5,731,736,0.68
January 31 2017,Jackson,MO,Passenger,1,0,1,77,78,1.28
June 30 2021,Calvert,MD,Passenger,0,2,2,92,94,2.13
March 31 2019,Kalamazoo,MI,Passenger,1,0,1,14,15,6.67
January 31 2020,Twin Falls,ID,Passenger,0,1,1,30,31,3.23
June 30 2023,Galveston,TX,Passenger,0,1,1,14,15,6.67
January 31 2024,Spokane,WA,Passenger,2964,1451,4415,321301,325716,1.36
July 31 2018,Nassau,NY,Passenger,2,0,2,40,42,4.76
August 31 2023,Denton,TX,Passenger,1,0,1,39,40,2.50
April 30 2023,Harrison,MS,Passenger,1,0,1,37,38,2.63
July 31 2019,Larimer,CO,Passenger,1,0,1,57,58,1.72
July 31 2018,DeKalb,IN,Passenger,1,0,1,1,2,50.00
June 30 2021,Snohomish,WA,Passenger,5882,2046,7928,540040,547968,1.45
June 30 2019,Brevard,FL,Passenger,0,1,1,89,90,1.11
November 30 2023,Alexandria,VA,Passenger,3,0,3,79,82,3.66
June 30 2018,Dale,AL,Passenger,0,1,1,55,56,1.79
July 31 2019,Juneau,AK,Passenger,0,2,2,32,34,5.88
January 31 2018,Polk,FL,Passenger,1,0,1,65,66,1.52
December 31 2020,Clark,WA,Passenger,2356,1180,3536,319384,322920,1.10
July 31 2022,Walla Walla,WA,Passenger,175,98,273,35805,36078,0.76
August 31 2018,Collin,TX,Passenger,1,0,1,165,166,0.60
March 31 2018,Charles,MD,Passenger,0,1,1,83,84,1.19
January 31 2023,Ulster,NY,Passenger,1,0,1,8,9,11.11
March 31 2022,Marion,IA,Passenger,1,0,1,0,1,100.00
September 30 2022,Hanover,VA,Passenger,1,0,1,1,2,50.00
January 31 2020,Adams,WA,Passenger,7,7,14,12907,12921,0.11
October 31 2021,San Francisco,CA,Passenger,0,1,1,101,102,0.98
July 31 2019,District of Columbia,DC,Passenger,1,1,2,208,210,0.95
February 28 2018,El Paso,CO,Passenger,2,0,2,770,772,0.26
July 31 2019,Orange,CA,Passenger,6,1,7,542,549,1.28
February 28 2022,Yakima,WA,Truck,0,0,0,61631,61631,0.00
January 31 2020,Contra Costa,CA,Passenger,3,2,5,333,338,1.48
March 31 2017,Orange,FL,Passenger,1,1,2,151,153,1.31
March 31 2022,Lake,IN,Passenger,0,1,1,9,10,10.00
June 30 2022,Clark,WA,Passenger,4091,1780,5871,316310,322181,1.82
March 31 2024,Lincoln,WA,Truck,0,0,0,4746,4746,0.00
February 28 2018,Montgomery,TX,Passenger,1,0,1,63,64,1.56
September 30 2019,Palm Beach,FL,Passenger,0,2,2,85,87,2.30
March 31 2023,Snohomish,WA,Truck,133,0,133,122010,122143,0.11
January 31 2023,San Juan,WA,Truck,9,0,9,5909,5918,0.15
July 31 2022,Spokane,WA,Truck,8,0,8,101920,101928,0.01
September 30 2018,Wahkiakum,WA,Passenger,1,1,2,2978,2980,0.07
October 31 2021,Hawaii,HI,Passenger,1,0,1,46,47,2.13
April 30 2024,York,VA,Passenger,1,0,1,59,60,1.67
July 31 2022,Lincoln,OR,Passenger,0,1,1,26,27,3.70
May 31 2020,Powhatan,VA,Passenger,1,0,1,1,2,50.00
April 30 2024,Wahkiakum,WA,Passenger,35,23,58,2971,3029,1.91
November 30 2023,Whitman,WA,Truck,6,0,6,8658,8664,0.07
November 30 2017,Prince George,VA,Passenger,0,1,1,70,71,1.41
February 29 2020,Bucks,PA,Passenger,1,0,1,21,22,4.55
February 28 2021,Rogers,OK,Passenger,1,0,1,5,6,16.67
October 31 2020,Kent,MI,Passenger,0,1,1,26,27,3.70
July 31 2020,Klickitat,WA,Truck,0,0,0,8114,8114,0.00
June 30 2017,Missoula,MT,Passenger,1,0,1,72,73,1.37
January 31 2024,Montgomery,MD,Passenger,6,2,8,165,173,4.62
January 31 2020,Greene,MO,Passenger,0,1,1,32,33,3.03
October 31 2022,Goochland,VA,Passenger,1,2,3,103,106,2.83
March 31 2019,Jefferson,WA,Passenger,179,118,297,24873,25170,1.18
November 30 2023,Lincoln,WA,Passenger,21,25,46,7593,7639,0.60
January 31 2024,Ada,ID,Passenger,2,0,2,88,90,2.22
October 31 2019,Clay,FL,Passenger,0,1,1,89,90,1.11
October 31 2022,St. Lawrence,NY,Passenger,1,0,1,2,3,33.33
January 31 2023,Whatcom,WA,Truck,37,0,37,42966,43003,0.09
June 30 2023,Island,WA,Truck,32,0,32,21030,21062,0.15
August 31 2017,Skamania,WA,Passenger,10,7,17,8568,8585,0.20
October 31 2018,St. Clair,IL,Passenger,0,1,1,166,167,0.60
November 30 2021,Sonoma,CA,Passenger,0,1,1,94,95,1.05
October 31 2017,Lane,OR,Passenger,0,1,1,216,217,0.46
November 30 2022,Middlesex,NJ,Passenger,1,0,1,20,21,4.76
February 28 2019,San Diego,CA,Passenger,10,2,12,2636,2648,0.45
January 31 2021,Sedgwick,KS,Passenger,1,1,2,92,94,2.13
September 30 2018,St. Lucie,FL,Passenger,1,0,1,29,30,3.33
January 31 2022,Chelan,WA,Truck,0,0,0,23050,23050,0.00
July 31 2017,Yakima,WA,Truck,0,0,0,57461,57461,0.00
April 30 2021,Grays Harbor,WA,Truck,0,0,0,21409,21409,0.00
December 31 2020,Stevens,WA,Truck,0,0,0,18711,18711,0.00
June 30 2021,Arlington,VA,Passenger,0,1,1,144,145,0.69
October 31 2022,District of Columbia,DC,Passenger,2,0,2,163,165,1.21
June 30 2019,Boulder,CO,Passenger,1,0,1,48,49,2.04
July 31 2023,Rockdale,GA,Passenger,1,0,1,5,6,16.67
August 31 2021,Sevier,AR,Passenger,0,1,1,0,1,100.00
April 30 2022,King,WA,Truck,26,1,27,181644,181671,0.01
April 30 2017,Kitsap,WA,Truck,1,0,1,52315,52316,0.00
July 31 2018,Jefferson,WA,Passenger,147,99,246,24578,24824,0.99
June 30 2021,Riverside,CA,Passenger,5,1,6,567,573,1.05
May 31 2019,Collier,FL,Passenger,1,0,1,21,22,4.55
October 31 2019,Albemarle,VA,Passenger,1,0,1,27,28,3.57
November 30 2018,Broward,FL,Passenger,2,1,3,134,137,2.19
July 31 2021,Manassas,VA,Passenger,0,1,1,7,8,12.50
April 30 2018,Twin Falls,ID,Passenger,0,1,1,24,25,4.00
October 31 2019,Benton,WA,Truck,0,0,0,42370,42370,0.00
October 31 2019,Monterey,CA,Passenger,0,1,1,190,191,0.52
November 30 2021,Plaquemines,LA,Passenger,0,1,1,19,20,5.00
September 30 2020,Wilson,TX,Passenger,0,1,1,6,7,14.29
May 31 2021,Harrison,MS,Passenger,2,0,2,54,56,3.57
November 30 2019,DeKalb,IN,Passenger,1,0,1,1,2,50.00
January 31 2022,Spokane,WA,Truck,0,0,0,102556,102556,0.00
October 31 2022,Asotin,WA,Truck,0,0,0,6674,6674,0.00
December 31 2022,Portsmouth,VA,Passenger,0,1,1,70,71,1.41
June 30 2023,San Bernardino,CA,Passenger,3,1,4,301,305,1.31
June 30 2022,Okanogan,WA,Truck,1,0,1,16632,16633,0.01
March 31 2023,Ferry,WA,Truck,0,0,0,3570,3570,0.00
June 30 2023,Grant,WA,Passenger,282,126,408,67184,67592,0.60
June 30 2022,Jefferson,WA,Passenger,434,217,651,24573,25224,2.58
June 30 2018,Allegheny,PA,Passenger,1,0,1,82,83,1.20
April 30 2017,Cobb,GA,Passenger,0,1,1,79,80,1.25
November 30 2022,Newport News,VA,Passenger,1,0,1,105,106,0.94
December 31 2017,Kitsap,WA,Truck,1,0,1,52695,52696,0.00
August 31 2019,Cumberland,NC,Passenger,0,2,2,504,506,0.40
July 31 2023,San Mateo,CA,Passenger,2,0,2,62,64,3.12
March 31 2022,Harris,TX,Passenger,1,0,1,180,181,0.55
June 30 2019,Collier,FL,Passenger,1,0,1,20,21,4.76
October 31 2019,Collier,FL,Passenger,1,0,1,20,21,4.76
June 30 2020,Gwinnett,GA,Passenger,1,0,1,77,78,1.28
November 30 2017,Wahkiakum,WA,Truck,0,0,0,1661,1661,0.00
February 29 2024,Wahkiakum,WA,Truck,4,0,4,1733,1737,0.23
May 31 2018,Juneau,AK,Passenger,0,1,1,46,47,2.13
June 30 2020,Pierce,WA,Truck,0,0,0,142106,142106,0.00
July 31 2020,Loudoun,VA,Passenger,1,0,1,84,85,1.18
September 30 2022,Henrico,VA,Passenger,0,1,1,11,12,8.33
July 31 2018,Benton,WA,Passenger,193,197,390,131712,132102,0.30
July 31 2021,Clallam,WA,Passenger,341,220,561,50452,51013,1.10
February 28 2021,El Paso,TX,Passenger,3,0,3,397,400,0.75
March 31 2022,Frederick,MD,Passenger,1,1,2,70,72,2.78
November 30 2017,Ramsey,MN,Passenger,1,0,1,41,42,2.38
November 30 2021,Pennington,SD,Passenger,1,0,1,34,35,2.86
April 30 2017,Douglas,WA,Truck,0,0,0,11451,11451,0.00
August 31 2021,Kings,CA,Passenger,1,0,1,327,328,0.30
February 28 2017,Duval,FL,Passenger,1,1,2,367,369,0.54
August 31 2023,Anchorage,AK,Passenger,1,0,1,94,95,1.05
September 30 2017,Tarrant,TX,Passenger,1,0,1,233,234,0.43
July 31 2021,Hillsborough,FL,Passenger,0,2,2,154,156,1.28
April 30 2018,Ada,ID,Passenger,0,2,2,341,343,0.58
July 31 2023,New Haven,CT,Passenger,0,2,2,25,27,7.41
February 28 2017,Island,WA,Truck,0,0,0,20492,20492,0.00
April 30 2022,Orange,FL,Passenger,2,0,2,103,105,1.90
August 31 2022,Montgomery,AL,Passenger,0,1,1,38,39,2.56
June 30 2021,Shelby,OH,Passenger,0,1,1,2,3,33.33
June 30 2020,Mason,WA,Truck,0,0,0,20597,20597,0.00
May 31 2022,Kittitas,WA,Truck,1,0,1,14677,14678,0.01
December 31 2022,Okanogan,WA,Truck,2,0,2,16427,16429,0.01
April 30 2019,Grant,WA,Passenger,35,60,95,64376,64471,0.15
August 31 2018,St. Mary's,MD,Passenger,1,0,1,216,217,0.46
June 30 2023,Hardin,KY,Passenger,1,0,1,57,58,1.72
August 31 2022,Carroll,MD,Passenger,0,1,1,16,17,5.88
July 31 2017,Missoula,MT,Passenger,1,0,1,72,73,1.37
October 31 2017,Carroll,NH,Passenger,0,1,1,1,2,50.00
October 31 2023,Snohomish,WA,Passenger,15102,3402,18504,526792,545296,3.39
May 31 2018,Cowlitz,WA,Truck,0,0,0,28357,28357,0.00
October 31 2017,Riverside,CA,Passenger,1,2,3,751,754,0.40
October 31 2019,Pinal,AZ,Passenger,1,0,1,198,199,0.50
February 28 2019,Kootenai,ID,Passenger,1,2,3,210,213,1.41
May 31 2023,Okanogan,WA,Truck,7,0,7,16478,16485,0.04
February 29 2024,Montgomery,AL,Passenger,1,0,1,33,34,2.94
December 31 2018,El Paso,TX,Passenger,1,0,1,492,493,0.20
November 30 2023,Alameda,CA,Passenger,4,2,6,149,155,3.87
July 31 2022,Kern,CA,Passenger,0,1,1,193,194,0.52
December 31 2021,Meade,KY,Passenger,1,0,1,26,27,3.70
September 30 2021,Fulton,GA,Passenger,0,1,1,81,82,1.22
December 31 2021,Rogers,OK,Passenger,1,0,1,4,5,20.00
December 31 2020,Cowlitz,WA,Passenger,177,127,304,72108,72412,0.42
July 31 2022,Arapahoe,CO,Passenger,0,1,1,94,95,1.05
September 30 2023,Madison,IL,Passenger,2,0,2,16,18,11.11
December 31 2022,Lewis,WA,Truck,1,0,1,26275,26276,0.00
August 31 2018,Douglas,NE,Passenger,0,1,1,72,73,1.37
November 30 2018,Richland,SC,Passenger,0,1,1,165,166,0.60
September 30 2023,Lincoln,OR,Passenger,0,1,1,14,15,6.67
December 31 2023,St. Louis,MO,Passenger,1,0,1,52,53,1.89
March 31 2019,Douglas,NE,Passenger,0,1,1,65,66,1.52
January 31 2019,Madison,ID,Passenger,1,0,1,37,38,2.63
September 30 2020,Klamath,OR,Passenger,1,0,1,34,35,2.86
May 31 2021,Meade,KY,Passenger,1,0,1,29,30,3.33
February 28 2019,Kittitas,WA,Passenger,73,37,110,29446,29556,0.37
June 30 2020,Queens,NY,Passenger,1,0,1,51,52,1.92
July 31 2020,Cumberland,NC,Passenger,0,3,3,474,477,0.63
September 30 2018,Stevens,WA,Truck,0,0,0,18673,18673,0.00
February 28 2022,Monterey,CA,Passenger,0,3,3,147,150,2.00
February 28 2017,El Paso,CO,Passenger,1,1,2,846,848,0.24
November 30 2019,Klamath,OR,Passenger,1,0,1,39,40,2.50
January 31 2022,Santa Cruz,CA,Passenger,1,0,1,29,30,3.33
June 30 2019,Manatee,FL,Passenger,1,0,1,33,34,2.94
May 31 2023,New London,CT,Passenger,2,2,4,172,176,2.27
November 30 2017,Ferry,WA,Passenger,1,3,4,4409,4413,0.09
October 31 2023,Cache,UT,Passenger,1,0,1,9,10,10.00
January 31 2022,Ray,MO,Passenger,0,1,1,1,2,50.00
July 31 2019,Thurston,WA,Passenger,905,651,1556,198052,199608,0.78
November 30 2018,Snohomish,WA,Passenger,2790,1415,4205,526665,530870,0.79
June 30 2019,Spokane,WA,Passenger,538,432,970,311727,312697,0.31
July 31 2019,Cowlitz,WA,Passenger,106,107,213,73135,73348,0.29
May 31 2018,Snohomish,WA,Truck,1,0,1,121471,121472,0.00
January 31 2024,Wahkiakum,WA,Truck,4,0,4,1731,1735,0.23
May 31 2018,Washington,OR,Passenger,0,1,1,482,483,0.21
September 30 2021,Tarrant,TX,Passenger,2,0,2,149,151,1.32
April 30 2022,Deschutes,OR,Passenger,2,0,2,103,105,1.90
September 30 2022,Travis,TX,Passenger,3,1,4,113,117,3.42
May 31 2022,Owyhee,ID,Passenger,1,0,1,2,3,33.33
March 31 2019,Cook,IL,Passenger,1,0,1,251,252,0.40
October 31 2023,Williamson,TX,Passenger,0,1,1,45,46,2.17
September 30 2019,Twin Falls,ID,Passenger,0,1,1,27,28,3.57
July 31 2022,Rock Island,IL,Passenger,0,1,1,13,14,7.14
August 31 2020,Island,WA,Passenger,434,274,708,62733,63441,1.12
November 30 2022,Maricopa,AZ,Passenger,9,4,13,897,910,1.43
February 28 2019,Alameda,CA,Passenger,0,2,2,329,331,0.60
September 30 2023,Shasta,CA,Passenger,1,0,1,24,25,4.00
August 31 2019,Kittitas,WA,Passenger,79,44,123,29748,29871,0.41
February 29 2020,Ferry,WA,Truck,0,0,0,3583,3583,0.00
November 30 2017,Manassas,VA,Passenger,0,1,1,9,10,10.00
September 30 2020,Albemarle,VA,Passenger,1,0,1,22,23,4.35
September 30 2019,Klickitat,WA,Passenger,38,36,74,15619,15693,0.47
February 28 2019,Pima,AZ,Passenger,1,1,2,422,424,0.47
September 30 2019,Maui,HI,Passenger,2,0,2,45,47,4.26
February 28 2022,Norfolk,MA,Passenger,1,0,1,26,27,3.70
October 31 2018,Utah,UT,Passenger,0,1,1,146,147,0.68
October 31 2023,Champaign,IL,Passenger,1,0,1,13,14,7.14
January 31 2022,Columbia,OR,Passenger,1,0,1,24,25,4.00
August 31 2021,Okanogan,WA,Passenger,66,45,111,26459,26570,0.42
January 31 2023,Pacific,WA,Passenger,72,81,153,15702,15855,0.96
January 31 2024,Goochland,VA,Passenger,1,1,2,34,36,5.56
July 31 2018,Montgomery,TX,Passenger,1,0,1,66,67,1.49
January 31 2018,Norfolk,MA,Passenger,1,0,1,37,38,2.63
April 30 2020,Kitsap,WA,Truck,1,0,1,53897,53898,0.00
May 31 2022,Pacific,WA,Passenger,60,68,128,15897,16025,0.80
April 30 2021,Polk,FL,Passenger,1,0,1,65,66,1.52
September 30 2021,San Luis Obispo,CA,Passenger,1,0,1,65,66,1.52
November 30 2022,Sonoma,CA,Passenger,2,1,3,80,83,3.61
September 30 2018,Collin,TX,Passenger,1,1,2,168,170,1.18
August 31 2020,St. Louis,MO,Passenger,1,0,1,102,103,0.97
May 31 2021,Howard,IN,Passenger,0,1,1,3,4,25.00
August 31 2020,King,WA,Truck,5,1,6,183270,183276,0.00
April 30 2024,San Juan,WA,Passenger,714,201,915,13218,14133,6.47
February 28 2017,Harnett,NC,Passenger,1,0,1,265,266,0.38
December 31 2021,Denton,TX,Passenger,2,0,2,76,78,2.56
February 28 2022,Whatcom,WA,Passenger,1691,685,2376,149210,151586,1.57
July 31 2023,San Bernardino,CA,Passenger,3,1,4,296,300,1.33
January 31 2022,New London,CT,Passenger,1,3,4,210,214,1.87
July 31 2023,Bell,TX,Passenger,1,0,1,253,254,0.39
April 30 2020,New Haven,CT,Passenger,0,2,2,40,42,4.76
December 31 2022,Napa,CA,Passenger,0,1,1,12,13,7.69
July 31 2017,Franklin,MA,Passenger,0,1,1,4,5,20.00
April 30 2020,King,WA,Passenger,24081,7695,31776,1385376,1417152,2.24
February 28 2023,Skagit,WA,Passenger,983,377,1360,89179,90539,1.50
September 30 2019,Cowlitz,WA,Passenger,106,106,212,73302,73514,0.29
July 31 2017,Collin,TX,Passenger,0,1,1,147,148,0.68
August 31 2022,Douglas,NE,Passenger,1,2,3,40,43,6.98
December 31 2019,Howard,MD,Passenger,0,1,1,81,82,1.22
January 31 2022,Howard,MD,Passenger,0,2,2,64,66,3.03
January 31 2024,Kootenai,ID,Truck,1,0,1,23,24,4.17
July 31 2023,Whatcom,WA,Truck,63,0,63,42706,42769,0.15
June 30 2017,Columbia,WA,Passenger,1,1,2,2354,2356,0.08
May 31 2021,Yamhill,OR,Passenger,1,0,1,43,44,2.27
April 30 2021,Meade,KY,Passenger,1,0,1,29,30,3.33
July 31 2020,Owyhee,ID,Passenger,1,0,1,3,4,25.00
April 30 2023,Sheridan,WY,Passenger,1,0,1,6,7,14.29
July 31 2019,Oldham,KY,Passenger,0,1,1,5,6,16.67
April 30 2020,Whatcom,WA,Passenger,1059,490,1549,150075,151624,1.02
December 31 2017,San Diego,CA,Passenger,6,1,7,2571,2578,0.27
February 28 2018,Stevens,WA,Passenger,10,21,31,31513,31544,0.10
June 30 2020,Garfield,WA,Passenger,0,1,1,1351,1352,0.07
June 30 2018,Asotin,WA,Truck,0,0,0,6613,6613,0.00
December 31 2021,Palm Beach,FL,Passenger,0,1,1,63,64,1.56
December 31 2019,Orange,CA,Passenger,7,2,9,531,540,1.67
August 31 2017,Deschutes,OR,Passenger,1,0,1,201,202,0.50
August 31 2023,Saratoga,NY,Passenger,1,1,2,33,35,5.71
January 31 2021,DeKalb,IN,Passenger,1,0,1,0,1,100.00
January 31 2018,Snohomish,WA,Passenger,2074,1093,3167,517987,521154,0.61
May 31 2018,Whitman,WA,Passenger,19,27,46,22573,22619,0.20
May 31 2018,Okanogan,WA,Passenger,8,19,27,25871,25898,0.10
April 30 2018,Pacific,WA,Passenger,14,19,33,15480,15513,0.21
January 31 2021,Grays Harbor,WA,Truck,0,0,0,21236,21236,0.00
September 30 2018,St. Clair,IL,Passenger,0,1,1,163,164,0.61
March 31 2017,Pima,AZ,Passenger,0,2,2,460,462,0.43
March 31 2020,Bexar,TX,Passenger,1,5,6,650,656,0.91
August 31 2019,Multnomah,OR,Passenger,5,6,11,766,777,1.42
February 29 2024,Montgomery,MD,Passenger,6,2,8,161,169,4.73
June 30 2023,Lincoln,WA,Truck,0,0,0,4856,4856,0.00
April 30 2023,Madison,IL,Passenger,2,0,2,17,19,10.53
August 31 2019,Whatcom,WA,Passenger,903,450,1353,151160,152513,0.89
March 31 2023,Columbia,WA,Passenger,8,1,9,2408,2417,0.37
December 31 2019,Clark,NV,Passenger,4,2,6,701,707,0.85
June 30 2022,Oldham,KY,Passenger,0,1,1,4,5,20.00
September 30 2022,Eagle,CO,Passenger,1,0,1,7,8,12.50
December 31 2018,Allegheny,PA,Passenger,1,0,1,88,89,1.12
August 31 2021,Vigo,IN,Passenger,1,0,1,5,6,16.67
January 31 2019,Snohomish,WA,Passenger,3075,1488,4563,528166,532729,0.86
August 31 2023,Clark,WA,Passenger,6364,2434,8798,313581,322379,2.73
March 31 2017,Orange,CA,Passenger,2,1,3,668,671,0.45
January 31 2024,Honolulu,HI,Passenger,4,2,6,238,244,2.46
November 30 2021,Columbia,OR,Passenger,1,0,1,23,24,4.17
July 31 2023,Escambia,FL,Passenger,0,1,1,136,137,0.73
February 29 2024,El Paso,TX,Passenger,3,0,3,249,252,1.19
January 31 2022,Cowlitz,WA,Truck,0,1,1,28905,28906,0.00
August 31 2017,Columbia,WA,Truck,0,0,0,1542,1542,0.00
January 31 2024,Clark,NV,Passenger,7,2,9,350,359,2.51
March 31 2023,Ventura,CA,Passenger,3,2,5,229,234,2.14
July 31 2022,Washtenaw,MI,Passenger,0,1,1,27,28,3.57
October 31 2018,Manassas,VA,Passenger,0,1,1,9,10,10.00
April 30 2022,Mason,WA,Passenger,292,176,468,47475,47943,0.98
June 30 2019,Contra Costa,CA,Passenger,2,2,4,380,384,1.04
August 31 2023,Douglas,CO,Passenger,0,2,2,57,59,3.39
November 30 2022,Anne Arundel,MD,Passenger,3,3,6,315,321,1.87
July 31 2020,Ramsey,MN,Passenger,1,0,1,40,41,2.44
October 31 2017,Kitsap,WA,Passenger,662,355,1017,174867,175884,0.58
April 30 2022,Skamania,WA,Passenger,67,46,113,8207,8320,1.36
February 29 2020,El Paso,CO,Passenger,2,0,2,748,750,0.27
September 30 2020,Richland,SC,Passenger,0,1,1,147,148,0.68
March 31 2024,Garfield,OK,Passenger,1,0,1,14,15,6.67
November 30 2022,Sarpy,NE,Passenger,1,0,1,63,64,1.56
February 29 2020,Larimer,CO,Passenger,1,0,1,52,53,1.89
July 31 2021,Sumter,SC,Passenger,0,1,1,34,35,2.86
September 30 2022,Onslow,NC,Passenger,0,1,1,168,169,0.59
May 31 2019,Adams,WA,Truck,0,0,0,5124,5124,0.00
December 31 2019,Spokane,WA,Passenger,642,471,1113,314964,316077,0.35
June 30 2018,Ferry,WA,Truck,0,0,0,3512,3512,0.00
November 30 2017,Utah,UT,Passenger,0,1,1,145,146,0.68
December 31 2023,Santa Clara,CA,Passenger,10,2,12,148,160,7.50
December 31 2023,San Mateo,CA,Passenger,2,0,2,53,55,3.64
December 31 2022,Cook,IL,Passenger,3,0,3,186,189,1.59
May 31 2020,Lake,FL,Passenger,1,0,1,23,24,4.17
September 30 2021,Santa Cruz,CA,Passenger,1,0,1,30,31,3.23
June 30 2022,Fredericksburg,VA,Passenger,1,0,1,7,8,12.50
February 28 2022,Powhatan,VA,Passenger,1,0,1,1,2,50.00
April 30 2017,San Diego,CA,Passenger,5,1,6,2771,2777,0.22
January 31 2018,Jefferson,WA,Truck,0,0,0,9478,9478,0.00
February 28 2021,Nassau,FL,Passenger,1,0,1,32,33,3.03
April 30 2024,Hudson,NJ,Passenger,1,0,1,14,15,6.67
April 30 2022,Ferry,WA,Passenger,19,4,23,4405,4428,0.52
September 30 2022,Lee,FL,Passenger,1,0,1,32,33,3.03
August 31 2020,Ferry,WA,Truck,0,0,0,3584,3584,0.00
January 31 2024,Allegheny,PA,Passenger,1,0,1,49,50,2.00
August 31 2023,Ventura,CA,Passenger,2,2,4,207,211,1.90
April 30 2022,Providence,RI,Passenger,1,0,1,23,24,4.17
July 31 2022,Charleston,SC,Passenger,2,2,4,67,71,5.63
May 31 2022,Carson City,NV,Passenger,1,0,1,9,10,10.00
April 30 2024,Kitsap,WA,Passenger,4298,1590,5888,170556,176444,3.34
January 31 2021,Pacific,WA,Passenger,35,37,72,15785,15857,0.45
April 30 2023,Columbia,WA,Passenger,8,1,9,2405,2414,0.37
October 31 2022,Ada,ID,Passenger,1,0,1,156,157,0.64
March 31 2022,Wichita,TX,Passenger,1,0,1,43,44,2.27
August 31 2021,Orange,FL,Passenger,2,0,2,117,119,1.68
May 31 2019,Bucks,PA,Passenger,1,0,1,20,21,4.76
July 31 2018,Pierce,WA,Truck,0,0,0,138034,138034,0.00
August 31 2019,Riverside,CA,Passenger,3,2,5,661,666,0.75
December 31 2021,Honolulu,HI,Passenger,4,4,8,395,403,1.99
December 31 2021,Alameda,CA,Passenger,5,0,5,228,233,2.15
February 28 2017,Jackson,MO,Passenger,1,0,1,73,74,1.35
April 30 2022,Nassau,NY,Passenger,3,0,3,37,40,7.50
July 31 2019,Grays Harbor,WA,Truck,0,0,0,20532,20532,0.00
October 31 2018,Wahkiakum,WA,Passenger,1,1,2,2982,2984,0.07
November 30 2017,Jefferson,NY,Passenger,1,0,1,235,236,0.42
March 31 2020,Harris,TX,Passenger,1,0,1,268,269,0.37
December 31 2023,Anne Arundel,MD,Passenger,4,3,7,279,286,2.45
March 31 2020,Maui,HI,Passenger,2,0,2,38,40,5.00
November 30 2020,Pend Oreille,WA,Truck,0,0,0,5717,5717,0.00
February 28 2023,Platte,MO,Passenger,1,0,1,20,21,4.76
February 29 2020,Randolph,NC,Passenger,1,0,1,7,8,12.50
March 31 2018,Kittitas,WA,Passenger,41,30,71,28742,28813,0.25
April 30 2018,Skamania,WA,Passenger,12,8,20,8701,8721,0.23
August 31 2018,Walla Walla,WA,Truck,0,0,0,13500,13500,0.00
January 31 2019,Clallam,WA,Truck,0,0,0,21630,21630,0.00
October 31 2017,Deschutes,OR,Passenger,1,0,1,193,194,0.52
April 30 2023,Kern,CA,Passenger,1,1,2,187,189,1.06
January 31 2023,Frederick,MD,Passenger,1,0,1,61,62,1.61
August 31 2017,Monterey,CA,Passenger,0,2,2,196,198,1.01
March 31 2020,Collin,TX,Passenger,2,1,3,141,144,2.08
December 31 2021,Cumberland,NC,Passenger,1,4,5,414,419,1.19
June 30 2020,Boulder,CO,Passenger,1,1,2,46,48,4.17
July 31 2021,Henrico,VA,Passenger,0,1,1,15,16,6.25
April 30 2020,Ulster,NY,Passenger,1,0,1,13,14,7.14
June 30 2017,Anne Arundel,MD,Passenger,0,1,1,498,499,0.20
April 30 2021,Harris,TX,Passenger,1,1,2,236,238,0.84
April 30 2024,Klickitat,WA,Truck,20,0,20,8017,8037,0.25
May 31 2017,Albemarle,VA,Passenger,0,1,1,31,32,3.12
January 31 2019,Travis,TX,Passenger,3,1,4,213,217,1.84
September 30 2019,Houston,GA,Passenger,1,0,1,58,59,1.69
December 31 2021,Carroll,NH,Passenger,0,1,1,5,6,16.67
March 31 2018,Clark,WA,Truck,0,0,0,78614,78614,0.00
May 31 2020,Whatcom,WA,Truck,3,0,3,42843,42846,0.01
September 30 2023,Lewis,WA,Passenger,366,275,641,59340,59981,1.07
November 30 2023,Jefferson,WA,Passenger,636,270,906,24144,25050,3.62
July 31 2019,San Mateo,CA,Passenger,2,1,3,123,126,2.38
September 30 2020,Pierce,WA,Truck,0,0,0,143926,143926,0.00
November 30 2022,Deschutes,OR,Passenger,1,0,1,83,84,1.19
February 28 2023,Coryell,TX,Passenger,1,0,1,85,86,1.16
August 31 2017,Morris,NJ,Passenger,1,0,1,23,24,4.17
July 31 2017,Hamilton,IN,Passenger,1,0,1,58,59,1.69
November 30 2023,Providence,RI,Passenger,1,0,1,16,17,5.88
April 30 2022,Franklin,WA,Passenger,179,105,284,61952,62236,0.46
April 30 2020,Grant,WA,Truck,0,0,0,26987,26987,0.00
January 31 2023,Bell,TX,Passenger,1,0,1,297,298,0.34
February 29 2020,Brevard,FL,Passenger,0,1,1,92,93,1.08
September 30 2019,Dallas,TX,Passenger,1,0,1,215,216,0.46
April 30 2021,Pennington,SD,Passenger,1,0,1,33,34,2.94
August 31 2023,Yuba,CA,Passenger,1,0,1,49,50,2.00
May 31 2021,Williams,ND,Passenger,0,1,1,7,8,12.50
February 28 2023,Geary,KS,Passenger,1,0,1,72,73,1.37
March 31 2023,Geary,KS,Passenger,1,0,1,71,72,1.39
December 31 2022,York,VA,Passenger,1,0,1,78,79,1.27
April 30 2024,Garfield,WA,Truck,0,0,0,976,976,0.00
October 31 2021,Snohomish,WA,Truck,2,0,2,125737,125739,0.00
February 28 2018,Pacific,WA,Passenger,15,17,32,15456,15488,0.21
April 30 2021,Douglas,CO,Passenger,0,1,1,83,84,1.19
November 30 2021,Sevier,AR,Passenger,0,1,1,0,1,100.00
September 30 2020,Snohomish,WA,Passenger,4695,1806,6501,537050,543551,1.20
February 28 2018,Riverside,CA,Passenger,2,2,4,727,731,0.55
January 31 2024,District of Columbia,DC,Passenger,3,0,3,139,142,2.11
April 30 2022,St. Clair,IL,Passenger,1,0,1,125,126,0.79
May 31 2020,Eagle,CO,Passenger,1,0,1,8,9,11.11
September 30 2021,Portsmouth,VA,Passenger,0,1,1,80,81,1.23
November 30 2019,Flathead,MT,Passenger,1,0,1,70,71,1.41
June 30 2020,St. Mary's,MD,Passenger,1,0,1,216,217,0.46
October 31 2023,Duval,FL,Passenger,1,0,1,219,220,0.45
July 31 2023,Douglas,NE,Passenger,1,1,2,25,27,7.41
November 30 2022,Grant,WA,Passenger,221,110,331,66734,67065,0.49
December 31 2022,Sacramento,CA,Passenger,3,1,4,208,212,1.89
February 28 2022,Clackamas,OR,Passenger,2,0,2,170,172,1.16
May 31 2020,Clallam,WA,Truck,1,0,1,21663,21664,0.00
May 31 2018,Jefferson,NY,Passenger,1,0,1,229,230,0.43
April 30 2023,Nassau,NY,Passenger,2,0,2,30,32,6.25
July 31 2019,Randolph,NC,Passenger,1,0,1,6,7,14.29
October 31 2023,Garfield,WA,Passenger,0,4,4,1297,1301,0.31
November 30 2020,Orange,NC,Passenger,0,1,1,13,14,7.14
November 30 2018,Hennepin,MN,Passenger,2,0,2,109,111,1.80
December 31 2021,Ulster,NY,Passenger,1,0,1,14,15,6.67
August 31 2023,St. Lawrence,NY,Passenger,1,0,1,2,3,33.33
February 29 2024,St. Lawrence,NY,Passenger,1,0,1,1,2,50.00
November 30 2018,Asotin,WA,Truck,0,0,0,6617,6617,0.00
August 31 2018,Allegheny,PA,Passenger,1,0,1,84,85,1.18
December 31 2021,Larimer,CO,Passenger,1,0,1,49,50,2.00
October 31 2019,Cochise,AZ,Passenger,0,1,1,106,107,0.93
March 31 2020,Owyhee,ID,Passenger,1,0,1,3,4,25.00
April 30 2018,Franklin,MA,Passenger,0,1,1,2,3,33.33
January 31 2022,Louisa,VA,Passenger,0,1,1,1,2,50.00
August 31 2021,Norfolk,VA,Passenger,2,3,5,320,325,1.54
June 30 2019,Franklin,WA,Passenger,52,69,121,59900,60021,0.20
April 30 2019,Hennepin,MN,Passenger,2,0,2,104,106,1.89
November 30 2020,San Juan,WA,Truck,0,0,0,5863,5863,0.00
February 28 2022,Jefferson,NY,Passenger,1,0,1,218,219,0.46
January 31 2020,Washington,OR,Passenger,1,0,1,472,473,0.21
June 30 2022,San Mateo,CA,Passenger,2,0,2,87,89,2.25
August 31 2023,Cook,IL,Passenger,3,1,4,152,156,2.56
September 30 2020,Cumberland,NC,Passenger,0,3,3,465,468,0.64
December 31 2023,Williamsburg,VA,Passenger,0,1,1,4,5,20.00
July 31 2019,Stevens,WA,Truck,0,0,0,18696,18696,0.00
December 31 2017,Walla Walla,WA,Passenger,29,32,61,35286,35347,0.17
October 31 2018,El Paso,TX,Passenger,1,0,1,498,499,0.20
January 31 2019,Harris,TX,Passenger,0,1,1,278,279,0.36
January 31 2021,Montgomery,PA,Passenger,1,0,1,28,29,3.45
August 31 2022,Santa Cruz,CA,Passenger,1,0,1,27,28,3.57
May 31 2019,Lee,AL,Passenger,1,0,1,37,38,2.63
January 31 2023,Shasta,CA,Passenger,1,0,1,25,26,3.85
June 30 2017,Kitsap,WA,Passenger,606,319,925,173365,174290,0.53
December 31 2019,Lewis,WA,Passenger,106,104,210,59545,59755,0.35
March 31 2017,Grant,WA,Truck,0,0,0,25046,25046,0.00
January 31 2018,Clark,NV,Passenger,2,2,4,757,761,0.53
April 30 2017,Grays Harbor,WA,Truck,0,0,0,19847,19847,0.00
April 30 2017,Wayne,MI,Passenger,0,1,1,73,74,1.35
September 30 2019,Deschutes,OR,Passenger,4,0,4,163,167,2.40
May 31 2022,Meade,KY,Passenger,1,0,1,25,26,3.85
March 31 2019,Pierce,WA,Truck,0,0,0,138966,138966,0.00
October 31 2020,Grays Harbor,WA,Truck,0,0,0,21115,21115,0.00
February 28 2021,Lincoln,WA,Truck,0,0,0,4688,4688,0.00
November 30 2018,Cowlitz,WA,Truck,0,0,0,28719,28719,0.00
December 31 2021,Howard,MD,Passenger,0,2,2,63,65,3.08
July 31 2021,Ventura,CA,Passenger,1,3,4,267,271,1.48
January 31 2020,Dallas,TX,Passenger,1,0,1,214,215,0.47
March 31 2017,Santa Clara,CA,Passenger,6,2,8,424,432,1.85
December 31 2023,Kootenai,ID,Truck,1,0,1,23,24,4.17
June 30 2020,Manassas,VA,Passenger,0,1,1,4,5,20.00
April 30 2018,Thurston,WA,Passenger,523,444,967,191724,192691,0.50
February 28 2018,Norfolk,MA,Passenger,1,0,1,40,41,2.44
October 31 2023,Chesterfield,VA,Passenger,1,0,1,35,36,2.78
February 28 2017,Lewis,NY,Passenger,0,1,1,10,11,9.09
May 31 2023,Orange,FL,Passenger,1,0,1,66,67,1.49
May 31 2022,Solano,CA,Passenger,1,0,1,169,170,0.59
July 31 2021,Gwinnett,GA,Passenger,1,0,1,64,65,1.54
April 30 2019,Suffolk,MA,Passenger,0,1,1,41,42,2.38
January 31 2019,Rogers,OK,Passenger,1,0,1,6,7,14.29
November 30 2021,Thurston,WA,Truck,0,0,0,56107,56107,0.00
October 31 2021,El Paso,TX,Passenger,3,0,3,377,380,0.79
June 30 2022,Greene,MO,Passenger,0,1,1,27,28,3.57
May 31 2018,Kent,MI,Passenger,0,1,1,30,31,3.23
July 31 2020,Clay,FL,Passenger,0,1,1,87,88,1.14
June 30 2019,Saginaw,MI,Passenger,1,0,1,12,13,7.69
July 31 2022,DuPage,IL,Passenger,2,1,3,48,51,5.88
March 31 2022,Goochland,VA,Passenger,4,2,6,176,182,3.30
November 30 2020,Snohomish,WA,Truck,0,0,0,125448,125448,0.00
May 31 2018,Pend Oreille,WA,Truck,0,0,0,5674,5674,0.00
May 31 2020,Garfield,WA,Passenger,0,1,1,1346,1347,0.07
June 30 2018,Mason,WA,Passenger,82,90,172,45708,45880,0.37
January 31 2019,Clackamas,OR,Passenger,1,1,2,214,216,0.93
March 31 2019,Flathead,MT,Passenger,1,0,1,63,64,1.56
February 28 2017,Pinal,AZ,Passenger,2,0,2,266,268,0.75
March 31 2021,Hawaii,HI,Passenger,1,0,1,53,54,1.85
December 31 2022,Lincoln,WA,Passenger,12,18,30,7756,7786,0.39
October 31 2018,Prince George,VA,Passenger,0,1,1,76,77,1.30
April 30 2024,Charles,MD,Passenger,0,1,1,47,48,2.08
December 31 2017,Wahkiakum,WA,Truck,0,0,0,1670,1670,0.00
May 31 2018,Williamson,TX,Passenger,0,1,1,168,169,0.59
August 31 2021,Currituck,NC,Passenger,1,0,1,25,26,3.85
December 31 2017,Volusia,FL,Passenger,0,1,1,40,41,2.44
January 31 2020,Suffolk,VA,Passenger,1,0,1,125,126,0.79
January 31 2022,Kings,CA,Passenger,2,1,3,325,328,0.91
April 30 2023,Muscogee,GA,Passenger,0,1,1,103,104,0.96
September 30 2023,Prince William,VA,Passenger,1,2,3,158,161,1.86
October 31 2021,Gwinnett,GA,Passenger,1,0,1,62,63,1.59
January 31 2017,Howard,MD,Passenger,0,2,2,92,94,2.13
August 31 2020,Suffolk,MA,Passenger,0,2,2,37,39,5.13
December 31 2022,Douglas,NE,Passenger,2,1,3,34,37,8.11
April 30 2024,Walla Walla,WA,Passenger,280,147,427,34376,34803,1.23
May 31 2021,Hamilton,IN,Passenger,2,0,2,37,39,5.13
October 31 2023,Asotin,WA,Truck,0,0,0,6629,6629,0.00
February 28 2018,Wahkiakum,WA,Truck,0,0,0,1673,1673,0.00
August 31 2022,Oldham,KY,Passenger,0,1,1,4,5,20.00
February 28 2022,Fairbanks North Star,AK,Passenger,0,1,1,82,83,1.20
June 30 2021,Maricopa,AZ,Passenger,6,6,12,1294,1306,0.92
March 31 2023,Hamilton,OH,Passenger,1,0,1,31,32,3.12
March 31 2022,Anchorage,AK,Passenger,2,0,2,137,139,1.44
November 30 2019,Pinellas,FL,Passenger,1,1,2,117,119,1.68
October 31 2023,York,VA,Passenger,1,0,1,63,64,1.56
April 30 2023,Pima,AZ,Passenger,1,0,1,212,213,0.47
June 30 2020,Franklin,WA,Truck,0,0,0,19966,19966,0.00
August 31 2019,Vigo,IN,Passenger,1,0,1,6,7,14.29
April 30 2018,Grays Harbor,WA,Passenger,47,52,99,46282,46381,0.21
May 31 2020,Washoe,NV,Passenger,1,0,1,112,113,0.88
July 31 2019,Whatcom,WA,Truck,2,0,2,42926,42928,0.00
March 31 2019,Anne Arundel,MD,Passenger,0,1,1,450,451,0.22
February 28 2021,Clark,WA,Passenger,2505,1245,3750,318814,322564,1.16
March 31 2024,Douglas,WA,Passenger,271,88,359,28568,28927,1.24
March 31 2024,Snohomish,WA,Truck,319,0,319,117730,118049,0.27
January 31 2021,Ramsey,MN,Passenger,1,0,1,36,37,2.70
July 31 2023,Salt Lake,UT,Passenger,2,1,3,110,113,2.65
September 30 2023,Santa Clara,CA,Passenger,12,2,14,167,181,7.73
April 30 2021,Bradley,TN,Passenger,1,0,1,0,1,100.00
September 30 2019,Pierce,WA,Passenger,1966,1601,3567,545191,548758,0.65
July 31 2017,Jefferson,WA,Passenger,107,61,168,23896,24064,0.70
December 31 2021,Kauai,HI,Passenger,1,0,1,21,22,4.55
January 31 2022,Island,WA,Passenger,733,344,1077,62421,63498,1.70
June 30 2022,Carson City,NV,Passenger,1,0,1,9,10,10.00
October 31 2023,Kitsap,WA,Truck,91,0,91,51918,52009,0.17
August 31 2017,Ferry,WA,Passenger,1,1,2,4398,4400,0.05
June 30 2023,Suffolk,VA,Passenger,1,0,1,106,107,0.93
February 29 2024,Hardin,KY,Passenger,1,0,1,54,55,1.82
May 31 2017,Hardin,KY,Passenger,0,1,1,117,118,0.85
May 31 2022,Currituck,NC,Passenger,1,0,1,23,24,4.17
October 31 2020,San Juan,WA,Passenger,340,103,443,13960,14403,3.08
November 30 2021,Harris,TX,Passenger,1,1,2,202,204,0.98
November 30 2020,Bexar,TX,Passenger,3,5,8,597,605,1.32
February 28 2017,Montgomery,TN,Passenger,1,0,1,297,298,0.34
September 30 2023,Berkeley,SC,Passenger,0,1,1,95,96,1.04
September 30 2019,DeKalb,IN,Passenger,1,0,1,1,2,50.00
September 30 2021,Jefferson,WA,Truck,0,0,0,9617,9617,0.00
February 29 2024,Clallam,WA,Truck,28,0,28,21280,21308,0.13
May 31 2021,Clallam,WA,Passenger,321,208,529,50415,50944,1.04
November 30 2020,Garfield,WA,Passenger,0,1,1,1363,1364,0.07
December 31 2019,Harris,TX,Passenger,1,0,1,271,272,0.37
June 30 2022,DeKalb,GA,Passenger,1,0,1,52,53,1.89
April 30 2021,Garfield,WA,Passenger,0,2,2,1373,1375,0.15
January 31 2020,Grays Harbor,WA,Passenger,105,105,210,48494,48704,0.43
October 31 2022,Norfolk,VA,Passenger,2,3,5,293,298,1.68
November 30 2019,Bexar,TX,Passenger,0,5,5,673,678,0.74
January 31 2018,District of Columbia,DC,Passenger,0,3,3,195,198,1.52
October 31 2021,Hudson,NJ,Passenger,1,0,1,44,45,2.22
November 30 2020,Bradley,TN,Passenger,1,0,1,0,1,100.00
May 31 2021,Placer,CA,Passenger,2,0,2,84,86,2.33
October 31 2018,Kitsap,WA,Passenger,880,507,1387,179897,181284,0.77
March 31 2017,Morris,NJ,Passenger,1,0,1,22,23,4.35
September 30 2019,Shelby,OH,Passenger,0,1,1,2,3,33.33
September 30 2022,Pacific,WA,Passenger,70,74,144,15750,15894,0.91
June 30 2023,Gwinnett,GA,Passenger,1,0,1,45,46,2.17
April 30 2019,Collier,FL,Passenger,1,0,1,21,22,4.55
August 31 2023,Solano,CA,Passenger,5,0,5,133,138,3.62
May 31 2017,Shelby,TN,Passenger,0,1,1,112,113,0.88
July 31 2022,Dorchester,SC,Passenger,1,0,1,61,62,1.61
July 31 2022,New London,CT,Passenger,3,3,6,188,194,3.09
April 30 2024,Collin,TX,Passenger,1,0,1,29,30,3.33
November 30 2023,York,VA,Passenger,1,0,1,62,63,1.59
October 31 2019,Valencia,NM,Passenger,1,0,1,8,9,11.11
November 30 2019,Sedgwick,KS,Passenger,1,1,2,100,102,1.96
March 31 2021,San Mateo,CA,Passenger,1,1,2,111,113,1.77
April 30 2019,Pinal,AZ,Passenger,2,0,2,201,203,0.99
September 30 2023,Orange,FL,Passenger,1,0,1,54,55,1.82
October 31 2022,Travis,TX,Passenger,3,1,4,107,111,3.60
October 31 2021,Lake,IL,Passenger,3,0,3,166,169,1.78
January 31 2022,New Haven,CT,Passenger,0,2,2,36,38,5.26
June 30 2020,Lewis,WA,Truck,0,0,0,26211,26211,0.00
October 31 2021,Grays Harbor,WA,Passenger,187,151,338,49458,49796,0.68
March 31 2022,Okaloosa,FL,Passenger,0,1,1,112,113,0.88
November 30 2020,Flathead,MT,Passenger,1,0,1,58,59,1.69
February 28 2022,DuPage,IL,Passenger,3,1,4,52,56,7.14
March 31 2021,Chelan,WA,Truck,0,0,0,22971,22971,0.00
June 30 2023,Skagit,WA,Truck,21,0,21,31877,31898,0.07
January 31 2023,King,WA,Passenger,49804,12501,62305,1331607,1393912,4.47
July 31 2023,Saratoga,NY,Passenger,1,1,2,34,36,5.56
March 31 2019,Prince William,VA,Passenger,0,5,5,258,263,1.90
June 30 2023,Nueces,TX,Passenger,1,1,2,51,53,3.77
May 31 2022,DuPage,IL,Passenger,3,1,4,50,54,7.41
June 30 2021,Walla Walla,WA,Truck,0,0,0,14074,14074,0.00
November 30 2020,Yakima,WA,Truck,0,0,0,60761,60761,0.00
October 31 2019,Island,WA,Truck,0,0,0,21311,21311,0.00
October 31 2019,Lewis,WA,Passenger,108,104,212,59441,59653,0.36
April 30 2023,Skamania,WA,Passenger,100,53,153,8081,8234,1.86
November 30 2019,Spartanburg,SC,Passenger,0,1,1,47,48,2.08
July 31 2020,Charles,MD,Passenger,1,1,2,79,81,2.47
March 31 2022,Hanover,VA,Passenger,1,0,1,1,2,50.00
August 31 2020,Whatcom,WA,Passenger,1112,512,1624,149132,150756,1.08
March 31 2020,Monterey,CA,Passenger,0,1,1,186,187,0.53
October 31 2017,Nueces,TX,Passenger,0,1,1,92,93,1.08
April 30 2021,Grays Harbor,WA,Passenger,156,134,290,49340,49630,0.58
September 30 2017,Eagle,CO,Passenger,1,0,1,7,8,12.50
February 28 2019,Island,WA,Passenger,294,232,526,63152,63678,0.83
November 30 2023,San Diego,CA,Passenger,17,8,25,1941,1966,1.27
September 30 2023,Cumberland,NC,Passenger,1,3,4,305,309,1.29
December 31 2021,Solano,CA,Passenger,1,0,1,180,181,0.55
February 28 2022,Contra Costa,CA,Passenger,1,4,5,251,256,1.95
July 31 2018,Allegheny,PA,Passenger,1,0,1,83,84,1.19
January 31 2023,Montgomery,PA,Passenger,1,0,1,23,24,4.17
April 30 2022,San Francisco,CA,Passenger,1,0,1,92,93,1.08
March 31 2021,Goochland,VA,Passenger,4,3,7,255,262,2.67
March 31 2020,Osceola,FL,Passenger,1,0,1,43,44,2.27
February 29 2024,Kitsap,WA,Passenger,4137,1555,5692,173621,179313,3.17
April 30 2021,Okanogan,WA,Truck,0,0,0,16741,16741,0.00
June 30 2021,El Paso,CO,Passenger,3,0,3,692,695,0.43
November 30 2022,El Paso,TX,Passenger,3,0,3,334,337,0.89
February 29 2020,Maui,HI,Passenger,2,0,2,40,42,4.76
June 30 2017,Madison,ID,Passenger,1,0,1,38,39,2.56
June 30 2021,Thurston,WA,Passenger,1581,871,2452,197848,200300,1.22
January 31 2017,District of Columbia,DC,Passenger,0,3,3,234,237,1.27
June 30 2020,Jefferson,CO,Passenger,0,1,1,56,57,1.75
April 30 2019,Jefferson,CO,Passenger,0,2,2,57,59,3.39
November 30 2022,Rockdale,GA,Passenger,1,0,1,6,7,14.29
December 31 2022,Yakima,WA,Passenger,425,218,643,166280,166923,0.39
November 30 2023,San Bernardino,CA,Passenger,3,1,4,274,278,1.44
June 30 2018,Cowlitz,WA,Truck,0,0,0,28457,28457,0.00
October 31 2022,Pacific,WA,Truck,1,0,1,7862,7863,0.01
March 31 2020,Spartanburg,SC,Passenger,0,1,1,51,52,1.92
May 31 2022,Cook,IL,Passenger,3,0,3,209,212,1.42
February 28 2023,Meade,KY,Passenger,1,0,1,20,21,4.76
November 30 2020,Suffolk,VA,Passenger,1,0,1,125,126,0.79
March 31 2024,Spotsylvania,VA,Passenger,0,1,1,20,21,4.76
February 28 2023,Ray,MO,Passenger,0,1,1,0,1,100.00
March 31 2017,Dane,WI,Passenger,1,0,1,155,156,0.64
March 31 2023,Boulder,CO,Passenger,2,0,2,40,42,4.76
October 31 2023,Denton,TX,Passenger,1,0,1,33,34,2.94
July 31 2019,Skamania,WA,Passenger,25,18,43,8732,8775,0.49
August 31 2017,Skamania,WA,Truck,0,0,0,3875,3875,0.00
January 31 2020,Travis,TX,Passenger,3,1,4,202,206,1.94
June 30 2023,Muscogee,GA,Passenger,0,1,1,103,104,0.96
February 28 2023,Kootenai,ID,Truck,1,0,1,30,31,3.23
January 31 2019,Orange,CA,Passenger,5,2,7,557,564,1.24
May 31 2021,Bradley,TN,Passenger,1,0,1,0,1,100.00
January 31 2023,Placer,CA,Passenger,2,0,2,63,65,3.08
August 31 2022,Anchorage,AK,Passenger,2,0,2,130,132,1.52
March 31 2020,Sedgwick,KS,Passenger,1,1,2,97,99,2.02
August 31 2023,Newport News,VA,Passenger,1,0,1,96,97,1.03
September 30 2023,Alexandria,VA,Passenger,3,1,4,80,84,4.76
April 30 2024,Monterey,CA,Passenger,0,4,4,111,115,3.48
April 30 2019,Ramsey,MN,Passenger,1,0,1,45,46,2.17
July 31 2021,Platte,MO,Passenger,1,0,1,18,19,5.26
January 31 2020,Oldham,KY,Passenger,0,1,1,4,5,20.00
August 31 2018,Okanogan,WA,Passenger,10,20,30,26053,26083,0.12
September 30 2019,Kern,CA,Passenger,0,1,1,221,222,0.45
June 30 2022,Autauga,AL,Passenger,1,0,1,13,14,7.14
November 30 2019,Bucks,PA,Passenger,1,0,1,24,25,4.00
January 31 2023,Skamania,WA,Passenger,93,53,146,8101,8247,1.77
November 30 2021,Baltimore,MD,Passenger,1,0,1,93,94,1.06
July 31 2022,Marion,OR,Passenger,1,0,1,95,96,1.04
March 31 2021,Alameda,CA,Passenger,4,0,4,267,271,1.48
October 31 2017,Adams,WA,Truck,0,0,0,5134,5134,0.00
April 30 2024,Pierce,WA,Truck,288,0,288,129397,129685,0.22
September 30 2021,Skagit,WA,Truck,1,0,1,32912,32913,0.00
August 31 2023,Virginia Beach,VA,Truck,1,0,1,100,101,0.99
February 28 2022,San Joaquin,CA,Passenger,1,1,2,98,100,2.00
June 30 2018,Broward,FL,Passenger,1,1,2,131,133,1.50
November 30 2021,Travis,TX,Passenger,5,3,8,147,155,5.16
December 31 2017,Hamilton,IN,Passenger,1,0,1,54,55,1.82
April 30 2019,Owyhee,ID,Passenger,1,0,1,5,6,16.67
December 31 2018,Albemarle,VA,Passenger,1,0,1,26,27,3.70
November 30 2021,Hillsborough,FL,Passenger,0,2,2,151,153,1.31
August 31 2022,Suffolk,VA,Passenger,1,0,1,122,123,0.81
January 31 2022,Grant,WA,Truck,0,0,0,27981,27981,0.00
January 31 2022,Shelby,OH,Passenger,0,1,1,3,4,25.00
June 30 2023,Orange,NC,Passenger,0,1,1,5,6,16.67
February 28 2023,Pierce,WA,Truck,111,0,111,138536,138647,0.08
October 31 2023,San Diego,CA,Passenger,17,8,25,1974,1999,1.25
April 30 2019,Montgomery,TX,Passenger,2,0,2,63,65,3.08
December 31 2022,Riverside,CA,Passenger,7,0,7,442,449,1.56
March 31 2021,Grant,WA,Truck,0,0,0,27750,27750,0.00
March 31 2024,Clark,WA,Passenger,7711,2776,10487,308641,319128,3.29
January 31 2024,Jefferson,WA,Passenger,671,280,951,24035,24986,3.81
July 31 2022,Sedgwick,KS,Passenger,1,1,2,74,76,2.63
May 31 2021,Harnett,NC,Passenger,1,1,2,188,190,1.05
March 31 2018,Montgomery,PA,Passenger,1,0,1,35,36,2.78
June 30 2019,Maui,HI,Passenger,2,0,2,49,51,3.92
October 31 2020,Monroe,IL,Passenger,1,0,1,2,3,33.33
July 31 2018,Snohomish,WA,Truck,1,0,1,121670,121671,0.00
December 31 2022,Whitman,WA,Truck,3,0,3,8642,8645,0.03
May 31 2022,Columbia,WA,Truck,0,0,0,1580,1580,0.00
April 30 2023,Loudoun,VA,Passenger,3,1,4,59,63,6.35
February 28 2022,Norfolk,VA,Passenger,2,3,5,314,319,1.57
October 31 2019,Tarrant,TX,Passenger,3,0,3,201,204,1.47
August 31 2022,New Haven,CT,Passenger,0,2,2,31,33,6.06
September 30 2023,Adams,CO,Passenger,1,0,1,19,20,5.00
April 30 2017,Lincoln,WA,Truck,0,0,0,4464,4464,0.00
December 31 2017,Pend Oreille,WA,Truck,0,0,0,5620,5620,0.00
February 28 2022,El Paso,CO,Passenger,3,1,4,662,666,0.60
January 31 2017,DeKalb,GA,Passenger,1,0,1,92,93,1.08
July 31 2019,Manassas,VA,Passenger,0,1,1,9,10,10.00
October 31 2023,Klickitat,WA,Passenger,174,70,244,15064,15308,1.59
September 30 2023,Klickitat,WA,Truck,12,0,12,8214,8226,0.15
October 31 2023,Wake,NC,Passenger,3,0,3,77,80,3.75
March 31 2021,Clark,WA,Truck,0,0,0,83812,83812,0.00
October 31 2020,Mason,WA,Passenger,165,132,297,47486,47783,0.62
December 31 2017,Virginia Beach,VA,Passenger,2,1,3,664,667,0.45
December 31 2021,Prince William,VA,Passenger,1,2,3,209,212,1.42
March 31 2017,Montgomery,TN,Passenger,1,0,1,290,291,0.34
March 31 2020,Benton,WA,Truck,0,0,0,42518,42518,0.00
February 29 2020,Suffolk,VA,Passenger,1,0,1,125,126,0.79
March 31 2023,Placer,CA,Passenger,1,0,1,65,66,1.52
April 30 2022,Wilson,NC,Passenger,1,0,1,0,1,100.00
November 30 2019,Greene,MO,Passenger,0,1,1,33,34,2.94
November 30 2018,Pinal,AZ,Passenger,2,0,2,208,210,0.95
October 31 2022,Adams,WA,Truck,1,0,1,5427,5428,0.02
May 31 2017,Sedgwick,KS,Passenger,0,1,1,110,111,0.90
July 31 2020,Jones,GA,Passenger,1,0,1,1,2,50.00
February 28 2021,Harford,MD,Passenger,0,1,1,57,58,1.72
August 31 2019,Nueces,TX,Passenger,1,1,2,90,92,2.17
October 31 2021,Hennepin,MN,Passenger,3,0,3,78,81,3.70
November 30 2022,Sevier,AR,Passenger,0,1,1,0,1,100.00
November 30 2018,Lincoln,WA,Passenger,2,6,8,7772,7780,0.10
July 31 2021,Frederick,MD,Passenger,1,1,2,69,71,2.82
October 31 2022,Wahkiakum,WA,Truck,1,0,1,1798,1799,0.06
April 30 2021,Bucks,PA,Passenger,1,0,1,20,21,4.76
April 30 2022,Boulder,CO,Passenger,2,0,2,46,48,4.17
July 31 2019,Mason,WA,Truck,0,0,0,20405,20405,0.00
March 31 2020,Pacific,WA,Truck,0,0,0,7709,7709,0.00
January 31 2018,Whatcom,WA,Passenger,549,238,787,145479,146266,0.54
July 31 2022,Montgomery,MD,Passenger,4,2,6,202,208,2.88
July 31 2023,Monterey,CA,Passenger,0,3,3,124,127,2.36
April 30 2022,Carroll,MD,Passenger,0,1,1,15,16,6.25
May 31 2020,Portsmouth,VA,Passenger,0,1,1,72,73,1.37
July 31 2020,Eagle,CO,Passenger,1,0,1,7,8,12.50
June 30 2023,Kitsap,WA,Passenger,3235,1292,4527,175756,180283,2.51
June 30 2023,Adams,WA,Passenger,25,12,37,13102,13139,0.28
October 31 2019,Loudoun,VA,Passenger,1,0,1,96,97,1.03
July 31 2022,San Joaquin,CA,Passenger,1,1,2,93,95,2.11
January 31 2024,Garfield,OK,Passenger,1,0,1,14,15,6.67
July 31 2019,Lee,FL,Passenger,1,0,1,51,52,1.92
April 30 2023,Ada,ID,Passenger,2,0,2,132,134,1.49
June 30 2019,Frederick,MD,Passenger,1,1,2,79,81,2.47
June 30 2019,Owyhee,ID,Passenger,1,0,1,5,6,16.67
June 30 2019,Skamania,WA,Truck,0,0,0,4061,4061,0.00
December 31 2021,Santa Clara,CA,Passenger,9,1,10,265,275,3.64
November 30 2021,Coryell,TX,Passenger,1,0,1,106,107,0.93
September 30 2022,Douglas,CO,Passenger,0,1,1,78,79,1.27
September 30 2017,Montgomery,TX,Passenger,1,0,1,62,63,1.59
January 31 2019,Lumpkin,GA,Passenger,1,0,1,6,7,14.29
November 30 2022,Yakima,WA,Truck,6,0,6,61199,61205,0.01
June 30 2019,Dale,AL,Passenger,0,1,1,54,55,1.82
November 30 2017,Maui,HI,Passenger,1,0,1,69,70,1.43
December 31 2023,Cochise,AZ,Passenger,1,0,1,52,53,1.89
October 31 2018,Lee,AL,Passenger,1,0,1,37,38,2.63
June 30 2020,Newport,RI,Passenger,0,1,1,84,85,1.18
December 31 2021,Flathead,MT,Passenger,1,0,1,48,49,2.04
February 28 2019,DeKalb,IN,Passenger,1,0,1,1,2,50.00
September 30 2022,Moore,NC,Passenger,0,1,1,111,112,0.89
September 30 2018,Caddo,LA,Passenger,0,1,1,24,25,4.00
May 31 2021,New Haven,CT,Passenger,0,2,2,34,36,5.56
August 31 2023,Allen,IN,Passenger,1,0,1,11,12,8.33
June 30 2023,Oldham,KY,Passenger,0,1,1,3,4,25.00
March 31 2017,Franklin,WA,Passenger,26,47,73,55306,55379,0.13
November 30 2018,Klickitat,WA,Passenger,23,32,55,15418,15473,0.36
October 31 2021,Harford,MD,Passenger,1,1,2,53,55,3.64
February 28 2017,Marion,OR,Passenger,1,0,1,207,208,0.48
January 31 2022,Contra Costa,CA,Passenger,1,4,5,248,253,1.98
December 31 2019,Fort Bend,TX,Passenger,1,0,1,47,48,2.08
October 31 2021,Miami-Dade,FL,Passenger,1,0,1,101,102,0.98
January 31 2020,Grant,WA,Passenger,58,71,129,65611,65740,0.20
November 30 2020,Douglas,WA,Passenger,83,43,126,28126,28252,0.45
March 31 2022,Orange,FL,Passenger,2,0,2,103,105,1.90
February 29 2024,San Diego,CA,Passenger,16,9,25,1821,1846,1.35
December 31 2019,Multnomah,OR,Passenger,4,6,10,750,760,1.32
October 31 2017,Dakota,MN,Passenger,0,2,2,39,41,4.88
January 31 2023,Geary,KS,Passenger,1,0,1,74,75,1.33
September 30 2023,St. Louis,MN,Passenger,0,1,1,6,7,14.29
February 28 2021,Randolph,NC,Passenger,1,0,1,7,8,12.50
August 31 2019,Sumter,FL,Passenger,0,1,1,9,10,10.00
December 31 2022,Benton,WA,Passenger,930,499,1429,135621,137050,1.04
March 31 2018,Franklin,WA,Passenger,34,55,89,57206,57295,0.16
October 31 2019,Orange,CA,Passenger,7,3,10,535,545,1.83
August 31 2017,Juneau,AK,Passenger,0,1,1,44,45,2.22
July 31 2019,Spartanburg,SC,Passenger,0,1,1,41,42,2.38
November 30 2017,Snohomish,WA,Passenger,1988,1018,3006,515947,518953,0.58
July 31 2018,Whitman,WA,Truck,0,0,0,8499,8499,0.00
August 31 2021,Hennepin,MN,Passenger,3,0,3,79,82,3.66
October 31 2018,St. Lucie,FL,Passenger,1,0,1,28,29,3.45
April 30 2020,Carroll,NH,Passenger,0,1,1,4,5,20.00
June 30 2019,Yakima,WA,Truck,0,0,0,59128,59128,0.00
March 31 2020,San Diego,CA,Passenger,13,4,17,2779,2796,0.61
May 31 2018,Deschutes,OR,Passenger,1,0,1,178,179,0.56
September 30 2019,San Joaquin,CA,Passenger,1,0,1,141,142,0.70
March 31 2024,Stevens,WA,Truck,4,0,4,18397,18401,0.02
January 31 2018,Klickitat,WA,Truck,0,0,0,7992,7992,0.00
June 30 2022,Clallam,WA,Truck,3,0,3,21919,21922,0.01
September 30 2023,Walla Walla,WA,Passenger,246,121,367,35443,35810,1.02
March 31 2023,Benton,WA,Passenger,1038,534,1572,135604,137176,1.15
October 31 2021,Pulaski,MO,Passenger,2,0,2,126,128,1.56
August 31 2017,Essex,NJ,Passenger,1,0,1,15,16,6.25
June 30 2018,Wahkiakum,WA,Passenger,1,2,3,2915,2918,0.10
July 31 2022,Bexar,TX,Passenger,3,3,6,477,483,1.24
April 30 2017,Skagit,WA,Truck,1,0,1,31390,31391,0.00
May 31 2020,Chelan,WA,Truck,0,0,0,22427,22427,0.00
November 30 2023,Nueces,TX,Passenger,1,1,2,47,49,4.08
August 31 2022,Tarrant,TX,Passenger,3,0,3,119,122,2.46
January 31 2024,Newport,RI,Passenger,0,1,1,47,48,2.08
September 30 2018,Skagit,WA,Passenger,222,176,398,90854,91252,0.44
February 28 2017,Island,WA,Passenger,100,122,222,59430,59652,0.37
June 30 2022,Fairfax,VA,Passenger,6,3,9,649,658,1.37
October 31 2020,,,Passenger,5,1,6,376,382,1.57
October 31 2021,Monterey,CA,Passenger,0,3,3,156,159,1.89
July 31 2018,Pacific,WA,Truck,0,0,0,7609,7609,0.00
October 31 2021,Stafford,VA,Passenger,2,1,3,104,107,2.80
May 31 2022,Yellowstone,MT,Passenger,0,1,1,27,28,3.57
February 28 2019,Collier,FL,Passenger,1,0,1,20,21,4.76
November 30 2021,District of Columbia,DC,Passenger,4,0,4,192,196,2.04
June 30 2020,Whitman,WA,Truck,0,0,0,8507,8507,0.00
January 31 2024,Marion,OR,Passenger,1,0,1,47,48,2.08
August 31 2020,Putnam,TN,Passenger,0,1,1,3,4,25.00
May 31 2023,Prince George's,MD,Passenger,2,1,3,120,123,2.44
December 31 2019,Wahkiakum,WA,Truck,0,0,0,1753,1753,0.00
February 29 2024,King,WA,Passenger,73340,17769,91109,1300629,1391738,6.55
June 30 2021,Montgomery,TX,Passenger,1,1,2,46,48,4.17
July 31 2021,Bucks,PA,Passenger,1,0,1,18,19,5.26
June 30 2020,Pierce,WA,Passenger,2379,1691,4070,549350,553420,0.74
September 30 2020,Wahkiakum,WA,Passenger,6,6,12,3016,3028,0.40
July 31 2021,Lincoln,WA,Truck,0,0,0,4757,4757,0.00
October 31 2019,Bexar,TX,Passenger,0,5,5,674,679,0.74
January 31 2022,Carroll,MD,Passenger,0,1,1,15,16,6.25
November 30 2023,Snohomish,WA,Truck,253,0,253,120278,120531,0.21
May 31 2023,Asotin,WA,Passenger,35,19,54,12384,12438,0.43
November 30 2017,Fairfax,VA,Passenger,3,2,5,833,838,0.60
March 31 2024,Sarasota,FL,Passenger,1,0,1,21,22,4.55
September 30 2019,Moore,NC,Passenger,0,1,1,181,182,0.55
May 31 2022,Multnomah,OR,Passenger,0,4,4,576,580,0.69
February 28 2018,Eagle,CO,Passenger,1,0,1,6,7,14.29
January 31 2021,Columbia,WA,Passenger,5,3,8,2451,2459,0.33
March 31 2020,Suffolk,MA,Passenger,0,2,2,38,40,5.00
April 30 2024,Denton,TX,Passenger,1,0,1,25,26,3.85
May 31 2022,Albemarle,VA,Passenger,3,0,3,21,24,12.50
June 30 2023,Yakima,WA,Passenger,502,257,759,166154,166913,0.45
November 30 2020,Jefferson,WA,Passenger,276,153,429,24719,25148,1.71
May 31 2022,El Paso,CO,Passenger,3,2,5,635,640,0.78
March 31 2021,Santa Cruz,CA,Passenger,1,0,1,34,35,2.86
September 30 2021,Rockdale,GA,Passenger,1,0,1,5,6,16.67
March 31 2022,Oldham,KY,Passenger,0,1,1,4,5,20.00
September 30 2021,Manassas,VA,Passenger,0,1,1,7,8,12.50
November 30 2020,Williams,ND,Passenger,0,1,1,10,11,9.09
December 31 2022,Washington,OR,Passenger,1,0,1,295,296,0.34
February 28 2017,Nassau,NY,Passenger,0,1,1,40,41,2.44
October 31 2017,Alameda,CA,Passenger,0,1,1,357,358,0.28
September 30 2019,Tarrant,TX,Passenger,3,0,3,198,201,1.49
February 28 2023,Washington,MD,Passenger,2,0,2,12,14,14.29
July 31 2017,Benton,WA,Truck,0,0,0,40129,40129,0.00
November 30 2022,Pacific,WA,Passenger,70,79,149,15726,15875,0.94
May 31 2019,El Paso,CO,Passenger,2,1,3,749,752,0.40
October 31 2019,Alexandria,VA,Passenger,1,0,1,143,144,0.69
January 31 2022,Douglas,NE,Passenger,1,2,3,49,52,5.77
May 31 2018,Twin Falls,ID,Passenger,0,1,1,24,25,4.00
October 31 2019,Powhatan,VA,Passenger,1,0,1,1,2,50.00
August 31 2021,Travis,TX,Passenger,5,3,8,158,166,4.82
June 30 2023,Wahkiakum,WA,Truck,2,0,2,1777,1779,0.11
January 31 2023,Okaloosa,FL,Passenger,0,1,1,99,100,1.00
February 29 2024,Platte,MO,Passenger,2,0,2,19,21,9.52
October 31 2021,Columbia,WA,Passenger,7,2,9,2436,2445,0.37
April 30 2018,Anne Arundel,MD,Passenger,0,1,1,451,452,0.22
April 30 2020,Virginia Beach,VA,Passenger,1,0,1,672,673,0.15
November 30 2020,Columbia,WA,Truck,0,0,0,1529,1529,0.00
May 31 2017,Carroll,NH,Passenger,0,1,1,0,1,100.00
December 31 2019,Monroe,IL,Passenger,1,0,1,3,4,25.00
March 31 2021,King,WA,Passenger,28513,8566,37079,1364291,1401370,2.65
August 31 2023,Whatcom,WA,Passenger,2660,934,3594,147997,151591,2.37
December 31 2020,Wahkiakum,WA,Passenger,6,7,13,3036,3049,0.43
November 30 2018,Prince George's,MD,Passenger,1,1,2,186,188,1.06
June 30 2022,Sacramento,CA,Passenger,2,1,3,225,228,1.32
December 31 2017,Klickitat,WA,Truck,0,0,0,7996,7996,0.00
December 31 2022,New Haven,CT,Passenger,0,2,2,28,30,6.67
September 30 2019,Mason,WA,Passenger,133,127,260,47434,47694,0.55
December 31 2021,Jefferson,WA,Passenger,380,194,574,24741,25315,2.27
September 30 2018,Duval,FL,Passenger,1,2,3,385,388,0.77
June 30 2019,Clark,WA,Truck,0,0,0,80316,80316,0.00
August 31 2022,Loudoun,VA,Passenger,2,1,3,64,67,4.48
January 31 2022,Yavapai,AZ,Passenger,0,1,1,36,37,2.70
December 31 2018,Snohomish,WA,Truck,1,0,1,121952,121953,0.00
April 30 2020,Pend Oreille,WA,Truck,0,0,0,5738,5738,0.00
February 28 2018,Mason,WA,Truck,0,0,0,19720,19720,0.00
March 31 2022,Okanogan,WA,Passenger,76,46,122,26502,26624,0.46
January 31 2018,Fairfax,VA,Passenger,3,2,5,821,826,0.61
November 30 2017,Clark,NV,Passenger,2,2,4,770,774,0.52
August 31 2022,Philadelphia,PA,Passenger,1,0,1,45,46,2.17
October 31 2021,Williamsburg,VA,Passenger,0,1,1,6,7,14.29
May 31 2021,Chelan,WA,Passenger,322,98,420,54723,55143,0.76
April 30 2024,Cumberland,NC,Passenger,2,3,5,266,271,1.85
August 31 2019,Lincoln,WA,Truck,0,0,0,4683,4683,0.00
March 31 2023,Pacific,WA,Passenger,74,84,158,15629,15787,1.00
September 30 2020,Salt Lake,UT,Passenger,0,1,1,193,194,0.52
February 28 2017,New Haven,CT,Passenger,0,1,1,61,62,1.61
January 31 2018,Sedgwick,KS,Passenger,0,1,1,108,109,0.92
November 30 2018,Frederick,MD,Passenger,0,1,1,82,83,1.20
May 31 2022,Garfield,WA,Truck,0,0,0,979,979,0.00
January 31 2021,Marion,IA,Passenger,1,0,1,1,2,50.00
January 31 2018,Nueces,TX,Passenger,1,1,2,93,95,2.11
March 31 2024,Marin,CA,Passenger,1,1,2,26,28,7.14
November 30 2017,Pierce,WA,Passenger,1050,942,1992,525884,527876,0.38
January 31 2023,Walla Walla,WA,Passenger,203,106,309,35723,36032,0.86
July 31 2020,Clark,WA,Truck,0,0,0,82402,82402,0.00
February 29 2024,Island,WA,Truck,44,0,44,20609,20653,0.21
December 31 2021,Harris,TX,Passenger,1,0,1,195,196,0.51
June 30 2021,Greene,MO,Passenger,0,1,1,35,36,2.78
April 30 2018,King,WA,Passenger,12281,5289,17570,1368022,1385592,1.27
July 31 2022,Island,WA,Passenger,833,379,1212,61628,62840,1.93
July 31 2017,Adams,WA,Passenger,3,3,6,12181,12187,0.05
April 30 2018,District of Columbia,DC,Passenger,0,3,3,190,193,1.55
August 31 2022,Onslow,NC,Passenger,0,1,1,167,168,0.60
October 31 2023,San Juan,WA,Truck,18,0,18,5905,5923,0.30
August 31 2023,Camden,NJ,Passenger,0,1,1,11,12,8.33
October 31 2022,Norfolk,MA,Passenger,1,0,1,23,24,4.17
November 30 2020,Rogers,OK,Passenger,1,0,1,5,6,16.67
April 30 2024,Rockingham,NH,Passenger,1,0,1,6,7,14.29
December 31 2020,Wilson,TX,Passenger,0,1,1,6,7,14.29
August 31 2017,Montgomery,TN,Passenger,1,0,1,284,285,0.35
October 31 2023,Cumberland,PA,Passenger,1,1,2,33,35,5.71
April 30 2022,RÃ­o Grande,PR,Passenger,1,0,1,0,1,100.00
March 31 2024,York,VA,Passenger,1,0,1,59,60,1.67
April 30 2020,Palm Beach,FL,Passenger,0,2,2,82,84,2.38
April 30 2023,Essex,MA,Passenger,1,0,1,13,14,7.14
August 31 2017,Santa Rosa,FL,Passenger,1,0,1,115,116,0.86
March 31 2024,Virginia Beach,VA,Passenger,3,2,5,380,385,1.30
April 30 2023,Maui,HI,Passenger,1,0,1,21,22,4.55
October 31 2017,Arlington,VA,Passenger,1,2,3,171,174,1.72
May 31 2018,Queens,NY,Passenger,1,0,1,64,65,1.54
May 31 2021,Dakota,MN,Passenger,0,1,1,28,29,3.45
June 30 2022,Carroll,MD,Passenger,0,1,1,15,16,6.25
March 31 2022,Fairbanks North Star,AK,Passenger,0,1,1,82,83,1.20
February 28 2022,Rock Island,IL,Passenger,0,1,1,15,16,6.25
April 30 2024,Lake,IN,Passenger,0,1,1,4,5,20.00
June 30 2023,Pima,AZ,Passenger,1,0,1,197,198,0.51
September 30 2021,Wahkiakum,WA,Truck,0,0,0,1814,1814,0.00
March 31 2023,DeKalb,GA,Passenger,2,0,2,44,46,4.35
November 30 2023,Brevard,FL,Passenger,1,0,1,55,56,1.79
February 28 2019,King,WA,Passenger,17526,6762,24288,1379364,1403652,1.73
March 31 2022,Williamsburg,VA,Passenger,0,1,1,6,7,14.29
December 31 2021,Eagle,CO,Passenger,1,0,1,7,8,12.50
January 31 2023,Stevens,WA,Passenger,96,57,153,29907,30060,0.51
December 31 2020,Harris,TX,Passenger,1,1,2,251,253,0.79
December 31 2023,St. Lawrence,NY,Passenger,1,0,1,2,3,33.33
October 31 2022,Williamsburg,VA,Passenger,0,1,1,7,8,12.50
December 31 2021,Kittitas,WA,Truck,0,0,0,14798,14798,0.00
June 30 2021,Benton,WA,Passenger,516,393,909,136322,137231,0.66
January 31 2023,Galveston,TX,Passenger,0,1,1,17,18,5.56
July 31 2018,Queens,NY,Passenger,1,0,1,62,63,1.59
January 31 2024,Santa Cruz,CA,Passenger,1,0,1,20,21,4.76
January 31 2023,St. Louis,MO,Passenger,2,0,2,61,63,3.17
December 31 2020,Chelan,WA,Passenger,278,88,366,54498,54864,0.67
January 31 2024,Maricopa,AZ,Passenger,7,2,9,579,588,1.53
December 31 2021,El Paso,TX,Passenger,2,0,2,374,376,0.53
April 30 2018,Charles,MD,Passenger,0,1,1,84,85,1.18
December 31 2022,Danville,VA,Passenger,1,0,1,0,1,100.00
November 30 2021,Virginia Beach,VA,Passenger,2,0,2,581,583,0.34
March 31 2023,Hudson,NJ,Passenger,1,0,1,23,24,4.17
May 31 2023,Muscogee,GA,Passenger,0,1,1,102,103,0.97
May 31 2020,Cumberland,NC,Passenger,0,3,3,479,482,0.62
August 31 2021,Essex,NJ,Passenger,2,0,2,13,15,13.33
March 31 2018,Sedgwick,KS,Passenger,0,1,1,106,107,0.93
April 30 2020,Pierce,WA,Passenger,2347,1680,4027,548574,552601,0.73
June 30 2017,Ferry,WA,Truck,0,0,0,3539,3539,0.00
December 31 2019,Lee,FL,Passenger,1,0,1,53,54,1.85
November 30 2021,Suffolk,MA,Passenger,0,2,2,27,29,6.90
October 31 2021,Carroll,NH,Passenger,0,1,1,5,6,16.67
March 31 2024,Spokane,WA,Passenger,3080,1494,4574,316016,320590,1.43
December 31 2019,Grant,WA,Truck,0,0,0,26994,26994,0.00
April 30 2023,Frederick,MD,Passenger,1,0,1,58,59,1.69
March 31 2018,DuPage,IL,Passenger,1,0,1,67,68,1.47
October 31 2022,Pierce,WA,Passenger,5737,2443,8180,539827,548007,1.49
November 30 2023,Spokane,WA,Passenger,2791,1344,4135,322136,326271,1.27
September 30 2018,Mecklenburg,NC,Passenger,1,0,1,84,85,1.18
July 31 2023,Franklin,WA,Truck,6,0,6,20921,20927,0.03
February 28 2018,Multnomah,OR,Passenger,3,4,7,843,850,0.82
February 28 2017,Adams,WA,Truck,0,0,0,5070,5070,0.00
February 29 2024,Pitt,NC,Passenger,0,1,1,4,5,20.00
April 30 2019,Klickitat,WA,Passenger,33,33,66,15504,15570,0.42
February 28 2023,Grays Harbor,WA,Passenger,272,171,443,48586,49029,0.90
March 31 2024,Adams,WA,Truck,4,0,4,5280,5284,0.08
November 30 2017,Lane,OR,Passenger,0,1,1,209,210,0.48
March 31 2019,Prince George's,MD,Passenger,1,1,2,185,187,1.07
October 31 2018,Williamson,TX,Passenger,0,1,1,167,168,0.60
December 31 2017,Pierce,WA,Passenger,1071,963,2034,526319,528353,0.38
July 31 2022,Garfield,WA,Passenger,1,3,4,1319,1323,0.30
December 31 2023,Miami-Dade,FL,Passenger,1,0,1,55,56,1.79
October 31 2023,Alexandria,VA,Passenger,3,1,4,81,85,4.71
August 31 2018,DeKalb,IN,Passenger,1,0,1,1,2,50.00
August 31 2021,Maricopa,AZ,Passenger,6,5,11,1251,1262,0.87
June 30 2023,Pend Oreille,WA,Passenger,30,13,43,8883,8926,0.48
June 30 2023,Kent,DE,Passenger,1,0,1,42,43,2.33
November 30 2023,,,Passenger,5,0,5,243,248,2.02
December 31 2020,Sedgwick,KS,Passenger,1,1,2,92,94,2.13
January 31 2021,Hampshire,MA,Passenger,1,0,1,9,10,10.00
July 31 2020,Powhatan,VA,Passenger,1,0,1,1,2,50.00
October 31 2023,King,WA,Truck,899,2,901,173427,174328,0.52
February 28 2021,Lake,IL,Passenger,2,0,2,164,166,1.20
June 30 2017,Portsmouth,VA,Passenger,0,1,1,67,68,1.47
October 31 2017,Volusia,FL,Passenger,0,1,1,43,44,2.27
November 30 2020,Carroll,MD,Passenger,0,1,1,18,19,5.26
August 31 2021,Santa Cruz,CA,Passenger,1,0,1,30,31,3.23
June 30 2023,Richmond,NY,Passenger,1,0,1,4,5,20.00
November 30 2018,San Juan,PR,Passenger,0,1,1,5,6,16.67
January 31 2022,Clark,WA,Truck,2,0,2,83843,83845,0.00
January 31 2024,Clallam,WA,Passenger,685,318,1003,48586,49589,2.02
October 31 2020,Hawaii,HI,Passenger,1,0,1,57,58,1.72
March 31 2020,Lee,FL,Passenger,1,0,1,51,52,1.92
February 28 2022,Salt Lake,UT,Passenger,1,1,2,170,172,1.16
July 31 2022,Salt Lake,UT,Passenger,1,1,2,144,146,1.37
April 30 2021,Middlesex,MA,Passenger,1,0,1,100,101,0.99
November 30 2020,DeKalb,IN,Passenger,1,0,1,0,1,100.00
July 31 2018,Yakima,WA,Passenger,65,93,158,163949,164107,0.10
December 31 2019,Ferry,WA,Passenger,5,2,7,4400,4407,0.16
February 28 2021,Grays Harbor,WA,Passenger,142,130,272,48773,49045,0.55
July 31 2017,Garfield,WA,Truck,0,0,0,925,925,0.00
August 31 2019,Moore,NC,Passenger,0,1,1,183,184,0.54
November 30 2019,Ventura,CA,Passenger,0,2,2,313,315,0.63
August 31 2021,Hanover,VA,Passenger,1,0,1,1,2,50.00
November 30 2021,Ferry,WA,Passenger,13,3,16,4458,4474,0.36
July 31 2021,Eagle,CO,Passenger,1,0,1,8,9,11.11
April 30 2018,Chelan,WA,Passenger,98,45,143,53395,53538,0.27
June 30 2021,Missoula,MT,Passenger,1,0,1,65,66,1.52
May 31 2020,Maui,HI,Passenger,2,0,2,36,38,5.26
February 28 2018,Montgomery,TN,Passenger,1,0,1,270,271,0.37
March 31 2020,Washtenaw,MI,Passenger,1,0,1,36,37,2.70
May 31 2021,Wilson,NC,Passenger,1,0,1,0,1,100.00
July 31 2023,Clark,NV,Passenger,8,2,10,404,414,2.42
February 29 2024,Hillsborough,FL,Passenger,2,2,4,83,87,4.60
February 29 2024,Fulton,GA,Passenger,1,1,2,47,49,4.08
August 31 2022,Pennington,SD,Passenger,2,0,2,27,29,6.90
June 30 2019,DeKalb,IN,Passenger,1,0,1,1,2,50.00
August 31 2018,Hardin,KY,Passenger,0,1,1,115,116,0.86
June 30 2022,Orange,NC,Passenger,0,1,1,9,10,10.00
October 31 2023,Clark,WA,Passenger,6781,2534,9315,313333,322648,2.89
October 31 2017,Grant,WA,Passenger,20,33,53,61663,61716,0.09
August 31 2022,Lake,IL,Passenger,2,0,2,134,136,1.47
December 31 2019,Washtenaw,MI,Passenger,1,0,1,41,42,2.38
June 30 2022,Albemarle,VA,Passenger,3,0,3,21,24,12.50
January 31 2017,Sumter,FL,Passenger,0,1,1,10,11,9.09
February 28 2023,Cowlitz,WA,Passenger,426,193,619,70165,70784,0.87
March 31 2017,Skagit,WA,Truck,1,0,1,31421,31422,0.00
June 30 2021,Snohomish,WA,Truck,1,0,1,126243,126244,0.00
August 31 2023,Yolo,CA,Passenger,1,0,1,24,25,4.00
May 31 2019,Franklin,WA,Passenger,52,69,121,59777,59898,0.20
March 31 2020,Asotin,WA,Truck,0,0,0,6668,6668,0.00
November 30 2020,Island,WA,Truck,0,0,0,21281,21281,0.00
April 30 2018,El Paso,CO,Passenger,2,0,2,759,761,0.26
August 31 2018,Frederick,MD,Passenger,0,1,1,85,86,1.16
September 30 2022,Parker,TX,Passenger,0,1,1,21,22,4.55
May 31 2017,Nantucket,MA,Passenger,1,0,1,3,4,25.00
December 31 2023,Fredericksburg,VA,Passenger,1,0,1,5,6,16.67
October 31 2019,Stevens,WA,Passenger,30,28,58,31607,31665,0.18
June 30 2017,San Juan,WA,Passenger,107,40,147,13548,13695,1.07
January 31 2024,Harnett,NC,Passenger,4,0,4,130,134,2.99
May 31 2022,Oldham,KY,Passenger,0,1,1,4,5,20.00
September 30 2023,Ulster,NY,Passenger,1,0,1,6,7,14.29
November 30 2023,Albemarle,VA,Passenger,2,0,2,15,17,11.76
June 30 2018,Columbia,WA,Passenger,2,2,4,2424,2428,0.16
August 31 2022,Harnett,NC,Passenger,2,0,2,161,163,1.23
January 31 2024,Sacramento,CA,Passenger,1,1,2,136,138,1.45
November 30 2020,Suffolk,MA,Passenger,0,2,2,35,37,5.41
February 29 2024,Whatcom,WA,Passenger,3074,1079,4153,145604,149757,2.77
January 31 2023,Bexar,TX,Passenger,4,3,7,426,433,1.62
July 31 2021,Lee,FL,Passenger,1,0,1,37,38,2.63
December 31 2021,Suffolk,VA,Passenger,1,0,1,127,128,0.78
October 31 2022,Adams,CO,Passenger,1,0,1,33,34,2.94
May 31 2023,Beaufort,SC,Passenger,1,0,1,29,30,3.33
January 31 2018,Carroll,NH,Passenger,0,1,1,1,2,50.00
October 31 2018,Benton,WA,Passenger,191,216,407,132547,132954,0.31
June 30 2020,Cowlitz,WA,Passenger,138,115,253,72312,72565,0.35
December 31 2017,Portsmouth,VA,Passenger,0,1,1,66,67,1.49
January 31 2023,Tooele,UT,Passenger,1,0,1,7,8,12.50
April 30 2019,Pierce,WA,Truck,0,0,0,139312,139312,0.00
January 31 2020,Chelan,WA,Passenger,213,77,290,54612,54902,0.53
April 30 2017,Okanogan,WA,Passenger,3,16,19,25588,25607,0.07
June 30 2019,Ferry,WA,Passenger,5,2,7,4390,4397,0.16
June 30 2021,Orange,FL,Passenger,1,0,1,119,120,0.83
November 30 2023,Ulster,NY,Passenger,1,0,1,6,7,14.29
May 31 2021,Carroll,MD,Passenger,0,1,1,16,17,5.88
July 31 2020,King,WA,Passenger,24900,7755,32655,1370471,1403126,2.33
July 31 2018,Thurston,WA,Passenger,577,496,1073,193668,194741,0.55
March 31 2024,El Paso,CO,Passenger,5,2,7,403,410,1.71
October 31 2018,Ventura,CA,Passenger,0,2,2,322,324,0.62
September 30 2018,Norfolk,VA,Passenger,2,2,4,334,338,1.18
January 31 2019,Collier,FL,Passenger,1,0,1,19,20,5.00
February 28 2023,Placer,CA,Passenger,1,0,1,63,64,1.56
September 30 2019,Allegheny,PA,Passenger,2,0,2,87,89,2.25
February 28 2018,Lewis,WA,Truck,0,0,0,25274,25274,0.00
June 30 2022,Chelan,WA,Truck,3,0,3,23049,23052,0.01
March 31 2021,Franklin,WA,Truck,0,0,0,20604,20604,0.00
December 31 2019,Pierce,WA,Passenger,2127,1650,3777,547634,551411,0.68
January 31 2021,Whitman,WA,Passenger,51,46,97,21826,21923,0.44
September 30 2019,Cumberland,NC,Passenger,0,2,2,500,502,0.40
November 30 2017,Morris,NJ,Passenger,1,0,1,22,23,4.35
January 31 2022,Prince William,VA,Passenger,1,2,3,211,214,1.40
March 31 2024,Beaufort,SC,Passenger,1,0,1,25,26,3.85
September 30 2020,Mason,WA,Truck,0,0,0,20791,20791,0.00
January 31 2018,Clark,WA,Truck,0,0,0,78562,78562,0.00
January 31 2022,Asotin,WA,Truck,0,0,0,6727,6727,0.00
August 31 2018,Douglas,WA,Passenger,45,31,76,27792,27868,0.27
June 30 2021,Bucks,PA,Passenger,1,0,1,18,19,5.26
October 31 2019,RÃ­o Grande,PR,Passenger,1,0,1,1,2,50.00
January 31 2020,Carroll,NH,Passenger,0,1,1,4,5,20.00
September 30 2020,King,WA,Passenger,25383,7894,33277,1370840,1404117,2.37
December 31 2020,Spokane,WA,Truck,0,0,0,100681,100681,0.00
September 30 2017,Jefferson,WA,Truck,0,0,0,9415,9415,0.00
March 31 2020,Nueces,TX,Passenger,1,0,1,83,84,1.19
October 31 2022,Gwinnett,GA,Passenger,1,0,1,53,54,1.85
February 29 2024,New York,NY,Passenger,1,0,1,31,32,3.12
November 30 2018,Benton,WA,Passenger,209,223,432,132763,133195,0.32
June 30 2020,St. Louis,MO,Passenger,1,0,1,102,103,0.97
June 30 2022,Richland,SC,Passenger,0,2,2,139,141,1.42
December 31 2017,Anne Arundel,MD,Passenger,0,1,1,475,476,0.21
January 31 2024,Kern,CA,Passenger,1,1,2,148,150,1.33
July 31 2019,Maui,HI,Passenger,2,0,2,49,51,3.92
April 30 2020,Nassau,NY,Passenger,4,0,4,39,43,9.30
February 28 2018,Chelan,WA,Truck,0,0,0,21665,21665,0.00
March 31 2022,Kittitas,WA,Truck,0,0,0,14726,14726,0.00
August 31 2018,Benton,WA,Passenger,189,198,387,132184,132571,0.29
June 30 2021,Lewis,WA,Passenger,163,141,304,59656,59960,0.51
February 28 2022,San Bernardino,CA,Passenger,2,1,3,376,379,0.79
September 30 2019,San Francisco,CA,Passenger,2,1,3,109,112,2.68
August 31 2021,Denver,CO,Passenger,1,0,1,125,126,0.79
February 28 2022,Richmond,NY,Passenger,1,0,1,4,5,20.00
November 30 2020,Clackamas,OR,Passenger,2,0,2,183,185,1.08
May 31 2017,Ferry,WA,Passenger,1,1,2,4412,4414,0.05
December 31 2022,Newport,RI,Passenger,0,1,1,61,62,1.61
June 30 2017,Duval,FL,Passenger,1,1,2,379,381,0.52
May 31 2020,Goochland,VA,Passenger,2,1,3,269,272,1.10
April 30 2020,Contra Costa,CA,Passenger,3,2,5,319,324,1.54
March 31 2023,Pend Oreille,WA,Truck,0,0,0,5586,5586,0.00
October 31 2020,Cascade,MT,Passenger,0,1,1,58,59,1.69
January 31 2023,Harris,TX,Passenger,1,0,1,157,158,0.63
December 31 2023,Island,WA,Passenger,1293,480,1773,60859,62632,2.83
September 30 2020,Montgomery,TX,Passenger,1,0,1,51,52,1.92
February 28 2019,Clay,FL,Passenger,0,1,1,87,88,1.14
May 31 2018,Nantucket,MA,Passenger,1,0,1,4,5,20.00
October 31 2019,Tulsa,OK,Passenger,1,1,2,55,57,3.51
August 31 2020,Pierce,WA,Truck,0,0,0,143335,143335,0.00
June 30 2017,Albemarle,VA,Passenger,0,1,1,32,33,3.03
April 30 2023,Cass,MN,Passenger,0,1,1,1,2,50.00
March 31 2021,Ferry,WA,Truck,0,0,0,3626,3626,0.00
April 30 2021,Island,WA,Truck,0,0,0,21526,21526,0.00
September 30 2023,Kittitas,WA,Passenger,399,109,508,29337,29845,1.70
July 31 2023,Lincoln,WA,Passenger,19,20,39,7632,7671,0.51
June 30 2019,Portsmouth,VA,Passenger,0,1,1,74,75,1.33
December 31 2021,Monterey,CA,Passenger,0,3,3,152,155,1.94
July 31 2018,Manassas,VA,Passenger,0,1,1,9,10,10.00
September 30 2022,Thurston,WA,Passenger,2378,1098,3476,192432,195908,1.77
October 31 2020,Whitman,WA,Passenger,50,46,96,21966,22062,0.44
August 31 2019,Brevard,FL,Passenger,0,1,1,88,89,1.12
June 30 2020,Utah,UT,Passenger,0,1,1,138,139,0.72
November 30 2021,San Mateo,CA,Passenger,2,0,2,89,91,2.20
October 31 2019,St. Mary's,MD,Passenger,1,0,1,215,216,0.46
June 30 2020,Skamania,WA,Truck,0,0,0,4008,4008,0.00
October 31 2021,Harris,TX,Passenger,1,1,2,204,206,0.97
April 30 2017,Nassau,NY,Passenger,0,1,1,41,42,2.38
March 31 2017,Douglas,OR,Passenger,0,1,1,76,77,1.30
October 31 2018,New Haven,CT,Passenger,0,1,1,45,46,2.17
April 30 2020,Spokane,WA,Passenger,710,473,1183,316185,317368,0.37
September 30 2022,Solano,CA,Passenger,2,0,2,164,166,1.20
May 31 2018,Ramsey,MN,Passenger,1,0,1,42,43,2.33
March 31 2019,Island,WA,Passenger,300,235,535,63097,63632,0.84
June 30 2020,Kitsap,WA,Truck,0,0,0,54050,54050,0.00
August 31 2018,Maricopa,AZ,Passenger,2,2,4,1623,1627,0.25
March 31 2020,Saginaw,MI,Passenger,1,0,1,12,13,7.69
August 31 2021,Moore,NC,Passenger,0,1,1,127,128,0.78
January 31 2018,Queens,NY,Passenger,1,0,1,62,63,1.59
April 30 2021,Charleston,SC,Passenger,2,0,2,92,94,2.13
April 30 2022,Norfolk,MA,Passenger,1,0,1,26,27,3.70
April 30 2023,Placer,CA,Passenger,1,0,1,64,65,1.54
July 31 2019,Albemarle,VA,Passenger,1,0,1,23,24,4.17
June 30 2023,Providence,RI,Passenger,1,0,1,17,18,5.56
May 31 2022,Richmond,NY,Passenger,1,0,1,4,5,20.00
January 31 2023,Rockdale,GA,Passenger,1,0,1,7,8,12.50
April 30 2020,Putnam,TN,Passenger,0,1,1,3,4,25.00
October 31 2018,Clark,WA,Truck,0,0,0,79567,79567,0.00
August 31 2022,Grays Harbor,WA,Passenger,218,163,381,48792,49173,0.77
May 31 2018,El Paso,CO,Passenger,2,1,3,759,762,0.39
August 31 2018,Hawaii,HI,Passenger,1,0,1,75,76,1.32
July 31 2020,Kent,MI,Passenger,0,1,1,26,27,3.70
August 31 2020,Pend Oreille,WA,Passenger,8,5,13,9225,9238,0.14
December 31 2022,Ferry,WA,Passenger,24,4,28,4342,4370,0.64
June 30 2018,Travis,TX,Passenger,1,1,2,199,201,1.00
August 31 2019,Alexandria,VA,Passenger,1,0,1,143,144,0.69
December 31 2020,Charles,MD,Passenger,1,1,2,75,77,2.60
July 31 2018,Portsmouth,VA,Passenger,0,1,1,72,73,1.37
October 31 2023,Okanogan,WA,Passenger,145,74,219,26067,26286,0.83
August 31 2022,Douglas,WA,Truck,1,0,1,12755,12756,0.01
March 31 2019,Pacific,WA,Truck,0,0,0,7650,7650,0.00
January 31 2023,Loudoun,VA,Passenger,3,2,5,60,65,7.69
August 31 2021,Hamilton,IN,Passenger,2,0,2,34,36,5.56
January 31 2020,Denver,CO,Passenger,1,0,1,128,129,0.78
April 30 2018,Volusia,FL,Passenger,0,1,1,35,36,2.78
March 31 2024,Otero,NM,Passenger,0,1,1,21,22,4.55
December 31 2020,Kitsap,WA,Truck,0,0,0,54345,54345,0.00
June 30 2022,Burlington,NJ,Passenger,0,2,2,108,110,1.82
June 30 2023,Onslow,NC,Passenger,0,1,1,146,147,0.68
January 31 2021,Prince George's,MD,Passenger,2,1,3,153,156,1.92
August 31 2019,Putnam,TN,Passenger,0,1,1,3,4,25.00
January 31 2021,Powhatan,VA,Passenger,1,0,1,2,3,33.33
November 30 2019,Pacific,WA,Passenger,29,30,59,16108,16167,0.36
November 30 2019,Skamania,WA,Passenger,26,20,46,8779,8825,0.52
June 30 2017,Pima,AZ,Passenger,1,2,3,448,451,0.67
December 31 2018,Sacramento,CA,Passenger,0,1,1,315,316,0.32
September 30 2023,DuPage,IL,Passenger,2,1,3,31,34,8.82
December 31 2021,Ada,ID,Passenger,1,0,1,206,207,0.48
June 30 2017,Douglas,WA,Passenger,34,26,60,26717,26777,0.22
July 31 2022,Pend Oreille,WA,Truck,0,0,0,5645,5645,0.00
January 31 2022,Virginia Beach,VA,Passenger,2,0,2,572,574,0.35
February 28 2021,Juneau,AK,Passenger,0,1,1,26,27,3.70
September 30 2022,Santa Cruz,CA,Passenger,1,0,1,26,27,3.70
May 31 2023,Deschutes,OR,Passenger,1,0,1,70,71,1.41
March 31 2023,Douglas,WA,Passenger,182,57,239,28645,28884,0.83
August 31 2017,Los Angeles,CA,Passenger,2,2,4,1278,1282,0.31
February 28 2019,San Francisco,CA,Passenger,2,1,3,119,122,2.46
February 28 2019,Goochland,VA,Passenger,1,1,2,248,250,0.80
August 31 2017,Santa Clara,CA,Passenger,5,2,7,402,409,1.71
May 31 2017,Chelan,WA,Truck,0,0,0,21246,21246,0.00
October 31 2018,San Mateo,CA,Passenger,1,1,2,133,135,1.48
December 31 2022,Carroll,NH,Passenger,0,1,1,5,6,16.67
April 30 2024,Pierce,WA,Passenger,10468,3373,13841,508578,522419,2.65
February 29 2020,San Diego,CA,Passenger,12,4,16,2782,2798,0.57
October 31 2023,Columbia,WA,Passenger,12,0,12,2424,2436,0.49
December 31 2018,Volusia,FL,Passenger,0,1,1,40,41,2.44
May 31 2022,St. Clair,IL,Passenger,1,0,1,121,122,0.82
July 31 2022,Spokane,WA,Passenger,1671,863,2534,324197,326731,0.78
January 31 2021,Pierce,WA,Truck,0,0,0,144809,144809,0.00
April 30 2017,Whitman,WA,Passenger,9,19,28,21959,21987,0.13
December 31 2017,Tarrant,TX,Passenger,1,0,1,227,228,0.44
June 30 2022,Lewis,WA,Truck,0,0,0,26398,26398,0.00
December 31 2019,DuPage,IL,Passenger,3,0,3,66,69,4.35
June 30 2020,Boone,MO,Passenger,0,1,1,11,12,8.33
August 31 2023,Kootenai,ID,Truck,1,0,1,26,27,3.70
November 30 2018,Carroll,NH,Passenger,0,1,1,1,2,50.00
January 31 2021,Broward,FL,Passenger,2,1,3,110,113,2.65
July 31 2021,DuPage,IL,Passenger,3,1,4,55,59,6.78
March 31 2022,Hennepin,MN,Passenger,3,0,3,70,73,4.11
April 30 2017,San Juan,WA,Passenger,98,35,133,13477,13610,0.98
September 30 2020,Bexar,TX,Passenger,3,5,8,610,618,1.29
October 31 2022,Grays Harbor,WA,Truck,2,0,2,21070,21072,0.01
August 31 2018,Washoe,NV,Passenger,1,0,1,117,118,0.85
October 31 2021,Fresno,CA,Passenger,1,0,1,181,182,0.55
July 31 2023,Walla Walla,WA,Truck,6,0,6,13681,13687,0.04
May 31 2019,Franklin,MA,Passenger,0,1,1,1,2,50.00
February 28 2022,Stevens,WA,Passenger,59,47,106,30067,30173,0.35
October 31 2017,Los Angeles,CA,Passenger,4,2,6,1249,1255,0.48
November 30 2020,Adams,WA,Truck,0,0,0,5323,5323,0.00
October 31 2017,Wahkiakum,WA,Truck,0,0,0,1672,1672,0.00
September 30 2022,Charleston,SC,Passenger,2,2,4,64,68,5.88
February 28 2018,Spokane,WA,Passenger,306,263,569,300476,301045,0.19
December 31 2021,Asotin,WA,Passenger,22,17,39,12703,12742,0.31
December 31 2018,Kittitas,WA,Truck,0,0,0,14200,14200,0.00
April 30 2022,Columbia,WA,Passenger,7,0,7,2443,2450,0.29
February 28 2023,Harford,MD,Passenger,1,1,2,41,43,4.65
August 31 2017,Ferry,WA,Truck,0,0,0,3534,3534,0.00
June 30 2022,San Luis Obispo,CA,Passenger,1,0,1,60,61,1.64
March 31 2022,Williamson,TX,Passenger,1,2,3,96,99,3.03
September 30 2021,Frederick,MD,Passenger,1,1,2,72,74,2.70
April 30 2018,Mercer,NJ,Passenger,0,1,1,21,22,4.55
September 30 2017,Madison,ID,Passenger,1,0,1,37,38,2.63
July 31 2019,Volusia,FL,Passenger,0,1,1,41,42,2.38
May 31 2020,Hillsborough,FL,Passenger,0,1,1,185,186,0.54
September 30 2021,Stevens,WA,Truck,0,0,0,18881,18881,0.00
January 31 2021,Tarrant,TX,Passenger,1,0,1,169,170,0.59
March 31 2023,Travis,TX,Passenger,3,1,4,97,101,3.96
February 28 2023,Spokane,WA,Truck,25,0,25,101748,101773,0.02
January 31 2023,Carroll,MD,Passenger,0,1,1,18,19,5.26
August 31 2019,Santa Clara,CA,Passenger,4,2,6,379,385,1.56
December 31 2023,Charleston,SC,Passenger,1,2,3,45,48,6.25
November 30 2023,Middlesex,NJ,Passenger,1,0,1,18,19,5.26
December 31 2018,Kittitas,WA,Passenger,67,37,104,29340,29444,0.35
April 30 2021,Pend Oreille,WA,Passenger,14,5,19,9296,9315,0.20
December 31 2023,Klickitat,WA,Passenger,181,76,257,14999,15256,1.68
September 30 2023,Skamania,WA,Passenger,121,54,175,8026,8201,2.13
March 31 2023,Pima,AZ,Passenger,1,0,1,213,214,0.47
July 31 2019,Montgomery,PA,Passenger,2,0,2,39,41,4.88
March 31 2024,San Joaquin,CA,Passenger,1,0,1,54,55,1.82
November 30 2020,Mason,WA,Truck,0,0,0,20848,20848,0.00
June 30 2021,Randolph,NC,Passenger,1,0,1,8,9,11.11
February 28 2019,Maricopa,AZ,Passenger,6,3,9,1620,1629,0.55
March 31 2023,Alexandria,VA,Passenger,3,1,4,92,96,4.17
December 31 2022,Sumter,SC,Passenger,0,1,1,33,34,2.94
June 30 2020,Fort Bend,TX,Passenger,1,0,1,45,46,2.17
March 31 2020,Spokane,WA,Passenger,703,473,1176,317872,319048,0.37
March 31 2019,New Haven,CT,Passenger,0,2,2,49,51,3.92
January 31 2022,Multnomah,OR,Passenger,1,4,5,629,634,0.79
May 31 2018,Clackamas,OR,Passenger,0,1,1,228,229,0.44
January 31 2022,Stafford,VA,Passenger,2,1,3,97,100,3.00
March 31 2017,Travis,TX,Passenger,1,1,2,196,198,1.01
July 31 2017,Nueces,TX,Passenger,0,1,1,95,96,1.04
February 28 2018,Lake,CA,Passenger,0,1,1,9,10,10.00
December 31 2018,Pierce,WA,Passenger,1509,1373,2882,538710,541592,0.53
March 31 2019,Lincoln,WA,Passenger,3,6,9,7733,7742,0.12
April 30 2017,Santa Rosa,FL,Passenger,1,0,1,112,113,0.88
December 31 2019,Cochise,AZ,Passenger,0,1,1,106,107,0.93
July 31 2023,Alexandria,VA,Passenger,3,1,4,87,91,4.40
February 28 2017,Hamilton,IN,Passenger,1,0,1,67,68,1.47
December 31 2022,Loudoun,VA,Passenger,3,1,4,62,66,6.06
April 30 2023,Walla Walla,WA,Passenger,213,114,327,35432,35759,0.91
August 31 2019,Jefferson,NY,Passenger,0,1,1,220,221,0.45
February 28 2018,Skagit,WA,Truck,1,0,1,31809,31810,0.00
March 31 2017,Clark,NV,Passenger,1,3,4,873,877,0.46
February 29 2024,Grays Harbor,WA,Truck,18,0,18,20583,20601,0.09
May 31 2019,Douglas,NE,Passenger,0,1,1,64,65,1.54
December 31 2023,Plaquemines,LA,Passenger,1,1,2,16,18,11.11
September 30 2017,King,WA,Passenger,10649,4348,14997,1372215,1387212,1.08
January 31 2022,Thurston,WA,Truck,3,0,3,55853,55856,0.01
January 31 2018,Skamania,WA,Passenger,11,8,19,8605,8624,0.22
January 31 2019,Ada,ID,Passenger,0,2,2,322,324,0.62
November 30 2022,San Joaquin,CA,Passenger,1,0,1,89,90,1.11
February 28 2023,Bell,TX,Passenger,1,0,1,295,296,0.34
May 31 2021,Ulster,NY,Passenger,1,0,1,13,14,7.14
August 31 2021,Escambia,FL,Passenger,0,1,1,146,147,0.68
December 31 2023,Spotsylvania,VA,Passenger,0,1,1,22,23,4.35
March 31 2022,Autauga,AL,Passenger,1,0,1,12,13,7.69
September 30 2023,Wilson,TX,Passenger,0,1,1,3,4,25.00
August 31 2017,Asotin,WA,Truck,0,0,0,6513,6513,0.00
November 30 2019,Jefferson,WA,Truck,0,0,0,9651,9651,0.00
July 31 2017,Lewis,WA,Truck,0,0,0,24922,24922,0.00
January 31 2018,Mason,WA,Truck,0,0,0,19639,19639,0.00
December 31 2018,King,WA,Passenger,16277,6530,22807,1377725,1400532,1.63
December 31 2023,Lincoln,WA,Passenger,22,25,47,7575,7622,0.62
July 31 2018,San Juan,WA,Truck,0,0,0,5728,5728,0.00
August 31 2020,Bexar,TX,Passenger,3,5,8,615,623,1.28
May 31 2020,Alameda,CA,Passenger,2,1,3,283,286,1.05
November 30 2022,Wahkiakum,WA,Passenger,25,13,38,3040,3078,1.23
February 28 2023,Ferry,WA,Passenger,21,4,25,4347,4372,0.57
May 31 2021,Sarasota,FL,Passenger,2,0,2,35,37,5.41
February 28 2017,Skagit,WA,Truck,1,0,1,31399,31400,0.00
September 30 2022,Kootenai,ID,Passenger,0,1,1,155,156,0.64
December 31 2022,Columbia,WA,Passenger,7,1,8,2435,2443,0.33
June 30 2023,Maricopa,AZ,Passenger,10,5,15,732,747,2.01
June 30 2021,Wahkiakum,WA,Truck,0,0,0,1796,1796,0.00
September 30 2019,Wahkiakum,WA,Passenger,2,3,5,3050,3055,0.16
July 31 2020,Prince William,VA,Passenger,2,4,6,226,232,2.59
March 31 2019,Goochland,VA,Passenger,1,1,2,252,254,0.79
April 30 2021,Bexar,TX,Passenger,3,5,8,575,583,1.37
December 31 2020,Duval,FL,Passenger,0,2,2,366,368,0.54
July 31 2021,Placer,CA,Passenger,2,0,2,79,81,2.47
October 31 2022,Fairfax,VA,Truck,1,0,1,108,109,0.92
July 31 2017,Dane,WI,Passenger,1,0,1,88,89,1.12
April 30 2019,Guadalupe,TX,Passenger,1,0,1,81,82,1.22
January 31 2021,Carroll,MD,Passenger,0,1,1,18,19,5.26
February 28 2017,Sumter,FL,Passenger,0,1,1,10,11,9.09
March 31 2021,Stevens,WA,Truck,0,0,0,18791,18791,0.00
November 30 2022,Clallam,WA,Truck,8,0,8,21868,21876,0.04
August 31 2018,Mercer,NJ,Passenger,0,1,1,21,22,4.55
September 30 2019,Jefferson,CO,Passenger,0,2,2,56,58,3.45
March 31 2022,Skagit,WA,Passenger,730,326,1056,90409,91465,1.15
March 31 2018,Saratoga,NY,Passenger,1,1,2,65,67,2.99
December 31 2019,Boone,MO,Passenger,0,1,1,12,13,7.69
December 31 2021,Benton,WA,Passenger,637,444,1081,135994,137075,0.79
October 31 2023,Walla Walla,WA,Passenger,254,127,381,35408,35789,1.06
June 30 2019,Mason,WA,Passenger,124,120,244,47176,47420,0.51
January 31 2023,Allegheny,PA,Passenger,2,0,2,63,65,3.08
December 31 2019,Bexar,TX,Passenger,0,5,5,672,677,0.74
March 31 2022,Sedgwick,KS,Passenger,1,1,2,85,87,2.30
August 31 2021,Middlesex,MA,Passenger,1,0,1,100,101,0.99
January 31 2022,Lincoln,OR,Passenger,0,1,1,34,35,2.86
July 31 2023,Kern,CA,Passenger,1,1,2,176,178,1.12
January 31 2024,Sonoma,CA,Passenger,2,1,3,63,66,4.55
July 31 2019,Wahkiakum,WA,Truck,0,0,0,1760,1760,0.00
December 31 2017,St. Lucie,FL,Passenger,1,0,1,26,27,3.70
October 31 2019,Spokane,WA,Passenger,615,463,1078,314243,315321,0.34
July 31 2021,San Juan,WA,Truck,0,0,0,5950,5950,0.00
December 31 2020,Los Angeles,CA,Passenger,9,11,20,989,1009,1.98
September 30 2021,Sacramento,CA,Passenger,2,1,3,250,253,1.19
December 31 2021,,,Passenger,5,2,7,329,336,2.08
December 31 2019,Columbia,WA,Truck,0,0,0,1537,1537,0.00
April 30 2023,St. Louis,MO,Passenger,1,0,1,60,61,1.64
October 31 2019,Anne Arundel,MD,Passenger,1,1,2,434,436,0.46
January 31 2021,Klamath,OR,Passenger,1,0,1,33,34,2.94
May 31 2019,Benton,WA,Truck,0,0,0,41849,41849,0.00
February 28 2018,Lane,OR,Passenger,0,1,1,201,202,0.50
October 31 2020,Harris,TX,Passenger,1,0,1,255,256,0.39
October 31 2017,Missoula,MT,Passenger,1,0,1,70,71,1.41
April 30 2023,Rockingham,NH,Passenger,1,0,1,13,14,7.14
January 31 2022,Walla Walla,WA,Passenger,146,88,234,36267,36501,0.64
September 30 2017,Virginia Beach,VA,Passenger,2,1,3,650,653,0.46
June 30 2019,Monterey,CA,Passenger,0,1,1,193,194,0.52
May 31 2023,Adams,WA,Truck,2,0,2,5340,5342,0.04
April 30 2021,Columbia,WA,Truck,0,0,0,1559,1559,0.00
June 30 2023,Washtenaw,MI,Passenger,0,2,2,21,23,8.70
February 28 2021,Douglas,WA,Passenger,87,46,133,28249,28382,0.47
August 31 2020,Columbia,WA,Passenger,3,3,6,2424,2430,0.25
August 31 2020,Clark,NV,Passenger,3,2,5,687,692,0.72
July 31 2017,Hamilton,TN,Passenger,1,0,1,18,19,5.26
July 31 2023,Camden,NJ,Passenger,0,1,1,11,12,8.33
April 30 2023,Hanover,VA,Passenger,1,0,1,1,2,50.00
December 31 2022,Klickitat,WA,Passenger,122,51,173,15111,15284,1.13
April 30 2021,Suffolk,VA,Passenger,1,0,1,127,128,0.78
April 30 2023,Alameda,CA,Passenger,4,1,5,180,185,2.70
March 31 2020,DeKalb,IN,Passenger,1,0,1,1,2,50.00
October 31 2018,Washington,OR,Passenger,0,1,1,482,483,0.21
January 31 2019,Alameda,CA,Passenger,0,2,2,326,328,0.61
May 31 2022,Louisa,VA,Passenger,0,1,1,1,2,50.00
July 31 2022,Douglas,WA,Passenger,139,60,199,28385,28584,0.70
June 30 2021,Walla Walla,WA,Passenger,113,74,187,36595,36782,0.51
January 31 2017,San Diego,CA,Passenger,4,2,6,2894,2900,0.21
May 31 2019,Pend Oreille,WA,Truck,0,0,0,5743,5743,0.00
January 31 2019,Garfield,WA,Passenger,1,1,2,1331,1333,0.15
October 31 2022,Polk,OR,Passenger,0,1,1,19,20,5.00
November 30 2017,Montgomery,PA,Passenger,1,0,1,39,40,2.50
December 31 2021,Lake,IN,Passenger,0,1,1,9,10,10.00
December 31 2023,Tooele,UT,Passenger,2,0,2,8,10,20.00
September 30 2020,Skagit,WA,Passenger,447,228,675,91465,92140,0.73
April 30 2024,Ferry,WA,Passenger,28,4,32,4121,4153,0.77
May 31 2018,St. Clair,IL,Passenger,0,1,1,156,157,0.64
July 31 2017,Columbia,WA,Passenger,1,1,2,2351,2353,0.08
April 30 2019,Kootenai,ID,Passenger,1,2,3,215,218,1.38
December 31 2020,Prince William,VA,Passenger,1,3,4,222,226,1.77
June 30 2022,Prince William,VA,Passenger,1,3,4,199,203,1.97
December 31 2022,Middlesex,NJ,Passenger,1,0,1,19,20,5.00
November 30 2022,Randolph,NC,Passenger,1,0,1,5,6,16.67
October 31 2021,King,WA,Passenger,33822,9911,43733,1362853,1406586,3.11
July 31 2023,Clallam,WA,Passenger,569,293,862,49025,49887,1.73
January 31 2022,Calvert,MD,Passenger,0,2,2,83,85,2.35
December 31 2017,Sacramento,CA,Passenger,1,1,2,327,329,0.61
July 31 2018,Shelby,TN,Passenger,0,1,1,106,107,0.93
September 30 2018,Norfolk,MA,Passenger,1,0,1,37,38,2.63
December 31 2017,Deschutes,OR,Passenger,1,0,1,185,186,0.54
August 31 2020,Harris,TX,Passenger,1,0,1,250,251,0.40
July 31 2018,Morris,NJ,Passenger,1,0,1,16,17,5.88
December 31 2019,Berkshire,MA,Passenger,0,1,1,5,6,16.67
March 31 2017,Franklin,MA,Passenger,0,1,1,4,5,20.00
November 30 2020,Maricopa,AZ,Passenger,5,9,14,1438,1452,0.96
April 30 2024,Island,WA,Truck,48,0,48,20235,20283,0.24
May 31 2017,Montgomery,TN,Passenger,1,0,1,285,286,0.35
April 30 2019,Norfolk,VA,Passenger,2,2,4,354,358,1.12
November 30 2021,Santa Cruz,CA,Passenger,1,0,1,28,29,3.45
May 31 2021,Pennington,SD,Passenger,1,0,1,33,34,2.94
May 31 2023,Jackson,OK,Passenger,0,1,1,33,34,2.94
April 30 2024,Fairfax,VA,Passenger,8,6,14,489,503,2.78
December 31 2021,San Diego,CA,Passenger,18,6,24,2542,2566,0.94
January 31 2017,Pima,AZ,Passenger,0,2,2,483,485,0.41
October 31 2017,Portsmouth,VA,Passenger,0,1,1,63,64,1.56
April 30 2017,Monroe,NY,Passenger,1,0,1,28,29,3.45
January 31 2023,Sheridan,WY,Passenger,1,0,1,6,7,14.29
January 31 2022,Stevens,WA,Passenger,59,47,106,30160,30266,0.35
May 31 2021,Missoula,MT,Passenger,1,0,1,66,67,1.49
April 30 2022,Clark,NV,Passenger,8,2,10,575,585,1.71
August 31 2023,Laramie,WY,Passenger,1,0,1,27,28,3.57
August 31 2021,Kings,NY,Passenger,1,0,1,71,72,1.39
January 31 2020,Virginia Beach,VA,Passenger,1,0,1,693,694,0.14
April 30 2017,El Paso,CO,Passenger,1,1,2,824,826,0.24
March 31 2022,Multnomah,OR,Passenger,1,4,5,608,613,0.82
February 29 2024,Whitman,WA,Truck,10,0,10,8570,8580,0.12
July 31 2018,Lumpkin,GA,Passenger,1,0,1,7,8,12.50
December 31 2017,Eagle,CO,Passenger,1,0,1,6,7,14.29
March 31 2020,Franklin,WA,Passenger,58,76,134,61001,61135,0.22
January 31 2021,Okanogan,WA,Passenger,56,36,92,26123,26215,0.35
September 30 2023,Kings,CA,Passenger,2,2,4,269,273,1.47
September 30 2023,St. Lawrence,NY,Passenger,1,0,1,2,3,33.33
December 31 2018,Snohomish,WA,Passenger,2915,1437,4352,527119,531471,0.82
June 30 2021,Albemarle,VA,Passenger,2,0,2,23,25,8.00
August 31 2021,Boulder,CO,Passenger,1,1,2,46,48,4.17
December 31 2017,King,WA,Truck,8,1,9,185018,185027,0.00
December 31 2020,Grant,WA,Truck,0,0,0,27496,27496,0.00
May 31 2022,Kings,NY,Passenger,1,0,1,63,64,1.56
January 31 2019,Carson City,NV,Passenger,1,0,1,14,15,6.67
December 31 2022,San Juan,WA,Passenger,559,170,729,13884,14613,4.99
September 30 2021,Kittitas,WA,Truck,0,0,0,14786,14786,0.00
January 31 2024,Alameda,CA,Passenger,3,2,5,141,146,3.42
August 31 2019,Lake,CA,Passenger,0,1,1,9,10,10.00
November 30 2019,Boone,MO,Passenger,0,1,1,12,13,7.69
February 28 2022,San Mateo,CA,Passenger,2,0,2,86,88,2.27
August 31 2023,Walla Walla,WA,Truck,7,0,7,13655,13662,0.05
January 31 2021,Cascade,MT,Passenger,0,1,1,61,62,1.61
June 30 2020,Lake,IL,Passenger,1,0,1,172,173,0.58
February 28 2022,DeKalb,GA,Passenger,1,0,1,57,58,1.72
December 31 2018,Skagit,WA,Truck,1,0,1,32313,32314,0.00
January 31 2024,Asotin,WA,Truck,0,0,0,6559,6559,0.00
February 29 2020,Pinal,AZ,Passenger,1,0,1,202,203,0.49
April 30 2021,Rockingham,NH,Passenger,1,0,1,23,24,4.17
July 31 2020,Kings,NY,Passenger,1,0,1,69,70,1.43
May 31 2023,Champaign,IL,Passenger,1,0,1,12,13,7.69
February 28 2023,Hamilton,OH,Passenger,1,0,1,31,32,3.12
February 28 2021,Greene,MO,Passenger,0,1,1,37,38,2.63
January 31 2023,Currituck,NC,Passenger,1,0,1,19,20,5.00
April 30 2024,Whatcom,WA,Passenger,3152,1122,4274,143206,147480,2.90
January 31 2019,Lincoln,WA,Passenger,2,5,7,7756,7763,0.09
October 31 2018,Fairfax,VA,Passenger,2,2,4,813,817,0.49
January 31 2018,Tarrant,TX,Passenger,1,0,1,225,226,0.44
May 31 2020,Fresno,CA,Passenger,1,0,1,200,201,0.50
July 31 2021,Douglas,CO,Passenger,0,1,1,84,85,1.18
March 31 2022,Ulster,NY,Passenger,1,0,1,14,15,6.67
September 30 2018,Ventura,CA,Passenger,0,2,2,320,322,0.62
January 31 2017,Chelan,WA,Truck,0,0,0,21259,21259,0.00
September 30 2021,Virginia Beach,VA,Passenger,2,0,2,599,601,0.33
July 31 2022,Travis,TX,Passenger,3,1,4,113,117,3.42
March 31 2018,Nassau,NY,Passenger,1,0,1,38,39,2.56
August 31 2020,Placer,CA,Passenger,2,0,2,91,93,2.15
April 30 2023,Middlesex,NJ,Passenger,1,0,1,19,20,5.00
March 31 2024,Yakima,WA,Truck,18,0,18,59756,59774,0.03
June 30 2020,Lincoln,WA,Passenger,5,12,17,7624,7641,0.22
September 30 2018,Washington,OR,Passenger,0,1,1,475,476,0.21
March 31 2023,Prince William,VA,Passenger,1,2,3,176,179,1.68
January 31 2022,Eagle,CO,Passenger,1,0,1,6,7,14.29
November 30 2022,Salt Lake,UT,Passenger,2,1,3,135,138,2.17
June 30 2022,Danville,VA,Passenger,1,0,1,0,1,100.00
August 31 2017,Franklin,WA,Passenger,27,48,75,55925,56000,0.13
January 31 2023,Asotin,WA,Passenger,30,20,50,12436,12486,0.40
October 31 2017,Virginia Beach,VA,Passenger,2,1,3,650,653,0.46
February 29 2020,Asotin,WA,Truck,0,0,0,6696,6696,0.00
January 31 2019,Pend Oreille,WA,Truck,0,0,0,5745,5745,0.00
September 30 2023,Thurston,WA,Passenger,3459,1305,4764,189899,194663,2.45
August 31 2021,Houston,GA,Passenger,1,0,1,47,48,2.08
May 31 2020,Pierce,WA,Truck,0,0,0,141260,141260,0.00
February 28 2021,Kings,NY,Passenger,1,0,1,68,69,1.45
December 31 2020,Honolulu,HI,Passenger,5,2,7,452,459,1.53
March 31 2022,Washoe,NV,Passenger,1,0,1,82,83,1.20
August 31 2022,Richmond,NY,Passenger,1,0,1,4,5,20.00
September 30 2023,Charles,MD,Passenger,1,1,2,52,54,3.70
January 31 2021,Wilson,TX,Passenger,0,1,1,6,7,14.29
December 31 2021,Whatcom,WA,Passenger,1644,673,2317,149861,152178,1.52
December 31 2017,El Paso,TX,Passenger,1,0,1,525,526,0.19
January 31 2020,Ramsey,MN,Passenger,1,0,1,41,42,2.38
May 31 2022,Leavenworth,KS,Passenger,0,1,1,102,103,0.97
December 31 2021,Loudoun,VA,Passenger,1,0,1,68,69,1.45
July 31 2023,Fairfax,VA,Truck,1,0,1,86,87,1.15
January 31 2022,Carson City,NV,Passenger,1,0,1,9,10,10.00
January 31 2020,Sedgwick,KS,Passenger,1,1,2,99,101,1.98
April 30 2019,Lake,FL,Passenger,1,0,1,21,22,4.55
July 31 2023,Virginia Beach,VA,Passenger,4,2,6,439,445,1.35
July 31 2022,Escambia,FL,Passenger,0,1,1,144,145,0.69
June 30 2023,Collin,TX,Passenger,3,0,3,53,56,5.36
April 30 2023,Deschutes,OR,Passenger,1,0,1,71,72,1.39
April 30 2023,Albemarle,VA,Passenger,2,0,2,17,19,10.53
September 30 2020,San Francisco,CA,Passenger,2,1,3,96,99,3.03
March 31 2017,Pacific,WA,Truck,0,0,0,7477,7477,0.00
April 30 2022,Fresno,CA,Passenger,1,0,1,165,166,0.60
December 31 2022,Dallas,TX,Passenger,1,0,1,100,101,0.99
March 31 2020,Brevard,FL,Passenger,0,1,1,90,91,1.10
April 30 2017,Lewis,WA,Passenger,46,35,81,55193,55274,0.15
September 30 2018,Ada,ID,Passenger,0,2,2,327,329,0.61
March 31 2024,Loudoun,VA,Passenger,2,1,3,48,51,5.88
June 30 2022,Washtenaw,MI,Passenger,0,1,1,27,28,3.57
April 30 2024,Orange,NC,Passenger,0,1,1,3,4,25.00
November 30 2021,Chesapeake,VA,Passenger,2,2,4,405,409,0.98
June 30 2018,Clallam,WA,Passenger,124,112,236,49915,50151,0.47
December 31 2020,Pima,AZ,Passenger,2,1,3,354,357,0.84
July 31 2020,Hennepin,MN,Passenger,3,0,3,95,98,3.06
September 30 2017,Lumpkin,GA,Passenger,1,0,1,9,10,10.00
December 31 2023,Coryell,TX,Passenger,1,0,1,64,65,1.54
July 31 2022,King,WA,Passenger,41873,11438,53311,1344303,1397614,3.81
February 28 2019,Pierce,WA,Passenger,1611,1428,3039,538724,541763,0.56
November 30 2017,Jefferson,WA,Passenger,116,71,187,24180,24367,0.77
November 30 2021,Whatcom,WA,Truck,4,0,4,43677,43681,0.01
October 31 2021,Franklin,WA,Truck,0,0,0,20765,20765,0.00
March 31 2022,Kootenai,ID,Passenger,0,1,1,173,174,0.57
June 30 2018,Portsmouth,VA,Passenger,0,1,1,73,74,1.35
September 30 2020,Kent,MI,Passenger,0,1,1,26,27,3.70
April 30 2024,Fredericksburg,VA,Passenger,1,0,1,4,5,20.00
August 31 2022,Spokane,WA,Passenger,1737,880,2617,324049,326666,0.80
September 30 2022,Spokane,WA,Passenger,1764,888,2652,324050,326702,0.81
November 30 2017,Gwinnett,GA,Passenger,0,1,1,86,87,1.15
March 31 2022,Rockingham,NH,Passenger,1,0,1,18,19,5.26
June 30 2019,King,WA,Passenger,19078,7013,26091,1388682,1414773,1.84
January 31 2017,Mason,WA,Passenger,48,58,106,42800,42906,0.25
July 31 2020,Fairfax,VA,Passenger,5,3,8,748,756,1.06
January 31 2019,Collin,TX,Passenger,1,1,2,159,161,1.24
August 31 2017,Ramsey,MN,Passenger,1,0,1,41,42,2.38
December 31 2022,Shasta,CA,Passenger,1,0,1,27,28,3.57
April 30 2021,Owyhee,ID,Passenger,1,0,1,3,4,25.00
June 30 2022,Eagle,CO,Passenger,1,0,1,6,7,14.29
November 30 2017,Whatcom,WA,Truck,1,0,1,41929,41930,0.00
March 31 2019,San Diego,CA,Passenger,11,2,13,2654,2667,0.49
February 28 2018,Arlington,VA,Passenger,1,2,3,173,176,1.70
February 28 2019,San Juan,PR,Passenger,0,1,1,3,4,25.00
July 31 2020,Larimer,CO,Passenger,1,0,1,50,51,1.96
February 28 2023,Douglas,NE,Passenger,2,1,3,31,34,8.82
January 31 2020,Anne Arundel,MD,Passenger,1,1,2,430,432,0.46
January 31 2021,Yakima,WA,Passenger,180,129,309,167517,167826,0.18
January 31 2018,Okaloosa,FL,Passenger,1,0,1,181,182,0.55
May 31 2020,Pend Oreille,WA,Passenger,7,6,13,9214,9227,0.14
February 28 2019,Montgomery,TX,Passenger,2,0,2,65,67,2.99
September 30 2018,Lake,CA,Passenger,0,1,1,10,11,9.09
October 31 2021,Queens,NY,Passenger,1,0,1,49,50,2.00
August 31 2019,Oldham,KY,Passenger,0,1,1,5,6,16.67
July 31 2017,Kitsap,WA,Passenger,623,324,947,173373,174320,0.54
September 30 2021,Sonoma,CA,Passenger,0,1,1,93,94,1.06
June 30 2019,San Mateo,CA,Passenger,2,1,3,120,123,2.44
November 30 2019,Charleston,SC,Passenger,1,0,1,113,114,0.88
April 30 2021,Whatcom,WA,Passenger,1356,582,1938,151070,153008,1.27
November 30 2021,San Juan,WA,Passenger,473,147,620,14186,14806,4.19
July 31 2021,Howard,MD,Passenger,0,1,1,69,70,1.43
October 31 2023,Fulton,GA,Passenger,1,1,2,51,53,3.77
June 30 2018,Spokane,WA,Passenger,340,316,656,303078,303734,0.22
March 31 2018,Kittitas,WA,Truck,0,0,0,13986,13986,0.00
November 30 2022,Solano,CA,Passenger,2,0,2,159,161,1.24
November 30 2020,Palm Beach,FL,Passenger,0,2,2,80,82,2.44
November 30 2022,Currituck,NC,Passenger,1,0,1,19,20,5.00
July 31 2020,Chelan,WA,Passenger,240,82,322,54228,54550,0.59
December 31 2022,Whitman,WA,Passenger,110,67,177,21908,22085,0.80
July 31 2017,Whatcom,WA,Truck,2,0,2,41661,41663,0.00
August 31 2023,Sacramento,CA,Truck,1,0,1,30,31,3.23
July 31 2023,Middlesex,MA,Passenger,2,0,2,78,80,2.50
June 30 2018,Kent,MI,Passenger,0,1,1,27,28,3.57
February 29 2024,Plaquemines,LA,Passenger,1,1,2,16,18,11.11
March 31 2021,Walla Walla,WA,Truck,0,0,0,13964,13964,0.00
September 30 2023,Champaign,IL,Passenger,1,0,1,13,14,7.14
February 28 2017,Lincoln,WA,Passenger,2,4,6,7509,7515,0.08
October 31 2017,El Paso,TX,Passenger,1,0,1,529,530,0.19
September 30 2023,Newport,RI,Passenger,0,1,1,54,55,1.82
January 31 2023,Miami-Dade,FL,Passenger,1,0,1,72,73,1.37
September 30 2022,St. Clair,IL,Passenger,1,0,1,117,118,0.85
September 30 2018,Kent,MI,Passenger,0,1,1,28,29,3.45
January 31 2017,Maricopa,AZ,Passenger,3,1,4,2016,2020,0.20
March 31 2023,Clallam,WA,Truck,17,0,17,21759,21776,0.08
February 29 2024,San Joaquin,CA,Passenger,1,0,1,57,58,1.72
November 30 2021,Klickitat,WA,Truck,0,0,0,8325,8325,0.00
February 29 2024,Pulaski,MO,Passenger,2,0,2,81,83,2.41
March 31 2023,Collier,FL,Passenger,1,0,1,17,18,5.56
June 30 2020,Ferry,WA,Passenger,5,3,8,4332,4340,0.18
December 31 2018,Multnomah,OR,Passenger,3,5,8,779,787,1.02
November 30 2020,Fulton,GA,Passenger,1,3,4,97,101,3.96
October 31 2022,Sheridan,WY,Passenger,1,0,1,6,7,14.29
May 31 2021,Douglas,WA,Passenger,93,47,140,28515,28655,0.49
June 30 2017,Harnett,NC,Passenger,1,0,1,263,264,0.38
March 31 2022,Bexar,TX,Passenger,3,4,7,509,516,1.36
February 28 2021,Ferry,WA,Truck,0,0,0,3628,3628,0.00
December 31 2018,Brevard,FL,Passenger,0,1,1,96,97,1.03
June 30 2019,Montgomery,PA,Passenger,2,0,2,39,41,4.88
April 30 2022,Rockdale,GA,Passenger,1,0,1,6,7,14.29
February 29 2024,Snohomish,WA,Passenger,17088,3744,20832,521492,542324,3.84
May 31 2021,Spokane,WA,Passenger,1030,624,1654,325341,326995,0.51
January 31 2019,Okanogan,WA,Passenger,18,21,39,26044,26083,0.15
August 31 2023,Walla Walla,WA,Passenger,234,117,351,35429,35780,0.98
October 31 2017,Ramsey,MN,Passenger,1,0,1,42,43,2.33
April 30 2020,Newport,RI,Passenger,0,1,1,84,85,1.18
December 31 2020,Contra Costa,CA,Passenger,3,3,6,276,282,2.13
July 31 2020,Jefferson,WA,Passenger,249,142,391,24732,25123,1.56
September 30 2017,Lincoln,WA,Passenger,2,6,8,7563,7571,0.11
November 30 2019,Stevens,WA,Truck,0,0,0,18791,18791,0.00
May 31 2020,Chelan,WA,Passenger,228,78,306,54105,54411,0.56
March 31 2022,Whatcom,WA,Truck,4,0,4,43518,43522,0.01
November 30 2022,Wichita,TX,Passenger,2,0,2,41,43,4.65
November 30 2018,Moore,NC,Passenger,0,1,1,192,193,0.52
April 30 2019,New London,CT,Passenger,0,1,1,244,245,0.41
July 31 2022,Norfolk,VA,Passenger,2,3,5,294,299,1.67
January 31 2024,Hawaii,HI,Passenger,1,0,1,26,27,3.70
March 31 2022,Snohomish,WA,Truck,4,0,4,124757,124761,0.00
April 30 2017,Orange,FL,Passenger,1,1,2,149,151,1.32
August 31 2017,New London,CT,Passenger,1,0,1,249,250,0.40
August 31 2021,Kootenai,ID,Passenger,0,1,1,199,200,0.50
November 30 2018,Flathead,MT,Passenger,1,0,1,59,60,1.67
August 31 2018,Dale,AL,Passenger,0,1,1,54,55,1.82
May 31 2019,Richland,SC,Passenger,0,1,1,160,161,0.62
October 31 2021,Vigo,IN,Passenger,1,0,1,5,6,16.67
November 30 2021,Yakima,WA,Truck,0,0,0,61697,61697,0.00
December 31 2022,Harris,TX,Passenger,1,0,1,161,162,0.62
March 31 2020,Polk,FL,Passenger,1,0,1,76,77,1.30
September 30 2023,San Juan,WA,Truck,17,0,17,5910,5927,0.29
May 31 2023,Douglas,WA,Truck,7,0,7,12967,12974,0.05
May 31 2022,Denton,TX,Passenger,2,0,2,64,66,3.03
January 31 2022,Loudoun,VA,Passenger,1,0,1,69,70,1.43
September 30 2019,Volusia,FL,Passenger,0,1,1,41,42,2.38
March 31 2019,Frederick,MD,Passenger,1,1,2,81,83,2.41
October 31 2020,Benton,WA,Passenger,402,339,741,134627,135368,0.55
September 30 2021,DeKalb,GA,Passenger,1,0,1,61,62,1.61
January 31 2019,Washoe,NV,Passenger,2,0,2,112,114,1.75
May 31 2017,Collier,FL,Passenger,1,0,1,22,23,4.35
September 30 2019,Calvert,MD,Passenger,0,2,2,90,92,2.17
February 28 2021,Albemarle,VA,Passenger,1,0,1,24,25,4.00
January 31 2017,Kitsap,WA,Truck,1,0,1,52379,52380,0.00
May 31 2019,Placer,CA,Passenger,1,0,1,109,110,0.91
February 28 2023,Larimer,CO,Passenger,1,0,1,35,36,2.78
June 30 2019,Douglas,WA,Truck,0,0,0,12181,12181,0.00
June 30 2018,Pierce,WA,Truck,0,0,0,137792,137792,0.00
February 29 2024,Garfield,WA,Passenger,0,3,3,1299,1302,0.23
August 31 2021,Santa Clara,CA,Passenger,9,2,11,273,284,3.87
February 29 2020,San Joaquin,CA,Passenger,1,0,1,141,142,0.70
June 30 2021,Charles,MD,Passenger,1,1,2,73,75,2.67
February 28 2023,Hardin,KY,Passenger,1,0,1,56,57,1.75
February 28 2021,Wichita,TX,Passenger,1,0,1,45,46,2.17
April 30 2018,Thurston,WA,Truck,0,0,0,54060,54060,0.00
August 31 2022,Pend Oreille,WA,Truck,0,0,0,5631,5631,0.00
August 31 2020,Multnomah,OR,Passenger,4,6,10,726,736,1.36
October 31 2023,Virginia Beach,VA,Truck,1,0,1,99,100,1.00
July 31 2017,Pinal,AZ,Passenger,2,0,2,239,241,0.83
March 31 2024,Providence,RI,Passenger,1,0,1,15,16,6.25
December 31 2021,Penobscot,ME,Passenger,0,1,1,9,10,10.00
November 30 2023,Okanogan,WA,Passenger,152,75,227,26008,26235,0.87
June 30 2022,Island,WA,Passenger,817,378,1195,61719,62914,1.90
July 31 2018,Los Angeles,CA,Passenger,5,4,9,1161,1170,0.77
November 30 2022,Douglas,WA,Truck,2,0,2,12798,12800,0.02
August 31 2023,Middlesex,MA,Passenger,2,0,2,77,79,2.53
May 31 2022,Wahkiakum,WA,Truck,0,0,0,1803,1803,0.00
July 31 2023,Wahkiakum,WA,Truck,3,0,3,1778,1781,0.17
January 31 2023,Yellowstone,MT,Passenger,0,1,1,16,17,5.88
November 30 2022,Kootenai,ID,Truck,1,0,1,32,33,3.03
January 31 2024,Adams,WA,Passenger,31,15,46,13098,13144,0.35
January 31 2024,Klickitat,WA,Passenger,186,75,261,14983,15244,1.71
September 30 2023,Norfolk,VA,Passenger,1,2,3,269,272,1.10
December 31 2023,Lincoln,WA,Truck,0,0,0,4783,4783,0.00
September 30 2022,Lewis,WA,Truck,1,0,1,26337,26338,0.00
March 31 2023,Klickitat,WA,Truck,6,0,6,8283,8289,0.07
February 29 2020,Saginaw,MI,Passenger,1,0,1,12,13,7.69
September 30 2023,DeKalb,GA,Passenger,2,0,2,36,38,5.26
October 31 2019,Lake,FL,Passenger,1,0,1,23,24,4.17
December 31 2019,Asotin,WA,Passenger,14,9,23,12672,12695,0.18
October 31 2022,Muscogee,GA,Passenger,0,1,1,121,122,0.82
December 31 2023,Skagit,WA,Truck,32,0,32,31555,31587,0.10
November 30 2021,Penobscot,ME,Passenger,0,1,1,9,10,10.00
October 31 2018,Brevard,FL,Passenger,0,1,1,94,95,1.05
September 30 2022,Norfolk,MA,Passenger,1,0,1,23,24,4.17
May 31 2018,Thurston,WA,Truck,0,0,0,54196,54196,0.00
September 30 2023,Pulaski,MO,Passenger,3,0,3,92,95,3.16
October 31 2019,Allegheny,PA,Passenger,2,0,2,86,88,2.27
August 31 2022,Williamsburg,VA,Passenger,0,1,1,7,8,12.50
October 31 2021,Spokane,WA,Truck,0,0,0,102516,102516,0.00
October 31 2019,Clark,WA,Truck,0,0,0,81135,81135,0.00
December 31 2022,Klickitat,WA,Truck,4,0,4,8232,8236,0.05
August 31 2023,Adams,WA,Passenger,25,13,38,13102,13140,0.29
October 31 2023,Solano,CA,Passenger,5,0,5,129,134,3.73
May 31 2020,Albemarle,VA,Passenger,1,0,1,22,23,4.35
June 30 2018,Yakima,WA,Passenger,60,88,148,163760,163908,0.09
October 31 2020,Kittitas,WA,Passenger,121,49,170,29699,29869,0.57
June 30 2020,Howard,MD,Passenger,0,1,1,81,82,1.22
August 31 2022,Contra Costa,CA,Passenger,0,4,4,224,228,1.75
January 31 2018,Portsmouth,VA,Passenger,0,1,1,70,71,1.41
April 30 2020,Osceola,FL,Passenger,1,0,1,44,45,2.22
February 28 2018,Saratoga,NY,Passenger,1,1,2,67,69,2.90
November 30 2023,New York,NY,Passenger,1,0,1,32,33,3.03
April 30 2022,Maricopa,AZ,Passenger,8,4,12,1115,1127,1.06
February 28 2022,Kootenai,ID,Passenger,0,1,1,176,177,0.56
April 30 2023,Stafford,VA,Passenger,3,1,4,83,87,4.60
July 31 2021,Sarasota,FL,Passenger,2,0,2,36,38,5.26
July 31 2020,Putnam,TN,Passenger,0,1,1,3,4,25.00
July 31 2023,Ray,MO,Passenger,0,1,1,0,1,100.00
December 31 2021,Grant,WA,Passenger,137,98,235,66936,67171,0.35
November 30 2017,Pacific,WA,Passenger,15,11,26,15328,15354,0.17
December 31 2017,Palm Beach,FL,Passenger,0,2,2,90,92,2.17
March 31 2023,,,Passenger,4,0,4,285,289,1.38
April 30 2024,Solano,CA,Passenger,5,0,5,118,123,4.07
August 31 2023,Nueces,TX,Passenger,1,1,2,51,53,3.77
December 31 2022,Providence,RI,Passenger,1,0,1,18,19,5.26
December 31 2023,Santa Cruz,CA,Passenger,1,0,1,20,21,4.76
January 31 2019,DeKalb,IN,Passenger,1,0,1,1,2,50.00
September 30 2023,Maricopa,AZ,Passenger,9,4,13,652,665,1.95
October 31 2023,Okanogan,WA,Truck,8,0,8,16331,16339,0.05
March 31 2024,Larimer,CO,Passenger,1,0,1,19,20,5.00
July 31 2018,Manatee,FL,Passenger,1,0,1,38,39,2.56
October 31 2018,Spokane,WA,Passenger,382,352,734,306147,306881,0.24
November 30 2022,Spokane,WA,Truck,18,0,18,101772,101790,0.02
September 30 2021,King,WA,Truck,5,1,6,183816,183822,0.00
August 31 2023,Pend Oreille,WA,Truck,0,0,0,5609,5609,0.00
January 31 2021,Collin,TX,Passenger,2,1,3,131,134,2.24
April 30 2023,Wayne,MI,Passenger,0,1,1,39,40,2.50
August 31 2022,Kootenai,ID,Passenger,0,1,1,156,157,0.64
October 31 2019,Ferry,WA,Passenger,5,2,7,4427,4434,0.16
November 30 2022,Franklin,WA,Passenger,246,117,363,61713,62076,0.58
June 30 2018,Skagit,WA,Truck,1,0,1,32039,32040,0.00
January 31 2024,St. Louis,MO,Passenger,1,0,1,51,52,1.92
August 31 2022,Sumter,SC,Passenger,0,1,1,33,34,2.94
March 31 2018,Stevens,WA,Truck,0,0,0,18420,18420,0.00
July 31 2018,Lewis,WA,Truck,0,0,0,25585,25585,0.00
November 30 2017,Jefferson,WA,Truck,0,0,0,9457,9457,0.00
September 30 2019,Duval,FL,Passenger,1,2,3,375,378,0.79
December 31 2023,Wake,NC,Passenger,3,0,3,73,76,3.95
February 28 2017,Salt Lake,UT,Passenger,0,1,1,333,334,0.30
May 31 2023,Charleston,SC,Passenger,1,2,3,56,59,5.08
October 31 2020,Kittitas,WA,Truck,0,0,0,14631,14631,0.00
November 30 2023,Clark,WA,Truck,135,0,135,80823,80958,0.17
July 31 2018,Franklin,WA,Truck,0,0,0,18737,18737,0.00
June 30 2019,Pacific,WA,Passenger,25,29,54,15968,16022,0.34
May 31 2020,Multnomah,OR,Passenger,4,7,11,742,753,1.46
July 31 2021,Arapahoe,CO,Passenger,1,0,1,121,122,0.82
October 31 2021,Baltimore,MD,Passenger,1,0,1,95,96,1.04
February 28 2022,Autauga,AL,Passenger,1,0,1,12,13,7.69
November 30 2018,Ramsey,MN,Passenger,1,0,1,42,43,2.33
August 31 2023,Cumberland,PA,Passenger,1,0,1,34,35,2.86
September 30 2021,Penobscot,ME,Passenger,0,1,1,9,10,10.00
March 31 2023,Klickitat,WA,Passenger,132,59,191,15159,15350,1.24
August 31 2020,DuPage,IL,Passenger,4,0,4,60,64,6.25
July 31 2022,Columbia,OR,Passenger,1,0,1,16,17,5.88
June 30 2023,Wilson,TX,Passenger,0,1,1,3,4,25.00
September 30 2018,Moore,NC,Passenger,0,1,1,195,196,0.51
June 30 2023,Mason,WA,Truck,11,0,11,20717,20728,0.05
April 30 2018,Manatee,FL,Passenger,1,0,1,38,39,2.56
January 31 2019,Mecklenburg,NC,Passenger,1,0,1,82,83,1.20
October 31 2020,Montgomery,TX,Passenger,1,0,1,51,52,1.92
December 31 2022,Kootenai,ID,Truck,1,0,1,32,33,3.03
April 30 2022,Douglas,NE,Passenger,1,2,3,47,50,6.00
April 30 2017,Eagle,CO,Passenger,1,0,1,8,9,11.11
February 29 2020,Okanogan,WA,Truck,0,0,0,16493,16493,0.00
December 31 2018,Chelan,WA,Truck,0,0,0,22049,22049,0.00
April 30 2017,Adams,WA,Truck,0,0,0,5072,5072,0.00
August 31 2017,Duval,FL,Passenger,1,1,2,374,376,0.53
September 30 2017,Portsmouth,VA,Passenger,0,1,1,64,65,1.54
November 30 2019,Fairbanks North Star,AK,Passenger,0,1,1,98,99,1.01
October 31 2023,Caddo,LA,Passenger,2,0,2,11,13,15.38
January 31 2019,Lewis,WA,Passenger,95,84,179,58363,58542,0.31
April 30 2017,Garfield,WA,Passenger,0,0,0,1283,1283,0.00
January 31 2022,St. Louis,MO,Passenger,1,0,1,79,80,1.25
November 30 2018,Grant,WA,Truck,0,0,0,26155,26155,0.00
April 30 2023,Pend Oreille,WA,Truck,0,0,0,5623,5623,0.00
May 31 2021,St. Louis,MO,Passenger,1,0,1,87,88,1.14
March 31 2024,Meade,KY,Passenger,1,0,1,16,17,5.88
August 31 2023,Douglas,NE,Passenger,1,1,2,25,27,7.41
September 30 2022,Mason,WA,Truck,4,0,4,20966,20970,0.02
February 29 2024,St. Louis,MN,Passenger,0,1,1,5,6,16.67
July 31 2022,Collier,FL,Passenger,1,0,1,18,19,5.26
January 31 2022,Vigo,IN,Passenger,1,0,1,5,6,16.67
August 31 2022,Leavenworth,KS,Passenger,0,1,1,93,94,1.06
March 31 2019,Dale,AL,Passenger,0,1,1,52,53,1.89
September 30 2019,Washtenaw,MI,Passenger,1,0,1,41,42,2.38
December 31 2022,Sacramento,CA,Truck,1,0,1,37,38,2.63
April 30 2020,Mercer,NJ,Passenger,0,1,1,17,18,5.56
March 31 2017,Riverside,CA,Passenger,1,1,2,833,835,0.24
March 31 2017,Island,WA,Passenger,105,130,235,59581,59816,0.39
June 30 2020,Columbia,WA,Truck,0,0,0,1531,1531,0.00
June 30 2018,Utah,UT,Passenger,0,1,1,141,142,0.70
September 30 2018,Lane,OR,Passenger,0,1,1,179,180,0.56
January 31 2019,King,WA,Passenger,17165,6678,23843,1380585,1404428,1.70
February 28 2023,Boulder,CO,Passenger,2,0,2,41,43,4.65
January 31 2023,Bryan,GA,Passenger,0,1,1,34,35,2.86
November 30 2021,Bernalillo,NM,Passenger,1,0,1,110,111,0.90
November 30 2021,Prince George's,MD,Passenger,2,1,3,155,158,1.90
October 31 2019,Wayne,MI,Passenger,0,1,1,64,65,1.54
January 31 2021,San Diego,CA,Passenger,14,3,17,2704,2721,0.62
March 31 2022,Pacific,WA,Passenger,61,68,129,15984,16113,0.80
November 30 2019,Chelan,WA,Truck,0,0,0,22514,22514,0.00
April 30 2020,Sarasota,FL,Passenger,2,0,2,35,37,5.41
December 31 2022,Platte,MO,Passenger,1,0,1,21,22,4.55
October 31 2021,Jefferson,WA,Passenger,360,191,551,24767,25318,2.18
January 31 2019,Whitman,WA,Passenger,24,40,64,22836,22900,0.28
October 31 2023,Chelan,WA,Truck,35,0,35,23122,23157,0.15
August 31 2021,Clackamas,OR,Passenger,2,0,2,177,179,1.12
April 30 2020,Cascade,MT,Passenger,0,1,1,61,62,1.61
September 30 2022,Clark,WA,Truck,19,0,19,82236,82255,0.02
February 28 2018,Grays Harbor,WA,Truck,0,0,0,20110,20110,0.00
June 30 2023,Harford,MD,Passenger,1,1,2,41,43,4.65
May 31 2017,Polk,FL,Passenger,1,0,1,68,69,1.45
May 31 2019,Shasta,CA,Passenger,1,0,1,44,45,2.22
March 31 2017,Howard,MD,Passenger,0,2,2,91,93,2.15
January 31 2019,Albemarle,VA,Passenger,1,0,1,25,26,3.85
January 31 2022,King,WA,Truck,14,1,15,182565,182580,0.01
January 31 2021,Pierce,WA,Passenger,2962,1789,4751,555292,560043,0.85
March 31 2018,Montgomery,MD,Passenger,1,0,1,297,298,0.34
June 30 2019,Washtenaw,MI,Passenger,1,0,1,40,41,2.44
September 30 2023,Miami-Dade,FL,Passenger,1,0,1,56,57,1.75
August 31 2022,Spokane,WA,Truck,10,0,10,101882,101892,0.01
May 31 2023,Walla Walla,WA,Passenger,215,114,329,35458,35787,0.92
February 28 2021,Wahkiakum,WA,Passenger,8,6,14,3044,3058,0.46
February 28 2017,Utah,UT,Passenger,0,1,1,176,177,0.56
February 28 2018,Fairfax,VA,Passenger,3,2,5,825,830,0.60
August 31 2019,Williamson,TX,Passenger,0,2,2,154,156,1.28
March 31 2021,Bartow,GA,Passenger,0,1,1,6,7,14.29
September 30 2019,Sumter,FL,Passenger,0,1,1,9,10,10.00
July 31 2021,Snohomish,WA,Passenger,6122,2098,8220,539487,547707,1.50
September 30 2020,Pacific,WA,Passenger,32,34,66,15707,15773,0.42
April 30 2022,Marion,OR,Passenger,1,0,1,107,108,0.93
March 31 2017,El Paso,CO,Passenger,1,1,2,826,828,0.24
October 31 2020,New Haven,CT,Passenger,0,2,2,33,35,5.71
May 31 2023,Autauga,AL,Passenger,2,0,2,13,15,13.33
August 31 2022,Snohomish,WA,Passenger,8921,2592,11513,530662,542175,2.12
December 31 2018,Walla Walla,WA,Passenger,41,52,93,36096,36189,0.26
September 30 2021,Suffolk,MA,Passenger,0,2,2,28,30,6.67
February 29 2020,Fulton,GA,Passenger,1,3,4,109,113,3.54
November 30 2023,Camden,NJ,Passenger,0,1,1,11,12,8.33
December 31 2022,Skamania,WA,Passenger,89,52,141,8098,8239,1.71
June 30 2022,Pima,AZ,Passenger,1,0,1,253,254,0.39
November 30 2019,Kern,CA,Passenger,0,1,1,225,226,0.44
February 29 2020,Dakota,MN,Passenger,0,1,1,30,31,3.23
May 31 2022,Lake,FL,Passenger,1,0,1,21,22,4.55
May 31 2022,Powhatan,VA,Passenger,1,0,1,2,3,33.33
February 29 2024,Walla Walla,WA,Passenger,274,142,416,35049,35465,1.17
August 31 2018,Whitman,WA,Passenger,20,30,50,22672,22722,0.22
October 31 2020,Thurston,WA,Truck,0,0,0,56280,56280,0.00
September 30 2021,Orange,CA,Passenger,5,2,7,433,440,1.59
February 29 2020,Jefferson,CO,Passenger,0,1,1,56,57,1.75
November 30 2023,Maui,HI,Passenger,1,0,1,20,21,4.76
June 30 2022,Franklin,WA,Passenger,186,109,295,61940,62235,0.47
November 30 2022,Garfield,WA,Passenger,1,3,4,1297,1301,0.31
August 31 2017,Cobb,GA,Passenger,0,1,1,75,76,1.32
August 31 2023,Richland,SC,Passenger,0,1,1,105,106,0.94
April 30 2019,Goochland,VA,Passenger,1,1,2,256,258,0.78
May 31 2023,Suffolk,VA,Passenger,1,0,1,109,110,0.91
December 31 2022,Queens,NY,Passenger,1,0,1,34,35,2.86
August 31 2020,Tulsa,OK,Passenger,1,1,2,50,52,3.85
April 30 2023,Ulster,NY,Passenger,1,0,1,8,9,11.11
January 31 2017,Jefferson,WA,Passenger,87,53,140,23607,23747,0.59
June 30 2020,Virginia Beach,VA,Passenger,1,0,1,668,669,0.15
September 30 2018,Hennepin,MN,Passenger,1,0,1,110,111,0.90
May 31 2017,Maui,HI,Passenger,1,0,1,74,75,1.33
May 31 2022,San Francisco,CA,Passenger,1,0,1,92,93,1.08
December 31 2017,Frederick,MD,Passenger,0,1,1,88,89,1.12
April 30 2023,Skamania,WA,Truck,1,0,1,3852,3853,0.03
February 28 2019,Pinal,AZ,Passenger,2,0,2,209,211,0.95
March 31 2020,Dallas,IA,Passenger,0,1,1,10,11,9.09
September 30 2022,Essex,MA,Passenger,1,0,1,16,17,5.88
July 31 2017,Spokane,WA,Passenger,262,213,475,296615,297090,0.16
July 31 2021,Clark,NV,Passenger,6,2,8,635,643,1.24
November 30 2017,Snohomish,WA,Truck,1,0,1,121375,121376,0.00
February 28 2023,Charleston,SC,Passenger,2,2,4,61,65,6.15
January 31 2024,Virginia Beach,VA,Truck,1,0,1,94,95,1.05
November 30 2019,Chelan,WA,Passenger,196,75,271,54638,54909,0.49
May 31 2017,Asotin,WA,Passenger,6,3,9,12370,12379,0.07
February 28 2023,Broward,FL,Passenger,1,0,1,68,69,1.45
December 31 2020,Grant,WA,Passenger,80,81,161,65905,66066,0.24
October 31 2018,Garfield,WA,Passenger,1,1,2,1330,1332,0.15
April 30 2024,Grant,WA,Truck,23,0,23,27148,27171,0.08
September 30 2020,Contra Costa,CA,Passenger,4,3,7,292,299,2.34
April 30 2023,St. Mary's,MD,Passenger,1,0,1,179,180,0.56
September 30 2019,Hennepin,MN,Passenger,3,1,4,107,111,3.60
February 28 2023,Spokane,WA,Passenger,2036,978,3014,323437,326451,0.92
April 30 2017,Klickitat,WA,Passenger,22,23,45,14770,14815,0.30
December 31 2023,Island,WA,Truck,42,0,42,20784,20826,0.20
October 31 2020,Arapahoe,CO,Passenger,1,0,1,132,133,0.75
March 31 2019,Montgomery,PA,Passenger,2,0,2,38,40,5.00
October 31 2017,Garfield,WA,Passenger,1,0,1,1315,1316,0.08
July 31 2023,Chelan,WA,Passenger,648,168,816,54201,55017,1.48
June 30 2020,Los Angeles,CA,Passenger,6,12,18,1034,1052,1.71
November 30 2017,San Juan,WA,Truck,0,0,0,5572,5572,0.00
August 31 2017,Northampton,PA,Passenger,0,1,1,97,98,1.02
July 31 2020,San Francisco,CA,Passenger,2,1,3,97,100,3.00
October 31 2022,Rock Island,IL,Passenger,0,1,1,14,15,6.67
February 29 2024,Mason,WA,Passenger,581,240,821,45674,46495,1.77
December 31 2023,Stevens,WA,Passenger,140,74,214,29464,29678,0.72
January 31 2020,Maricopa,AZ,Passenger,7,9,16,1581,1597,1.00
March 31 2020,Suffolk,VA,Passenger,1,0,1,125,126,0.79
February 28 2021,Montgomery,OH,Passenger,0,1,1,54,55,1.82
July 31 2023,Whitman,WA,Truck,5,0,5,8629,8634,0.06
November 30 2019,Polk,FL,Passenger,1,0,1,74,75,1.33
April 30 2019,Island,WA,Passenger,310,242,552,63226,63778,0.87
May 31 2022,Jefferson,WA,Passenger,424,215,639,24596,25235,2.53
December 31 2019,Mason,WA,Truck,0,0,0,20520,20520,0.00
April 30 2023,Hudson,NJ,Passenger,1,0,1,21,22,4.55
December 31 2019,Sumter,FL,Passenger,0,1,1,9,10,10.00
February 29 2020,El Paso,TX,Passenger,3,0,3,440,443,0.68
February 29 2020,Honolulu,HI,Passenger,4,2,6,488,494,1.21
April 30 2021,Arapahoe,CO,Passenger,1,0,1,128,129,0.78
October 31 2019,San Mateo,CA,Passenger,1,1,2,128,130,1.54
March 31 2019,San Juan,PR,Passenger,0,1,1,3,4,25.00
September 30 2017,Hawaii,HI,Passenger,1,0,1,81,82,1.22
August 31 2021,Maui,HI,Passenger,1,0,1,29,30,3.33
April 30 2020,Honolulu,HI,Passenger,4,2,6,479,485,1.24
June 30 2019,Honolulu,HI,Passenger,3,3,6,516,522,1.15
August 31 2023,Lake,IL,Passenger,2,0,2,117,119,1.68
July 31 2022,Sumter,SC,Passenger,0,1,1,32,33,3.03
November 30 2020,Denton,TX,Passenger,1,0,1,87,88,1.14
June 30 2022,Henrico,VA,Passenger,0,1,1,13,14,7.14
April 30 2019,Island,WA,Truck,0,0,0,21241,21241,0.00
August 31 2017,Lincoln,WA,Truck,0,0,0,4457,4457,0.00
October 31 2018,Whitman,WA,Passenger,19,33,52,22734,22786,0.23
July 31 2023,Ferry,WA,Passenger,21,4,25,4318,4343,0.58
February 28 2023,Newport,RI,Passenger,0,1,1,60,61,1.64
June 30 2019,Guadalupe,TX,Passenger,1,0,1,78,79,1.27
February 28 2022,Ray,MO,Passenger,0,1,1,1,2,50.00
February 28 2023,Thurston,WA,Truck,49,0,49,54472,54521,0.09
September 30 2020,Harris,TX,Passenger,1,0,1,256,257,0.39
April 30 2022,Allen,IN,Passenger,1,0,1,19,20,5.00
June 30 2022,Allen,IN,Passenger,1,0,1,19,20,5.00
April 30 2017,Kitsap,WA,Passenger,585,298,883,172661,173544,0.51
August 31 2017,King,WA,Passenger,10436,4265,14701,1372058,1386759,1.06
April 30 2020,San Joaquin,CA,Passenger,1,0,1,136,137,0.73
January 31 2018,Ada,ID,Passenger,0,1,1,358,359,0.28
January 31 2022,Grays Harbor,WA,Truck,0,0,0,21338,21338,0.00
February 28 2017,Spokane,WA,Truck,1,0,1,90229,90230,0.00
May 31 2021,Larimer,CO,Passenger,1,0,1,50,51,1.96
March 31 2022,San Luis Obispo,CA,Passenger,1,0,1,62,63,1.59
July 31 2021,Carson City,NV,Passenger,1,0,1,11,12,8.33
March 31 2017,San Juan,WA,Truck,0,0,0,5582,5582,0.00
June 30 2017,Orange,FL,Passenger,1,1,2,134,136,1.47
August 31 2019,Garfield,WA,Truck,0,0,0,957,957,0.00
February 29 2024,Travis,TX,Passenger,2,1,3,67,70,4.29
July 31 2018,Klickitat,WA,Truck,0,0,0,8121,8121,0.00
July 31 2021,Stevens,WA,Truck,0,0,0,18914,18914,0.00
January 31 2021,Garfield,WA,Truck,0,0,0,1001,1001,0.00
March 31 2023,Virginia Beach,VA,Truck,1,0,1,110,111,0.90
March 31 2024,Grant,WA,Passenger,392,171,563,66412,66975,0.84
October 31 2021,St. Mary's,MD,Passenger,1,0,1,207,208,0.48
March 31 2020,Travis,TX,Passenger,3,1,4,197,201,1.99
October 31 2021,,,Passenger,5,2,7,339,346,2.02
December 31 2022,San Joaquin,CA,Passenger,1,0,1,88,89,1.12
May 31 2019,Albemarle,VA,Passenger,1,0,1,25,26,3.85
March 31 2022,Wood,OH,Passenger,0,1,1,7,8,12.50
March 31 2017,New Haven,CT,Passenger,0,1,1,60,61,1.64
March 31 2017,Pacific,WA,Passenger,6,8,14,15070,15084,0.09
October 31 2022,Walla Walla,WA,Passenger,190,106,296,35687,35983,0.82
November 30 2022,Saratoga,NY,Passenger,1,0,1,39,40,2.50
June 30 2018,Norfolk,MA,Passenger,1,0,1,39,40,2.50
March 31 2020,El Paso,CO,Passenger,2,0,2,741,743,0.27
June 30 2022,San Joaquin,CA,Passenger,1,1,2,96,98,2.04
April 30 2024,Travis,TX,Passenger,2,0,2,60,62,3.23
June 30 2022,Broward,FL,Passenger,1,0,1,84,85,1.18
December 31 2020,DeKalb,IN,Passenger,1,0,1,0,1,100.00
June 30 2021,Jefferson,WA,Passenger,329,184,513,24877,25390,2.02
September 30 2022,St. Louis,MO,Passenger,2,0,2,63,65,3.08
February 28 2022,Pacific,WA,Passenger,58,65,123,16013,16136,0.76
April 30 2019,Clark,WA,Truck,0,0,0,80091,80091,0.00
November 30 2020,Prince William,VA,Passenger,2,3,5,225,230,2.17
June 30 2018,Garfield,WA,Truck,0,0,0,948,948,0.00
August 31 2021,Richmond,NY,Passenger,1,0,1,6,7,14.29
April 30 2017,Clallam,WA,Truck,0,0,0,20959,20959,0.00
March 31 2020,Garfield,WA,Passenger,0,1,1,1349,1350,0.07
April 30 2024,Virginia Beach,VA,Truck,1,0,1,92,93,1.08
August 31 2023,Okanogan,WA,Passenger,136,67,203,26132,26335,0.77
July 31 2017,Ramsey,MN,Passenger,1,0,1,42,43,2.33
December 31 2023,Klickitat,WA,Truck,14,0,14,8180,8194,0.17
April 30 2021,Skamania,WA,Truck,0,0,0,4018,4018,0.00
January 31 2018,Whitman,WA,Truck,0,0,0,8474,8474,0.00
February 29 2024,Cumberland,NC,Passenger,2,3,5,274,279,1.79
April 30 2024,Sacramento,CA,Passenger,1,1,2,125,127,1.57
March 31 2020,Ramsey,MN,Passenger,1,0,1,42,43,2.33
October 31 2022,Meade,KY,Passenger,1,0,1,22,23,4.35
March 31 2021,Skamania,WA,Passenger,38,25,63,8298,8361,0.75
May 31 2023,Saratoga,NY,Passenger,1,1,2,34,36,5.56
January 31 2024,Cook,IL,Passenger,3,1,4,131,135,2.96
September 30 2022,Cochise,AZ,Passenger,1,0,1,70,71,1.41
September 30 2023,Duval,FL,Passenger,1,0,1,227,228,0.44
April 30 2017,Sumter,FL,Passenger,0,1,1,10,11,9.09
March 31 2018,Pierce,WA,Truck,0,0,0,137064,137064,0.00
February 28 2018,Contra Costa,CA,Passenger,0,1,1,462,463,0.22
January 31 2023,Marion,OR,Passenger,1,0,1,82,83,1.20
January 31 2018,Franklin,MA,Passenger,0,1,1,3,4,25.00
August 31 2017,Grays Harbor,WA,Passenger,37,37,74,44958,45032,0.16
January 31 2023,Prince George's,MD,Passenger,3,1,4,128,132,3.03
July 31 2020,Fresno,CA,Passenger,1,0,1,194,195,0.51
April 30 2019,St. Clair,IL,Passenger,0,1,1,163,164,0.61
August 31 2019,Whitman,WA,Truck,0,0,0,8627,8627,0.00
October 31 2020,Clark,WA,Truck,0,0,0,83136,83136,0.00
July 31 2022,Columbia,WA,Truck,0,0,0,1576,1576,0.00
April 30 2024,Kootenai,ID,Passenger,0,1,1,71,72,1.39
October 31 2018,Sangamon,IL,Passenger,1,0,1,11,12,8.33
November 30 2019,Sangamon,IL,Passenger,1,0,1,5,6,16.67
June 30 2022,Clark,NV,Passenger,9,2,11,553,564,1.95
January 31 2024,Pend Oreille,WA,Truck,3,0,3,5548,5551,0.05
November 30 2023,Muscogee,GA,Passenger,0,1,1,89,90,1.11
February 28 2022,Douglas,CO,Passenger,0,1,1,89,90,1.11
March 31 2021,Douglas,NE,Passenger,1,1,2,53,55,3.64
September 30 2022,Lane,OR,Passenger,0,2,2,92,94,2.13
February 28 2023,Fredericksburg,VA,Passenger,1,0,1,5,6,16.67
August 31 2021,Montgomery,PA,Passenger,2,0,2,23,25,8.00
September 30 2021,RÃ­o Grande,PR,Passenger,1,0,1,0,1,100.00
April 30 2024,Stevens,WA,Passenger,150,76,226,28788,29014,0.78
June 30 2022,Kitsap,WA,Truck,4,0,4,53564,53568,0.01
January 31 2024,Walla Walla,WA,Truck,10,0,10,13583,13593,0.07
June 30 2019,Deschutes,OR,Passenger,3,0,3,165,168,1.79
April 30 2023,Ventura,CA,Passenger,3,2,5,228,233,2.15
July 31 2023,Marin,CA,Passenger,1,1,2,31,33,6.06
September 30 2022,Providence,RI,Passenger,1,0,1,21,22,4.55
December 31 2018,Twin Falls,ID,Passenger,0,1,1,24,25,4.00
January 31 2022,Coryell,TX,Passenger,1,0,1,104,105,0.95
February 28 2022,Ada,ID,Passenger,1,0,1,192,193,0.52
December 31 2022,Richmond,NY,Passenger,1,0,1,4,5,20.00
January 31 2023,Albemarle,VA,Passenger,2,0,2,18,20,10.00
December 31 2022,Kitsap,WA,Passenger,2763,1144,3907,176789,180696,2.16
October 31 2020,Ulster,NY,Passenger,1,0,1,13,14,7.14
September 30 2020,Walla Walla,WA,Passenger,86,62,148,35930,36078,0.41
October 31 2023,Montgomery,MD,Passenger,6,3,9,171,180,5.00
February 29 2024,Placer,CA,Passenger,1,0,1,52,53,1.89
January 31 2021,Hennepin,MN,Passenger,2,0,2,85,87,2.30
August 31 2023,Escambia,FL,Passenger,0,1,1,133,134,0.75
June 30 2017,Marin,CA,Passenger,1,0,1,58,59,1.69
February 28 2022,Thurston,WA,Passenger,1968,989,2957,195647,198604,1.49
July 31 2018,Tarrant,TX,Passenger,1,0,1,219,220,0.45
September 30 2017,Wahkiakum,WA,Passenger,0,2,2,2836,2838,0.07
January 31 2019,Franklin,WA,Truck,0,0,0,19122,19122,0.00
June 30 2022,Mason,WA,Truck,1,0,1,21037,21038,0.00
March 31 2018,Dale,AL,Passenger,0,1,1,60,61,1.64
May 31 2021,Chesapeake,VA,Passenger,0,3,3,412,415,0.72
August 31 2021,Hillsborough,FL,Passenger,0,2,2,154,156,1.28
November 30 2023,Kauai,HI,Passenger,0,1,1,14,15,6.67
December 31 2017,Columbia,WA,Passenger,2,1,3,2404,2407,0.12
July 31 2019,Fairbanks North Star,AK,Passenger,0,1,1,98,99,1.01
February 28 2023,Virginia Beach,VA,Passenger,3,1,4,473,477,0.84
May 31 2023,Lake,IN,Passenger,0,1,1,7,8,12.50
March 31 2024,Albemarle,VA,Passenger,2,0,2,15,17,11.76
May 31 2020,Kittitas,WA,Passenger,102,48,150,29775,29925,0.50
April 30 2018,Yakima,WA,Passenger,62,84,146,163218,163364,0.09
April 30 2022,Chesapeake,VA,Passenger,2,2,4,379,383,1.04
April 30 2020,Shasta,CA,Passenger,1,0,1,39,40,2.50
October 31 2022,Collier,FL,Passenger,1,0,1,17,18,5.56
April 30 2021,Camden,NJ,Passenger,0,1,1,16,17,5.88
April 30 2019,Bucks,PA,Passenger,1,0,1,19,20,5.00
July 31 2017,Franklin,WA,Truck,0,0,0,18171,18171,0.00
November 30 2023,Bell,TX,Passenger,1,0,1,230,231,0.43
September 30 2017,Honolulu,HI,Passenger,2,2,4,573,577,0.69
August 31 2021,New York,NY,Passenger,2,0,2,45,47,4.26
April 30 2023,Lake,IL,Passenger,2,0,2,127,129,1.55
September 30 2019,Snohomish,WA,Truck,0,0,0,122948,122948,0.00
September 30 2022,Clark,WA,Passenger,4473,1886,6359,315126,321485,1.98
December 31 2019,Wahkiakum,WA,Passenger,4,3,7,3042,3049,0.23
February 28 2018,Maricopa,AZ,Passenger,2,1,3,1654,1657,0.18
July 31 2021,Harrison,MS,Passenger,2,0,2,57,59,3.39
March 31 2024,Multnomah,OR,Passenger,1,1,2,333,335,0.60
August 31 2017,Missoula,MT,Passenger,1,0,1,70,71,1.41
December 31 2021,Greene,MO,Passenger,0,1,1,30,31,3.23
October 31 2020,Cowlitz,WA,Passenger,160,122,282,72086,72368,0.39
August 31 2021,Asotin,WA,Passenger,21,17,38,12716,12754,0.30
January 31 2022,Houston,GA,Passenger,1,0,1,42,43,2.33
September 30 2022,Hennepin,MN,Passenger,1,0,1,54,55,1.82
July 31 2023,Denton,TX,Passenger,1,0,1,42,43,2.33
August 31 2022,Eau Claire,WI,Passenger,1,0,1,1,2,50.00
October 31 2021,Yakima,WA,Passenger,270,165,435,168764,169199,0.26
March 31 2018,Twin Falls,ID,Passenger,0,1,1,25,26,3.85
January 31 2020,Tarrant,TX,Passenger,3,0,3,189,192,1.56
June 30 2021,Cumberland,NC,Passenger,0,2,2,437,439,0.46
December 31 2018,Cowlitz,WA,Truck,0,0,0,28735,28735,0.00
September 30 2023,Denton,TX,Passenger,1,0,1,36,37,2.70
August 31 2018,Sangamon,IL,Passenger,1,0,1,11,12,8.33
July 31 2022,Danville,VA,Passenger,1,0,1,0,1,100.00
December 31 2020,Clallam,WA,Truck,1,0,1,21823,21824,0.00
August 31 2017,Thurston,WA,Truck,0,0,0,53422,53422,0.00
January 31 2021,Adams,WA,Truck,0,0,0,5345,5345,0.00
May 31 2017,Skamania,WA,Truck,0,0,0,3862,3862,0.00
January 31 2017,Garfield,WA,Truck,0,0,0,940,940,0.00
June 30 2023,San Joaquin,CA,Passenger,0,1,1,78,79,1.27
September 30 2023,Lincoln,WA,Passenger,21,22,43,7594,7637,0.56
June 30 2018,San Diego,CA,Passenger,7,1,8,2593,2601,0.31
March 31 2023,Kitsap,WA,Truck,57,0,57,52594,52651,0.11
April 30 2019,Pacific,WA,Truck,0,0,0,7655,7655,0.00
December 31 2019,Guadalupe,TX,Passenger,1,0,1,71,72,1.39
July 31 2019,Marion,OR,Passenger,1,0,1,122,123,0.81
June 30 2020,Jones,GA,Passenger,1,0,1,1,2,50.00
May 31 2019,Nantucket,MA,Passenger,1,0,1,2,3,33.33
June 30 2022,Mason,WA,Passenger,310,175,485,47304,47789,1.01
December 31 2022,Collin,TX,Passenger,3,0,3,68,71,4.23
April 30 2022,Adams,CO,Passenger,1,0,1,36,37,2.70
October 31 2022,Mercer,NJ,Passenger,0,1,1,15,16,6.25
May 31 2021,Henrico,VA,Passenger,0,1,1,17,18,5.56
January 31 2021,Leavenworth,KS,Passenger,0,1,1,115,116,0.86
March 31 2021,Boone,MO,Passenger,0,1,1,12,13,7.69
May 31 2020,Montgomery,OH,Passenger,0,1,1,47,48,2.08
October 31 2018,Garfield,OK,Passenger,1,0,1,15,16,6.25
January 31 2021,Montgomery,MD,Passenger,1,0,1,230,231,0.43
April 30 2024,Bexar,TX,Passenger,2,3,5,312,317,1.58
October 31 2023,Walla Walla,WA,Truck,7,0,7,13702,13709,0.05
November 30 2023,Larimer,CO,Passenger,1,0,1,22,23,4.35
July 31 2021,Albemarle,VA,Passenger,2,0,2,23,25,8.00
July 31 2021,Washington,MD,Passenger,2,0,2,11,13,15.38
June 30 2017,Kittitas,WA,Passenger,22,17,39,27575,27614,0.14
April 30 2022,Okanogan,WA,Truck,0,0,0,16670,16670,0.00
June 30 2021,Pulaski,MO,Passenger,1,0,1,141,142,0.70
May 31 2022,Allen,IN,Passenger,1,0,1,19,20,5.00
April 30 2022,Hanover,VA,Passenger,1,0,1,1,2,50.00
May 31 2020,King,WA,Truck,5,1,6,181369,181375,0.00
August 31 2021,Douglas,WA,Truck,0,0,0,12678,12678,0.00
August 31 2022,Pend Oreille,WA,Passenger,18,12,30,9013,9043,0.33
September 30 2021,Milwaukee,WI,Passenger,1,0,1,42,43,2.33
July 31 2018,Garfield,OK,Passenger,1,0,1,17,18,5.56
November 30 2022,Hamilton,OH,Truck,1,0,1,4,5,20.00
April 30 2019,Chelan,WA,Passenger,147,66,213,54294,54507,0.39
April 30 2019,Pend Oreille,WA,Truck,0,0,0,5755,5755,0.00
April 30 2019,Dakota,MN,Passenger,0,2,2,35,37,5.41
April 30 2023,Chesapeake,VA,Passenger,3,2,5,313,318,1.57
August 31 2021,Okaloosa,FL,Passenger,0,1,1,122,123,0.81
February 29 2024,El Dorado,CA,Passenger,1,0,1,15,16,6.25
July 31 2021,Cumberland,NC,Passenger,0,4,4,434,438,0.91
August 31 2022,Sacramento,CA,Passenger,2,1,3,224,227,1.32
November 30 2018,Shasta,CA,Passenger,1,0,1,43,44,2.27
January 31 2023,Garfield,WA,Passenger,1,3,4,1309,1313,0.30
December 31 2021,Lewis,WA,Passenger,204,166,370,59570,59940,0.62
May 31 2019,Skagit,WA,Passenger,292,200,492,91693,92185,0.53
September 30 2023,Benton,WA,Passenger,1265,613,1878,135288,137166,1.37
May 31 2022,Tarrant,TX,Passenger,3,0,3,129,132,2.27
February 28 2023,Prince William,VA,Passenger,1,2,3,178,181,1.66
March 31 2022,Wake,NC,Passenger,1,0,1,112,113,0.88
March 31 2020,Ada,ID,Passenger,0,1,1,299,300,0.33
January 31 2022,Spokane,WA,Passenger,1346,766,2112,326298,328410,0.64
July 31 2022,Klickitat,WA,Passenger,105,56,161,15174,15335,1.05
December 31 2021,Douglas,WA,Passenger,117,56,173,28600,28773,0.60
March 31 2023,Mason,WA,Truck,11,0,11,20823,20834,0.05
March 31 2024,Fairfax,VA,Passenger,7,6,13,502,515,2.52
November 30 2019,Williamson,TX,Passenger,0,2,2,153,155,1.29
January 31 2018,Hamilton,TN,Passenger,1,0,1,21,22,4.55
August 31 2020,Dallas,TX,Passenger,1,0,1,196,197,0.51
January 31 2019,Beaufort,SC,Passenger,1,0,1,39,40,2.50
October 31 2022,Randolph,NC,Passenger,1,0,1,6,7,14.29
December 31 2022,Douglas,WA,Passenger,169,58,227,28485,28712,0.79
September 30 2019,Stevens,WA,Passenger,28,28,56,31652,31708,0.18
February 28 2023,Garfield,WA,Passenger,1,3,4,1306,1310,0.31
January 31 2017,Whitman,WA,Truck,0,0,0,8402,8402,0.00
February 28 2017,Douglas,OR,Passenger,0,1,1,80,81,1.23
September 30 2022,Norfolk,VA,Passenger,2,3,5,294,299,1.67
August 31 2022,Portsmouth,VA,Passenger,0,1,1,78,79,1.27
February 28 2022,Plaquemines,LA,Passenger,0,1,1,20,21,4.76
December 31 2018,Lumpkin,GA,Passenger,1,0,1,7,8,12.50
January 31 2017,Cowlitz,WA,Passenger,51,44,95,69106,69201,0.14
June 30 2021,Asotin,WA,Passenger,20,17,37,12716,12753,0.29
February 29 2024,Lincoln,WA,Truck,0,0,0,4762,4762,0.00
April 30 2021,Montgomery,MD,Passenger,1,0,1,232,233,0.43
May 31 2021,Owyhee,ID,Passenger,1,0,1,3,4,25.00
May 31 2019,San Juan,WA,Passenger,207,71,278,14351,14629,1.90
May 31 2021,Columbia,WA,Passenger,6,3,9,2475,2484,0.36
April 30 2019,San Mateo,CA,Passenger,2,1,3,127,130,2.31
December 31 2019,Klickitat,WA,Passenger,46,38,84,15669,15753,0.53
June 30 2017,Bexar,TX,Passenger,1,1,2,947,949,0.21
August 31 2022,Garfield,WA,Passenger,1,3,4,1313,1317,0.30
February 28 2023,Travis,TX,Passenger,3,1,4,98,102,3.92
January 31 2022,Pulaski,MO,Passenger,2,0,2,124,126,1.59
July 31 2017,Nassau,NY,Passenger,1,1,2,40,42,4.76
November 30 2021,Powhatan,VA,Passenger,1,0,1,1,2,50.00
May 31 2017,Kitsap,WA,Passenger,596,302,898,172834,173732,0.52
September 30 2023,Douglas,WA,Passenger,225,71,296,28774,29070,1.02
November 30 2022,San Diego,CA,Passenger,21,7,28,2326,2354,1.19
July 31 2023,Columbia,WA,Passenger,11,1,12,2427,2439,0.49
December 31 2020,Klickitat,WA,Truck,0,0,0,8083,8083,0.00
February 28 2021,District of Columbia,DC,Passenger,2,1,3,196,199,1.51
November 30 2021,El Paso,CO,Passenger,3,0,3,681,684,0.44
December 31 2018,Lane,OR,Passenger,0,1,1,172,173,0.58
April 30 2022,Leavenworth,KS,Passenger,0,1,1,101,102,0.98
September 30 2022,Prince William,VA,Passenger,1,2,3,194,197,1.52
February 28 2021,Hampshire,MA,Passenger,1,0,1,9,10,10.00
January 31 2024,Chesterfield,VA,Passenger,1,0,1,32,33,3.03
February 28 2022,Williams,ND,Passenger,0,1,1,8,9,11.11
September 30 2023,Snohomish,WA,Passenger,14439,3318,17757,527016,544773,3.26
June 30 2023,Spokane,WA,Truck,39,0,39,101765,101804,0.04
May 31 2018,Duval,FL,Passenger,1,2,3,381,384,0.78
January 31 2019,Okanogan,WA,Truck,0,0,0,16478,16478,0.00
September 30 2020,Duval,FL,Passenger,0,2,2,369,371,0.54
February 28 2023,Santa Cruz,CA,Passenger,1,0,1,21,22,4.55
November 30 2022,Essex,NJ,Passenger,2,0,2,12,14,14.29
June 30 2018,Volusia,FL,Passenger,0,1,1,36,37,2.70
December 31 2022,Snohomish,WA,Passenger,10171,2760,12931,529681,542612,2.38
July 31 2021,Okanogan,WA,Truck,0,0,0,16737,16737,0.00
April 30 2018,Norfolk,VA,Passenger,1,2,3,328,331,0.91
May 31 2017,Lane,OR,Passenger,0,1,1,247,248,0.40
August 31 2020,Bucks,PA,Passenger,1,0,1,22,23,4.35
August 31 2021,Thurston,WA,Truck,0,0,0,56362,56362,0.00
December 31 2018,District of Columbia,DC,Passenger,1,3,4,194,198,2.02
March 31 2022,Burlington,NJ,Passenger,0,1,1,110,111,0.90
July 31 2023,Rock Island,IL,Passenger,0,1,1,12,13,7.69
February 28 2019,,,Passenger,3,2,5,425,430,1.16
June 30 2023,Clallam,WA,Truck,20,0,20,21753,21773,0.09
April 30 2020,El Paso,TX,Passenger,3,0,3,437,440,0.68
October 31 2021,Goochland,VA,Passenger,3,2,5,221,226,2.21
November 30 2017,Island,WA,Truck,0,0,0,20690,20690,0.00
May 31 2022,Geary,KS,Passenger,1,0,1,83,84,1.19
January 31 2023,Gwinnett,GA,Passenger,1,0,1,50,51,1.96
December 31 2019,Dallas,IA,Passenger,0,1,1,10,11,9.09
January 31 2023,Mason,WA,Truck,8,0,8,20860,20868,0.04
November 30 2022,Riverside,CA,Passenger,7,0,7,456,463,1.51
July 31 2017,Maui,HI,Passenger,1,0,1,69,70,1.43
July 31 2023,Cache,UT,Passenger,1,0,1,10,11,9.09
October 31 2022,Eau Claire,WI,Passenger,1,0,1,1,2,50.00
May 31 2021,Adams,WA,Passenger,11,9,20,13034,13054,0.15
December 31 2017,DuPage,IL,Passenger,1,0,1,63,64,1.56
June 30 2018,Lumpkin,GA,Passenger,1,0,1,7,8,12.50
September 30 2017,El Paso,CO,Passenger,2,0,2,783,785,0.25
December 31 2021,Adams,WA,Truck,0,0,0,5417,5417,0.00
November 30 2019,Lincoln,WA,Truck,0,0,0,4694,4694,0.00
November 30 2018,Manatee,FL,Passenger,1,0,1,40,41,2.44
January 31 2020,Stevens,WA,Truck,0,0,0,18785,18785,0.00
February 28 2017,Kittitas,WA,Truck,0,0,0,13386,13386,0.00
June 30 2023,Washoe,NV,Passenger,2,0,2,55,57,3.51
May 31 2020,Camden,NJ,Passenger,0,1,1,22,23,4.35
January 31 2018,Walla Walla,WA,Truck,0,0,0,13324,13324,0.00
February 28 2023,Monterey,CA,Passenger,0,4,4,140,144,2.78
June 30 2021,Tarrant,TX,Passenger,2,0,2,151,153,1.31
December 31 2023,Garfield,WA,Truck,0,0,0,979,979,0.00
February 28 2019,Larimer,CO,Passenger,1,0,1,58,59,1.69
March 31 2023,Beaufort,SC,Passenger,1,0,1,28,29,3.45
January 31 2023,Randolph,NC,Passenger,1,0,1,5,6,16.67
March 31 2022,Platte,MO,Passenger,1,0,1,19,20,5.00
March 31 2020,Collier,FL,Passenger,1,0,1,20,21,4.76
August 31 2022,Queens,NY,Passenger,1,0,1,44,45,2.22
November 30 2023,Autauga,AL,Passenger,2,0,2,10,12,16.67
January 31 2023,Kootenai,ID,Truck,1,0,1,31,32,3.12
March 31 2019,Whatcom,WA,Truck,2,0,2,42721,42723,0.00
January 31 2020,Cascade,MT,Passenger,0,1,1,61,62,1.61
January 31 2023,Chesapeake,VA,Passenger,3,2,5,324,329,1.52
January 31 2021,Harford,MD,Passenger,0,1,1,58,59,1.69
June 30 2017,Cumberland,NC,Passenger,1,0,1,592,593,0.17
February 29 2020,Orange,CA,Passenger,7,2,9,527,536,1.68
January 31 2024,Cumberland,PA,Passenger,1,1,2,32,34,5.88
March 31 2022,Maui,HI,Passenger,1,0,1,29,30,3.33
February 28 2017,King,WA,Truck,8,1,9,190475,190484,0.00
July 31 2018,Chelan,WA,Truck,0,0,0,21947,21947,0.00
May 31 2019,Mason,WA,Passenger,121,118,239,47004,47243,0.51
May 31 2021,Cumberland,NC,Passenger,0,2,2,444,446,0.45
September 30 2022,Richland,SC,Passenger,0,1,1,129,130,0.77
August 31 2017,Santa Fe,NM,Passenger,0,1,1,43,44,2.27
June 30 2023,Anne Arundel,MD,Passenger,4,3,7,296,303,2.31
November 30 2020,Harrison,MS,Passenger,1,0,1,56,57,1.75
May 31 2022,Sevier,AR,Passenger,0,1,1,0,1,100.00
December 31 2020,Lincoln,WA,Passenger,5,12,17,7641,7658,0.22
November 30 2021,Wahkiakum,WA,Truck,0,0,0,1816,1816,0.00
August 31 2018,Kent,MI,Passenger,0,1,1,28,29,3.45
March 31 2023,Harrison,MS,Passenger,1,0,1,37,38,2.63
August 31 2022,Orange,NC,Passenger,0,1,1,8,9,11.11
December 31 2021,Walla Walla,WA,Passenger,143,86,229,36357,36586,0.63
November 30 2018,Island,WA,Passenger,266,225,491,63085,63576,0.77
May 31 2022,Anchorage,AK,Passenger,2,0,2,138,140,1.43
November 30 2022,Douglas,NE,Passenger,2,2,4,34,38,10.53
February 28 2022,Charles,MD,Passenger,0,1,1,66,67,1.49
November 30 2022,Lake,FL,Passenger,1,0,1,19,20,5.00
August 31 2023,Williamsburg,VA,Passenger,0,1,1,5,6,16.67
August 31 2020,Polk,FL,Passenger,1,0,1,72,73,1.37
October 31 2021,Duval,FL,Passenger,0,2,2,337,339,0.59
August 31 2023,Montgomery,MD,Passenger,6,3,9,173,182,4.95
February 28 2023,Deschutes,OR,Passenger,1,0,1,78,79,1.27
December 31 2023,Whatcom,WA,Truck,86,0,86,42353,42439,0.20
December 31 2017,Cowlitz,WA,Truck,0,0,0,28150,28150,0.00
March 31 2023,Garfield,WA,Truck,0,0,0,975,975,0.00
May 31 2020,Ulster,NY,Passenger,1,0,1,12,13,7.69
July 31 2020,Columbia,WA,Passenger,4,3,7,2419,2426,0.29
July 31 2019,Okanogan,WA,Truck,0,0,0,16486,16486,0.00
July 31 2017,Collier,FL,Passenger,1,0,1,22,23,4.35
October 31 2022,Columbia,WA,Truck,0,0,0,1579,1579,0.00
September 30 2018,Montgomery,MD,Passenger,1,0,1,285,286,0.35
August 31 2022,El Paso,TX,Passenger,3,0,3,344,347,0.86
March 31 2023,Snohomish,WA,Passenger,11300,2894,14194,528952,543146,2.61
April 30 2022,Benton,WA,Passenger,713,445,1158,135366,136524,0.85
November 30 2019,Cowlitz,WA,Passenger,114,106,220,73581,73801,0.30
January 31 2021,Walla Walla,WA,Passenger,103,68,171,36151,36322,0.47
May 31 2022,Deschutes,OR,Passenger,2,0,2,97,99,2.02
April 30 2022,District of Columbia,DC,Passenger,3,0,3,183,186,1.61
March 31 2022,Lee,FL,Passenger,1,0,1,35,36,2.78
June 30 2019,Franklin,MA,Passenger,0,1,1,1,2,50.00
November 30 2021,Adams,WA,Passenger,16,14,30,13031,13061,0.23
December 31 2017,Franklin,MA,Passenger,0,1,1,4,5,20.00
April 30 2022,Bartow,GA,Passenger,0,1,1,5,6,16.67
February 28 2022,Clark,WA,Passenger,3626,1598,5224,318873,324097,1.61
May 31 2017,Franklin,WA,Passenger,28,44,72,55455,55527,0.13
October 31 2022,Contra Costa,CA,Passenger,0,3,3,211,214,1.40
December 31 2022,San Francisco,CA,Passenger,1,0,1,72,73,1.37
August 31 2019,Hawaii,HI,Passenger,1,0,1,62,63,1.59
March 31 2024,Charlottesville,VA,Passenger,0,1,1,3,4,25.00
July 31 2021,Moore,NC,Passenger,0,1,1,134,135,0.74
September 30 2023,St. Mary's,MD,Passenger,1,0,1,171,172,0.58
October 31 2023,Pinal,AZ,Passenger,1,1,2,78,80,2.50
August 31 2021,Carson City,NV,Passenger,1,0,1,11,12,8.33
April 30 2017,Benton,WA,Passenger,143,140,283,128066,128349,0.22
June 30 2022,Grays Harbor,WA,Truck,1,0,1,21307,21308,0.00
October 31 2022,St. Mary's,MD,Passenger,1,0,1,184,185,0.54
January 31 2021,New Haven,CT,Passenger,0,2,2,38,40,5.00
November 30 2021,Shelby,OH,Passenger,0,1,1,3,4,25.00
October 31 2019,Clark,NV,Passenger,5,2,7,706,713,0.98
September 30 2023,Alameda,CA,Passenger,4,2,6,162,168,3.57
March 31 2023,Washtenaw,MI,Passenger,0,2,2,22,24,8.33
December 31 2020,Bartow,GA,Passenger,0,1,1,6,7,14.29
March 31 2017,Skamania,WA,Passenger,8,8,16,8526,8542,0.19
June 30 2022,Anne Arundel,MD,Passenger,3,3,6,348,354,1.69
June 30 2020,Twin Falls,ID,Passenger,0,1,1,26,27,3.70
September 30 2017,Ramsey,MN,Passenger,1,0,1,42,43,2.33
May 31 2019,Clark,WA,Truck,0,0,0,80172,80172,0.00
June 30 2019,Lincoln,WA,Passenger,2,8,10,7776,7786,0.13
March 31 2017,Garfield,WA,Passenger,0,0,0,1283,1283,0.00
January 31 2023,Kings,CA,Passenger,2,1,3,291,294,1.02
June 30 2021,Hennepin,MN,Passenger,3,0,3,81,84,3.57
November 30 2022,Meade,KY,Passenger,1,0,1,22,23,4.35
February 28 2023,Autauga,AL,Passenger,2,0,2,13,15,13.33
June 30 2023,Kauai,HI,Passenger,1,1,2,16,18,11.11
April 30 2020,Franklin,WA,Passenger,58,75,133,60715,60848,0.22
April 30 2020,Nueces,TX,Passenger,1,0,1,82,83,1.20
November 30 2020,Carson City,NV,Passenger,1,0,1,12,13,7.69
December 31 2023,Goochland,VA,Passenger,1,1,2,39,41,4.88
July 31 2018,Orange,FL,Passenger,2,1,3,174,177,1.69
January 31 2020,Ferry,WA,Truck,0,0,0,3587,3587,0.00
March 31 2023,Wahkiakum,WA,Truck,2,0,2,1786,1788,0.11
October 31 2019,Owyhee,ID,Passenger,1,0,1,3,4,25.00
June 30 2018,Saratoga,NY,Passenger,1,1,2,62,64,3.12
March 31 2017,Albemarle,VA,Passenger,0,1,1,30,31,3.23
February 28 2017,Prince George's,MD,Passenger,0,1,1,187,188,0.53
March 31 2022,Wilson,NC,Passenger,1,0,1,0,1,100.00
July 31 2023,San Juan,WA,Passenger,627,174,801,13782,14583,5.49
January 31 2021,Moore,NC,Passenger,0,1,1,144,145,0.69
February 28 2022,San Juan,WA,Truck,1,0,1,6015,6016,0.02
December 31 2023,Ada,ID,Passenger,2,0,2,91,93,2.15
June 30 2017,Stevens,WA,Passenger,8,23,31,31378,31409,0.10
December 31 2019,Chelan,WA,Passenger,201,78,279,54619,54898,0.51
September 30 2022,Douglas,WA,Passenger,148,61,209,28421,28630,0.73
December 31 2019,Whatcom,WA,Truck,2,0,2,43186,43188,0.00
April 30 2018,Prince William,VA,Passenger,0,5,5,265,270,1.85
June 30 2023,Santa Cruz,CA,Passenger,1,0,1,22,23,4.35
March 31 2017,Ferry,WA,Passenger,2,1,3,4389,4392,0.07
June 30 2017,Skamania,WA,Truck,0,0,0,3891,3891,0.00
October 31 2017,Orange,FL,Passenger,1,1,2,146,148,1.35
August 31 2019,Garfield,WA,Passenger,0,1,1,1305,1306,0.08
March 31 2021,Sedgwick,KS,Passenger,1,1,2,89,91,2.20
October 31 2021,Yamhill,OR,Passenger,1,0,1,39,40,2.50
August 31 2021,New Haven,CT,Passenger,0,2,2,33,35,5.71
February 28 2023,Snohomish,WA,Truck,121,0,121,122128,122249,0.10
June 30 2022,Island,WA,Truck,4,0,4,21340,21344,0.02
May 31 2019,Lewis,WA,Passenger,97,95,192,59024,59216,0.32
August 31 2022,Prince George's,MD,Passenger,3,1,4,131,135,2.96
September 30 2018,Frederick,MD,Passenger,0,1,1,87,88,1.14
July 31 2017,Santa Clara,CA,Passenger,5,2,7,409,416,1.68
May 31 2023,Allegheny,PA,Passenger,1,0,1,57,58,1.72
May 31 2021,Kittitas,WA,Truck,0,0,0,14769,14769,0.00
January 31 2020,Whatcom,WA,Passenger,1033,486,1519,151737,153256,0.99
September 30 2020,Newport,RI,Passenger,0,1,1,84,85,1.18
May 31 2019,District of Columbia,DC,Passenger,1,1,2,203,205,0.98
October 31 2023,Escambia,FL,Passenger,0,1,1,126,127,0.79
July 31 2022,York,VA,Passenger,1,0,1,87,88,1.14
April 30 2024,Madison,IL,Passenger,2,0,2,13,15,13.33
January 31 2017,Allegheny,PA,Passenger,1,0,1,94,95,1.05
February 29 2020,Dallas,IA,Passenger,0,1,1,10,11,9.09
August 31 2021,Klickitat,WA,Passenger,82,51,133,15349,15482,0.86
November 30 2018,Orange,CA,Passenger,5,2,7,562,569,1.23
March 31 2019,Wahkiakum,WA,Truck,0,0,0,1725,1725,0.00
May 31 2020,Randolph,NC,Passenger,1,0,1,8,9,11.11
August 31 2018,San Juan,PR,Passenger,0,1,1,4,5,20.00
September 30 2017,Adams,WA,Truck,0,0,0,5122,5122,0.00
January 31 2022,Allegheny,PA,Passenger,2,1,3,69,72,4.17
May 31 2023,Cumberland,PA,Passenger,1,0,1,39,40,2.50
July 31 2021,Bexar,TX,Passenger,2,4,6,553,559,1.07
January 31 2017,Jefferson,NY,Passenger,1,1,2,253,255,0.78
October 31 2020,Skagit,WA,Passenger,466,231,697,91483,92180,0.76
February 28 2017,Anne Arundel,MD,Passenger,0,1,1,510,511,0.20
June 30 2023,Cumberland,NC,Passenger,1,4,5,317,322,1.55
January 31 2023,Pulaski,AR,Passenger,3,0,3,26,29,10.34
November 30 2023,Williamsburg,VA,Passenger,0,1,1,4,5,20.00
August 31 2022,Ferry,WA,Passenger,20,4,24,4399,4423,0.54
April 30 2020,Klickitat,WA,Truck,0,0,0,8190,8190,0.00
January 31 2021,DeKalb,GA,Passenger,1,0,1,67,68,1.47
September 30 2021,Saginaw,MI,Passenger,1,0,1,8,9,11.11
November 30 2023,Shasta,CA,Passenger,1,0,1,24,25,4.00
October 31 2020,Lake,FL,Passenger,1,0,1,24,25,4.00
July 31 2022,Middlesex,NJ,Passenger,1,0,1,21,22,4.55
August 31 2022,Eagle,CO,Passenger,1,0,1,6,7,14.29
April 30 2017,Monterey,CA,Passenger,0,1,1,212,213,0.47
November 30 2017,Maricopa,AZ,Passenger,2,1,3,1685,1688,0.18
May 31 2019,Garfield,WA,Passenger,1,1,2,1292,1294,0.15
September 30 2020,Prince George's,MD,Passenger,2,1,3,157,160,1.88
June 30 2020,San Joaquin,CA,Passenger,1,0,1,133,134,0.75
December 31 2023,Arapahoe,CO,Passenger,1,1,2,65,67,2.99
June 30 2023,Williamsburg,VA,Passenger,0,1,1,5,6,16.67
March 31 2019,Marion,OR,Passenger,1,0,1,121,122,0.82
September 30 2021,Dallas,TX,Passenger,1,0,1,160,161,0.62
February 28 2018,New Haven,CT,Passenger,0,1,1,53,54,1.85
June 30 2023,Albemarle,VA,Passenger,2,0,2,16,18,11.11
July 31 2021,Onslow,NC,Passenger,0,1,1,180,181,0.55
September 30 2022,Wichita,TX,Passenger,2,0,2,40,42,4.76
March 31 2022,Albemarle,VA,Passenger,3,0,3,22,25,12.00
August 31 2020,Kitsap,WA,Passenger,1400,698,2098,179545,181643,1.16
July 31 2023,Spokane,WA,Truck,41,0,41,101681,101722,0.04
June 30 2020,Ada,ID,Passenger,0,1,1,283,284,0.35
July 31 2020,Albemarle,VA,Passenger,1,0,1,22,23,4.35
July 31 2020,Houston,GA,Passenger,1,0,1,56,57,1.75
September 30 2021,Clark,WA,Passenger,3150,1484,4634,321596,326230,1.42
September 30 2021,Skagit,WA,Passenger,640,291,931,91616,92547,1.01
December 31 2021,Ferry,WA,Passenger,14,3,17,4444,4461,0.38
May 31 2020,Larimer,CO,Passenger,1,0,1,50,51,1.96
March 31 2017,Montgomery,MD,Passenger,1,0,1,307,308,0.32
September 30 2020,Placer,CA,Passenger,2,0,2,92,94,2.13
August 31 2020,New Haven,CT,Passenger,0,2,2,35,37,5.41
December 31 2023,Lee,AL,Passenger,1,0,1,12,13,7.69
February 28 2019,Cowlitz,WA,Passenger,82,100,182,72433,72615,0.25
June 30 2019,Pima,AZ,Passenger,0,1,1,417,418,0.24
November 30 2019,Loudoun,VA,Passenger,1,0,1,97,98,1.02
July 31 2019,Montgomery,TX,Passenger,1,0,1,63,64,1.56
September 30 2018,Snohomish,WA,Truck,1,0,1,121763,121764,0.00
September 30 2022,Lewis,WA,Passenger,251,179,430,59750,60180,0.71
May 31 2022,Pulaski,MO,Passenger,2,0,2,116,118,1.69
April 30 2019,Okanogan,WA,Passenger,20,22,42,26010,26052,0.16
August 31 2019,,,Passenger,5,2,7,422,429,1.63
April 30 2023,Escambia,FL,Passenger,0,1,1,140,141,0.71
June 30 2017,Arlington,VA,Passenger,1,1,2,170,172,1.16
May 31 2022,Hudson,NJ,Passenger,2,0,2,38,40,5.00
February 28 2022,Eagle,CO,Passenger,1,0,1,6,7,14.29
January 31 2021,Cowlitz,WA,Truck,0,0,0,28967,28967,0.00
January 31 2018,Kittitas,WA,Passenger,37,27,64,28632,28696,0.22
February 28 2017,Orange,FL,Passenger,1,1,2,152,154,1.30
March 31 2017,Canyon,ID,Passenger,0,1,1,106,107,0.93
July 31 2023,Yuba,CA,Passenger,1,0,1,50,51,1.96
September 30 2019,Shasta,CA,Passenger,1,0,1,41,42,2.38
April 30 2018,Whatcom,WA,Passenger,594,269,863,146581,147444,0.59
February 28 2021,Prince William,VA,Passenger,1,2,3,219,222,1.35
February 28 2021,Fairbanks North Star,AK,Passenger,0,1,1,92,93,1.08
July 31 2020,DeKalb,GA,Passenger,1,0,1,79,80,1.25
November 30 2022,DeKalb,GA,Passenger,1,0,1,46,47,2.13
April 30 2023,Okanogan,WA,Truck,3,0,3,16462,16465,0.02
August 31 2020,Asotin,WA,Truck,0,0,0,6667,6667,0.00
September 30 2020,Mercer,NJ,Passenger,0,1,1,16,17,5.88
May 31 2017,Cumberland,NC,Passenger,1,0,1,599,600,0.17
August 31 2023,Franklin,WA,Truck,6,0,6,20902,20908,0.03
July 31 2018,Hardin,KY,Passenger,0,1,1,115,116,0.86
January 31 2022,Hanover,VA,Passenger,1,0,1,1,2,50.00
July 31 2018,Island,WA,Passenger,206,195,401,62551,62952,0.64
May 31 2022,Fairbanks North Star,AK,Passenger,0,1,1,82,83,1.20
February 29 2024,Sarpy,NE,Passenger,1,0,1,53,54,1.85
October 31 2020,Calvert,MD,Passenger,0,2,2,85,87,2.30
September 30 2021,Ferry,WA,Passenger,10,3,13,4402,4415,0.29
October 31 2023,Harris,TX,Passenger,2,1,3,123,126,2.38
May 31 2021,New York,NY,Passenger,2,0,2,53,55,3.64
August 31 2019,Charles,MD,Passenger,0,1,1,92,93,1.08
March 31 2021,Polk,FL,Passenger,1,0,1,65,66,1.52
August 31 2018,Grant,WA,Truck,0,0,0,26006,26006,0.00
July 31 2021,Pierce,WA,Truck,0,0,0,145745,145745,0.00
December 31 2018,Garfield,WA,Truck,0,0,0,964,964,0.00
May 31 2023,San Joaquin,CA,Passenger,0,1,1,81,82,1.22
September 30 2017,Hamilton,TN,Passenger,1,0,1,21,22,4.55
September 30 2019,Nassau,NY,Passenger,4,0,4,42,46,8.70
May 31 2018,Beaufort,SC,Passenger,1,0,1,40,41,2.44
August 31 2018,Okanogan,WA,Truck,0,0,0,16471,16471,0.00
May 31 2023,Goochland,VA,Passenger,2,2,4,66,70,5.71
October 31 2022,Berkeley,SC,Passenger,0,1,1,118,119,0.84
September 30 2020,San Juan,WA,Passenger,331,100,431,13898,14329,3.01
August 31 2021,Anne Arundel,MD,Passenger,3,1,4,376,380,1.05
April 30 2018,Prince George,VA,Passenger,0,1,1,71,72,1.39
April 30 2018,Nantucket,MA,Passenger,1,0,1,4,5,20.00
January 31 2019,Nassau,NY,Passenger,3,0,3,39,42,7.14
June 30 2023,Sacramento,CA,Truck,1,0,1,29,30,3.33
May 31 2023,Marin,CA,Passenger,1,1,2,31,33,6.06
February 29 2020,Queens,NY,Passenger,1,0,1,54,55,1.82
April 30 2023,Wahkiakum,WA,Passenger,26,16,42,3047,3089,1.36
January 31 2024,Lincoln,WA,Passenger,23,27,50,7536,7586,0.66
April 30 2018,Columbia,WA,Passenger,2,1,3,2414,2417,0.12
February 28 2023,Washoe,NV,Passenger,2,0,2,58,60,3.33
February 28 2022,Arlington,VA,Passenger,1,0,1,136,137,0.73
May 31 2017,Dakota,MN,Passenger,0,1,1,41,42,2.38
January 31 2020,Rockingham,NH,Passenger,1,0,1,27,28,3.57
March 31 2019,Mecklenburg,NC,Passenger,1,0,1,82,83,1.20
July 31 2023,Santa Cruz,CA,Passenger,1,0,1,21,22,4.55
February 28 2019,Brevard,FL,Passenger,0,1,1,91,92,1.09
June 30 2023,Douglas,WA,Truck,6,0,6,13002,13008,0.05
February 28 2023,Yakima,WA,Passenger,443,240,683,166132,166815,0.41
November 30 2017,Pend Oreille,WA,Passenger,3,4,7,9430,9437,0.07
September 30 2021,San Diego,CA,Passenger,18,6,24,2584,2608,0.92
October 31 2021,Asotin,WA,Passenger,21,17,38,12757,12795,0.30
February 29 2024,Anchorage,AK,Passenger,1,0,1,83,84,1.19
March 31 2022,Ventura,CA,Passenger,2,2,4,256,260,1.54
June 30 2021,Island,WA,Passenger,617,317,934,63125,64059,1.46
March 31 2019,Stevens,WA,Passenger,19,27,46,31615,31661,0.15
October 31 2023,Pacific,WA,Passenger,86,100,186,15523,15709,1.18
December 31 2020,Flathead,MT,Passenger,1,0,1,55,56,1.79
April 30 2022,Sonoma,CA,Passenger,0,1,1,85,86,1.16
May 31 2023,Anchorage,AK,Passenger,1,0,1,106,107,0.93
May 31 2019,Juneau,AK,Passenger,0,2,2,32,34,5.88
March 31 2018,Travis,TX,Passenger,1,1,2,199,201,1.00
January 31 2017,Loudoun,VA,Passenger,0,1,1,89,90,1.11
December 31 2021,Manassas,VA,Passenger,0,1,1,7,8,12.50
July 31 2018,Spokane,WA,Truck,1,0,1,92851,92852,0.00
November 30 2020,Cowlitz,WA,Truck,0,0,0,28867,28867,0.00
May 31 2021,Pacific,WA,Passenger,43,47,90,16056,16146,0.56
August 31 2022,Kern,CA,Passenger,0,1,1,197,198,0.51
February 28 2021,Mason,WA,Truck,0,0,0,21043,21043,0.00
October 31 2018,Klickitat,WA,Truck,0,0,0,8149,8149,0.00
November 30 2020,Los Angeles,CA,Passenger,8,10,18,1006,1024,1.76
November 30 2023,Cumberland,NC,Passenger,1,3,4,296,300,1.33
August 31 2021,St. Clair,IL,Passenger,1,0,1,135,136,0.74
October 31 2022,Orange,CA,Passenger,6,3,9,370,379,2.37
August 31 2022,Danville,VA,Passenger,1,0,1,0,1,100.00
October 31 2021,Grant,WA,Truck,0,0,0,28003,28003,0.00
April 30 2021,New York,NY,Passenger,2,0,2,53,55,3.64
May 31 2017,Canyon,ID,Passenger,0,1,1,104,105,0.95
July 31 2021,Oldham,KY,Passenger,0,1,1,4,5,20.00
May 31 2017,Cowlitz,WA,Passenger,52,50,102,69532,69634,0.15
March 31 2020,Kittitas,WA,Passenger,98,49,147,29998,30145,0.49
November 30 2020,Lincoln,WA,Passenger,5,11,16,7615,7631,0.21
May 31 2017,Manatee,FL,Passenger,1,0,1,47,48,2.08
October 31 2021,Anchorage,AK,Passenger,1,0,1,146,147,0.68
July 31 2022,Anne Arundel,MD,Passenger,3,3,6,343,349,1.72
March 31 2024,Middlesex,MA,Passenger,2,0,2,63,65,3.08
July 31 2018,Flathead,MT,Passenger,1,0,1,53,54,1.85
April 30 2023,Yellowstone,MT,Passenger,0,1,1,16,17,5.88
January 31 2021,El Paso,CO,Passenger,2,0,2,704,706,0.28
January 31 2022,Sedgwick,KS,Passenger,1,1,2,85,87,2.30
March 31 2024,Salt Lake,UT,Passenger,2,1,3,81,84,3.57
January 31 2024,Montgomery,AL,Passenger,1,0,1,33,34,2.94
March 31 2023,Sheridan,WY,Passenger,1,0,1,6,7,14.29
February 28 2018,Pierce,WA,Passenger,1116,1028,2144,526276,528420,0.41
January 31 2023,Clallam,WA,Passenger,500,267,767,49329,50096,1.53
August 31 2019,Klickitat,WA,Passenger,37,35,72,15620,15692,0.46
February 28 2021,Pierce,WA,Truck,0,0,0,144945,144945,0.00
August 31 2022,Whitman,WA,Truck,2,0,2,8557,8559,0.02
May 31 2018,Sedgwick,KS,Passenger,0,1,1,99,100,1.00
September 30 2019,Cook,IL,Passenger,1,0,1,252,253,0.40
December 31 2018,Charleston,SC,Passenger,1,0,1,126,127,0.79
January 31 2023,Hennepin,MN,Passenger,1,0,1,48,49,2.04
January 31 2019,Columbia,WA,Passenger,2,2,4,2424,2428,0.16
September 30 2020,El Dorado,CA,Passenger,1,0,1,37,38,2.63
February 28 2023,Marin,CA,Passenger,1,1,2,31,33,6.06
May 31 2023,Yellowstone,MT,Passenger,0,1,1,16,17,5.88
October 31 2022,Tarrant,TX,Passenger,2,0,2,110,112,1.79
March 31 2017,Monroe,NY,Passenger,1,0,1,30,31,3.23
November 30 2023,Washington,MD,Passenger,1,0,1,12,13,7.69
February 29 2024,Wake,NC,Passenger,3,0,3,67,70,4.29
February 29 2024,,,Passenger,5,0,5,227,232,2.16
December 31 2021,Calvert,MD,Passenger,0,2,2,84,86,2.33
February 28 2023,Currituck,NC,Passenger,1,0,1,19,20,5.00
December 31 2020,Okanogan,WA,Truck,0,0,0,16597,16597,0.00
December 31 2017,Mason,WA,Truck,0,0,0,19586,19586,0.00
December 31 2020,New London,CT,Passenger,1,1,2,230,232,0.86
May 31 2018,Ferry,WA,Passenger,2,3,5,4417,4422,0.11
January 31 2023,Marion,IA,Passenger,1,0,1,0,1,100.00
October 31 2017,Ferry,WA,Passenger,1,1,2,4397,4399,0.05
August 31 2023,Prince William,VA,Passenger,1,2,3,159,162,1.85
April 30 2024,Snohomish,WA,Truck,333,0,333,116025,116358,0.29
October 31 2019,Grays Harbor,WA,Truck,0,0,0,20726,20726,0.00
November 30 2018,Clallam,WA,Passenger,147,121,268,50325,50593,0.53
November 30 2018,Columbia,WA,Truck,0,0,0,1516,1516,0.00
July 31 2022,San Mateo,CA,Passenger,2,0,2,84,86,2.33
November 30 2019,Honolulu,HI,Passenger,4,2,6,498,504,1.19
May 31 2019,Riverside,CA,Passenger,2,2,4,667,671,0.60
August 31 2021,Grant,WA,Truck,0,0,0,27983,27983,0.00
March 31 2021,Klickitat,WA,Truck,0,0,0,8168,8168,0.00
October 31 2018,Marion,IN,Passenger,1,0,1,121,122,0.82
September 30 2020,Frederick,MD,Passenger,1,1,2,71,73,2.74
July 31 2020,Mason,WA,Truck,0,0,0,20706,20706,0.00
November 30 2020,Asotin,WA,Truck,0,0,0,6664,6664,0.00
November 30 2018,Whitman,WA,Truck,0,0,0,8535,8535,0.00
August 31 2020,Dallas,IA,Passenger,0,1,1,10,11,9.09
November 30 2020,New Haven,CT,Passenger,0,2,2,35,37,5.41
September 30 2022,Dorchester,SC,Passenger,1,0,1,60,61,1.64
April 30 2021,Milwaukee,WI,Passenger,1,0,1,43,44,2.27
March 31 2019,Sacramento,CA,Passenger,0,1,1,306,307,0.33
May 31 2019,Jefferson,NY,Passenger,0,1,1,221,222,0.45
April 30 2018,Northampton,PA,Passenger,0,1,1,64,65,1.54
July 31 2017,Wayne,MI,Passenger,0,1,1,72,73,1.37
July 31 2023,Columbia,WA,Truck,0,0,0,1548,1548,0.00
November 30 2021,Hanover,VA,Passenger,1,0,1,1,2,50.00
August 31 2018,Ramsey,MN,Passenger,1,0,1,42,43,2.33
September 30 2022,Oldham,KY,Passenger,0,1,1,4,5,20.00
February 29 2020,Vigo,IN,Passenger,1,0,1,5,6,16.67
November 30 2022,Whatcom,WA,Passenger,2057,798,2855,148629,151484,1.88
December 31 2021,Moore,NC,Passenger,0,1,1,124,125,0.80
August 31 2020,Okaloosa,FL,Passenger,0,1,1,148,149,0.67
April 30 2020,Harford,MD,Passenger,0,1,1,58,59,1.69
August 31 2022,Clark,WA,Truck,17,0,17,82331,82348,0.02
October 31 2023,Grant,WA,Truck,12,0,12,28052,28064,0.04
September 30 2018,Kitsap,WA,Passenger,842,499,1341,179425,180766,0.74
March 31 2023,Skamania,WA,Passenger,96,53,149,8116,8265,1.80
April 30 2024,Wake,NC,Passenger,3,0,3,60,63,4.76
June 30 2020,District of Columbia,DC,Passenger,1,1,2,202,204,0.98
November 30 2022,Hillsborough,FL,Passenger,1,2,3,129,132,2.27
February 28 2019,Contra Costa,CA,Passenger,1,2,3,387,390,0.77
October 31 2023,Allegheny,PA,Passenger,1,0,1,53,54,1.85
September 30 2022,Cass,MN,Passenger,0,1,1,2,3,33.33
March 31 2024,Thurston,WA,Passenger,4074,1472,5546,186594,192140,2.89
October 31 2019,Skagit,WA,Truck,1,0,1,32553,32554,0.00
April 30 2022,Pend Oreille,WA,Truck,0,0,0,5652,5652,0.00
April 30 2022,St. Lawrence,NY,Passenger,1,0,1,3,4,25.00
May 31 2021,San Juan,WA,Passenger,423,131,554,14208,14762,3.75
February 28 2022,Coryell,TX,Passenger,1,0,1,103,104,0.96
September 30 2020,Travis,TX,Passenger,3,1,4,184,188,2.13
June 30 2018,Alameda,CA,Passenger,0,1,1,353,354,0.28
February 29 2024,Madison,IL,Passenger,2,0,2,14,16,12.50
July 31 2021,Lake,IN,Passenger,0,1,1,11,12,8.33
December 31 2019,Valencia,NM,Passenger,1,0,1,7,8,12.50
August 31 2018,Kitsap,WA,Truck,1,0,1,53439,53440,0.00
August 31 2018,Kittitas,WA,Truck,0,0,0,14117,14117,0.00
September 30 2022,San Diego,CA,Passenger,21,7,28,2367,2395,1.17
August 31 2018,Dallas,TX,Passenger,0,1,1,204,205,0.49
July 31 2020,Pinellas,FL,Passenger,1,1,2,115,117,1.71
April 30 2024,El Dorado,CA,Passenger,1,0,1,13,14,7.14
December 31 2023,Wichita,TX,Passenger,2,0,2,33,35,5.71
February 28 2021,Bradley,TN,Passenger,1,0,1,0,1,100.00
January 31 2018,Pierce,WA,Passenger,1095,996,2091,527292,529383,0.39
March 31 2024,Klickitat,WA,Passenger,197,81,278,14919,15197,1.83
January 31 2019,Asotin,WA,Passenger,12,9,21,12725,12746,0.16
August 31 2020,Lincoln,WA,Passenger,5,11,16,7625,7641,0.21
October 31 2019,Fairfax,VA,Passenger,5,2,7,770,777,0.90
December 31 2018,Fresno,CA,Passenger,1,0,1,198,199,0.50
December 31 2022,Jackson,OK,Passenger,0,1,1,33,34,2.94
August 31 2020,Hamilton,IN,Passenger,1,0,1,42,43,2.33
January 31 2024,Stevens,WA,Passenger,146,72,218,29410,29628,0.74
January 31 2018,Pend Oreille,WA,Passenger,4,4,8,9442,9450,0.08
May 31 2017,Virginia Beach,VA,Passenger,2,1,3,650,653,0.46
March 31 2024,Orange,CA,Truck,1,0,1,56,57,1.75
October 31 2017,Mercer,NJ,Passenger,0,1,1,18,19,5.26
November 30 2019,Okanogan,WA,Passenger,27,30,57,26223,26280,0.22
October 31 2018,Dallas,TX,Passenger,0,1,1,206,207,0.48
April 30 2021,Thurston,WA,Passenger,1494,833,2327,197830,200157,1.16
August 31 2019,San Diego,CA,Passenger,11,3,14,2759,2773,0.50
March 31 2023,Virginia Beach,VA,Passenger,4,1,5,467,472,1.06
October 31 2023,Ventura,CA,Passenger,2,2,4,199,203,1.97
May 31 2018,Santa Rosa,FL,Passenger,1,0,1,101,102,0.98
February 28 2021,DeKalb,IN,Passenger,1,0,1,0,1,100.00
March 31 2020,Powhatan,VA,Passenger,1,0,1,1,2,50.00
May 31 2023,Wahkiakum,WA,Passenger,25,17,42,3031,3073,1.37
July 31 2017,Kittitas,WA,Truck,0,0,0,13584,13584,0.00
September 30 2022,Salt Lake,UT,Passenger,1,1,2,139,141,1.42
April 30 2024,Currituck,NC,Passenger,1,0,1,16,17,5.88
September 30 2018,King,WA,Truck,7,1,8,182835,182843,0.00
April 30 2019,Arlington,VA,Passenger,1,2,3,162,165,1.82
April 30 2017,Collin,TX,Passenger,0,1,1,148,149,0.67
August 31 2020,Tarrant,TX,Passenger,1,0,1,178,179,0.56
March 31 2024,Mobile,AL,Passenger,1,0,1,21,22,4.55
June 30 2021,Spokane,WA,Truck,0,0,0,102293,102293,0.00
May 31 2019,Skamania,WA,Truck,0,0,0,4051,4051,0.00
November 30 2021,Douglas,WA,Passenger,107,53,160,28605,28765,0.56
March 31 2022,San Bernardino,CA,Passenger,2,1,3,372,375,0.80
April 30 2017,,,Passenger,2,0,2,472,474,0.42
January 31 2022,Orange,FL,Passenger,2,0,2,107,109,1.83
January 31 2020,Rogers,OK,Passenger,1,0,1,7,8,12.50
January 31 2019,Jefferson,CO,Passenger,0,2,2,59,61,3.28
August 31 2022,Pierce,WA,Passenger,5420,2394,7814,541972,549786,1.42
July 31 2020,Grant,WA,Truck,0,0,0,27168,27168,0.00
January 31 2018,Missoula,MT,Passenger,1,0,1,68,69,1.45
March 31 2017,Hardin,KY,Passenger,0,1,1,121,122,0.82
March 31 2024,Currituck,NC,Passenger,1,0,1,16,17,5.88
May 31 2021,Mason,WA,Passenger,207,134,341,48097,48438,0.70
February 29 2024,Kittitas,WA,Passenger,481,121,602,29184,29786,2.02
October 31 2019,Walla Walla,WA,Passenger,62,62,124,36319,36443,0.34
January 31 2021,Ferry,WA,Truck,0,0,0,3609,3609,0.00
September 30 2022,Ada,ID,Passenger,1,0,1,162,163,0.61
December 31 2018,Wahkiakum,WA,Passenger,1,1,2,2977,2979,0.07
May 31 2022,Virginia Beach,VA,Passenger,2,0,2,524,526,0.38
November 30 2020,Cascade,MT,Passenger,0,1,1,59,60,1.67
August 31 2021,Geary,KS,Passenger,1,0,1,97,98,1.02
August 31 2022,Orange,FL,Passenger,2,0,2,88,90,2.22
January 31 2019,Montgomery,AL,Passenger,0,1,1,46,47,2.13
April 30 2022,Montgomery,AL,Passenger,0,1,1,37,38,2.63
April 30 2024,Fulton,GA,Passenger,0,1,1,43,44,2.27
November 30 2021,Eagle,CO,Passenger,1,0,1,8,9,11.11
January 31 2021,San Francisco,CA,Passenger,1,1,2,100,102,1.96
January 31 2022,Baltimore,MD,Passenger,1,0,1,89,90,1.11
February 28 2017,Norfolk,MA,Passenger,1,0,1,38,39,2.56
June 30 2020,Prince George's,MD,Passenger,1,1,2,168,170,1.18
May 31 2021,Boulder,CO,Passenger,1,1,2,51,53,3.77
January 31 2021,Douglas,NE,Passenger,1,1,2,55,57,3.51
December 31 2023,Lake,IN,Passenger,0,1,1,5,6,16.67
October 31 2018,Cowlitz,WA,Passenger,69,86,155,72154,72309,0.21
October 31 2023,Clallam,WA,Passenger,635,308,943,48974,49917,1.89
November 30 2020,Anne Arundel,MD,Passenger,1,1,2,399,401,0.50
August 31 2021,Wahkiakum,WA,Truck,0,0,0,1800,1800,0.00
February 28 2017,Latah,ID,Passenger,0,1,1,134,135,0.74
November 30 2020,Montgomery,TX,Passenger,1,0,1,51,52,1.92
March 31 2023,Parker,TX,Passenger,0,1,1,17,18,5.56
June 30 2018,King,WA,Truck,7,1,8,183016,183024,0.00
November 30 2019,Douglas,WA,Truck,0,0,0,12297,12297,0.00
July 31 2022,Mason,WA,Truck,4,0,4,20948,20952,0.02
August 31 2019,Chelan,WA,Truck,0,0,0,22362,22362,0.00
September 30 2017,Franklin,WA,Truck,0,0,0,18244,18244,0.00
February 29 2020,Middlesex,MA,Passenger,1,0,1,103,104,0.96
July 31 2019,Santa Cruz,CA,Passenger,1,0,1,42,43,2.33
April 30 2020,Snohomish,WA,Passenger,4401,1750,6151,535035,541186,1.14
February 28 2022,Cumberland,NC,Passenger,1,4,5,401,406,1.23
August 31 2019,Shelby,TN,Passenger,0,1,1,95,96,1.04
March 31 2018,District of Columbia,DC,Passenger,0,3,3,192,195,1.54
June 30 2023,Marin,CA,Passenger,1,1,2,30,32,6.25
October 31 2023,San Mateo,CA,Passenger,2,0,2,55,57,3.51
December 31 2021,Maui,HI,Passenger,1,0,1,29,30,3.33
April 30 2021,Fairfax,VA,Passenger,5,4,9,723,732,1.23
October 31 2020,Columbia,WA,Passenger,4,3,7,2438,2445,0.29
February 28 2018,Norfolk,VA,Passenger,1,1,2,325,327,0.61
April 30 2019,El Paso,CO,Passenger,3,2,5,759,764,0.65
June 30 2023,Lincoln,OR,Passenger,0,1,1,15,16,6.25
January 31 2019,Nantucket,MA,Passenger,1,0,1,4,5,20.00
January 31 2022,Kitsap,WA,Truck,0,0,0,54079,54079,0.00
February 28 2017,Cowlitz,WA,Truck,0,0,0,27868,27868,0.00
May 31 2018,Columbia,WA,Passenger,2,1,3,2412,2415,0.12
July 31 2019,Los Angeles,CA,Passenger,6,5,11,1139,1150,0.96
January 31 2023,Pinal,AZ,Passenger,0,1,1,108,109,0.92
November 30 2020,Platte,MO,Passenger,1,0,1,19,20,5.00
September 30 2023,Pierce,WA,Passenger,8584,2983,11567,527901,539468,2.14
August 31 2023,Snohomish,WA,Passenger,13965,3228,17193,527661,544854,3.16
July 31 2020,San Diego,CA,Passenger,15,3,18,2749,2767,0.65
February 28 2017,Clark,WA,Truck,0,0,0,77512,77512,0.00
November 30 2022,Clark,NV,Passenger,10,2,12,490,502,2.39
June 30 2022,Hudson,NJ,Passenger,2,0,2,38,40,5.00
March 31 2022,Adams,WA,Truck,0,0,0,5487,5487,0.00
April 30 2021,Lewis,WA,Truck,0,0,0,26906,26906,0.00
February 28 2017,Hidalgo,TX,Passenger,0,1,1,97,98,1.02
April 30 2021,Prince George's,MD,Passenger,2,1,3,153,156,1.92
November 30 2023,Charlottesville,VA,Passenger,0,1,1,3,4,25.00
February 28 2023,Pend Oreille,WA,Passenger,26,13,39,8916,8955,0.44
February 29 2020,Prince William,VA,Passenger,2,4,6,235,241,2.49
January 31 2020,Okanogan,WA,Truck,0,0,0,16552,16552,0.00
December 31 2018,Alameda,CA,Passenger,0,2,2,332,334,0.60
March 31 2021,Dallas,TX,Passenger,1,0,1,175,176,0.57
June 30 2020,Penobscot,ME,Passenger,0,1,1,14,15,6.67
March 31 2022,Thurston,WA,Truck,3,0,3,55659,55662,0.01
January 31 2017,El Paso,CO,Passenger,1,1,2,886,888,0.23
September 30 2023,Contra Costa,CA,Passenger,1,2,3,162,165,1.82
November 30 2019,Nassau,NY,Passenger,4,0,4,44,48,8.33
July 31 2017,St. Lucie,FL,Passenger,1,0,1,32,33,3.03
April 30 2023,Chelan,WA,Passenger,603,154,757,54149,54906,1.38
June 30 2020,Pend Oreille,WA,Passenger,7,6,13,9239,9252,0.14
June 30 2017,Okaloosa,FL,Passenger,1,0,1,185,186,0.54
December 31 2021,Stafford,VA,Passenger,2,1,3,100,103,2.91
July 31 2017,Columbia,WA,Truck,0,0,0,1534,1534,0.00
November 30 2023,Plaquemines,LA,Passenger,1,1,2,16,18,11.11
March 31 2022,Camden,NJ,Passenger,0,1,1,13,14,7.14
October 31 2019,Franklin,MA,Passenger,0,1,1,1,2,50.00
December 31 2019,Island,WA,Passenger,375,254,629,63549,64178,0.98
February 28 2021,Clark,NV,Passenger,5,2,7,670,677,1.03
June 30 2020,Okanogan,WA,Truck,0,0,0,16440,16440,0.00
April 30 2024,Autauga,AL,Passenger,2,1,3,9,12,25.00
December 31 2022,Maricopa,AZ,Passenger,9,5,14,867,881,1.59
April 30 2017,Ventura,CA,Passenger,0,1,1,371,372,0.27
August 31 2019,Sacramento,CA,Passenger,0,1,1,307,308,0.32
June 30 2017,Cascade,MT,Passenger,0,1,1,62,63,1.59
December 31 2022,Ferry,WA,Truck,0,0,0,3552,3552,0.00
October 31 2023,Pierce,WA,Truck,196,0,196,135249,135445,0.14
November 30 2023,Island,WA,Truck,39,0,39,20848,20887,0.19
April 30 2023,Jefferson,WA,Truck,10,0,10,9320,9330,0.11
March 31 2023,Sacramento,CA,Truck,1,0,1,34,35,2.86
November 30 2018,Lewis,WA,Passenger,89,73,162,58209,58371,0.28
September 30 2018,Klamath,OR,Passenger,1,0,1,37,38,2.63
July 31 2019,Montgomery,AL,Passenger,0,1,1,43,44,2.27
January 31 2019,Pima,AZ,Passenger,1,1,2,424,426,0.47
February 28 2021,Suffolk,VA,Passenger,1,0,1,124,125,0.80
February 29 2020,Albemarle,VA,Passenger,1,0,1,27,28,3.57
February 29 2024,Williamsburg,VA,Passenger,0,1,1,3,4,25.00
November 30 2022,Stevens,WA,Passenger,88,56,144,29985,30129,0.48
March 31 2024,Laramie,WY,Passenger,1,0,1,24,25,4.00
January 31 2023,Kittitas,WA,Truck,5,0,5,14557,14562,0.03
February 28 2022,Geary,KS,Passenger,1,0,1,90,91,1.10
June 30 2021,Milwaukee,WI,Passenger,1,0,1,43,44,2.27
January 31 2021,Flathead,MT,Passenger,1,0,1,53,54,1.85
June 30 2018,Fulton,GA,Passenger,1,2,3,104,107,2.80
March 31 2021,St. Mary's,MD,Passenger,1,0,1,213,214,0.47
February 28 2023,Klickitat,WA,Passenger,126,57,183,15122,15305,1.20
January 31 2022,Norfolk,VA,Passenger,2,3,5,316,321,1.56
February 28 2023,Kent,DE,Passenger,1,0,1,48,49,2.04
March 31 2023,Deschutes,OR,Passenger,1,0,1,76,77,1.30
April 30 2024,Arapahoe,CO,Passenger,1,1,2,62,64,3.12
March 31 2019,Benton,WA,Truck,0,0,0,41532,41532,0.00
March 31 2020,Clallam,WA,Truck,1,0,1,21809,21810,0.00
October 31 2020,Ventura,CA,Passenger,1,1,2,283,285,0.70
June 30 2018,Fairfax,VA,Passenger,3,2,5,836,841,0.59
February 28 2023,Nueces,TX,Passenger,0,1,1,53,54,1.85
April 30 2022,Randolph,NC,Passenger,1,0,1,6,7,14.29
September 30 2018,Carroll,NH,Passenger,0,1,1,1,2,50.00
April 30 2017,Montgomery,PA,Passenger,1,0,1,41,42,2.38
February 28 2019,Calvert,MD,Passenger,0,1,1,87,88,1.14
December 31 2020,Walla Walla,WA,Truck,0,0,0,13869,13869,0.00
November 30 2023,Riverside,CA,Passenger,5,0,5,353,358,1.40
October 31 2022,Kings,CA,Passenger,2,1,3,299,302,0.99
January 31 2021,Island,WA,Passenger,527,294,821,62879,63700,1.29
January 31 2018,Stevens,WA,Truck,0,0,0,18386,18386,0.00
January 31 2020,King,WA,Truck,6,1,7,182612,182619,0.00
January 31 2019,Walla Walla,WA,Truck,0,0,0,13537,13537,0.00
May 31 2021,Lane,OR,Passenger,0,2,2,134,136,1.47
September 30 2021,New London,CT,Passenger,1,3,4,209,213,1.88
August 31 2021,Klamath,OR,Passenger,1,0,1,31,32,3.12
April 30 2023,Clark,WA,Truck,82,0,82,81414,81496,0.10
February 28 2018,Moore,NC,Passenger,0,1,1,197,198,0.51
March 31 2023,Ulster,NY,Passenger,1,0,1,8,9,11.11
January 31 2023,Leavenworth,KS,Passenger,0,1,1,93,94,1.06
August 31 2022,Wood,OH,Passenger,0,1,1,5,6,16.67
February 28 2023,Adams,WA,Passenger,21,11,32,13007,13039,0.25
June 30 2020,Douglas,NE,Passenger,0,1,1,55,56,1.79
June 30 2020,Calvert,MD,Passenger,0,2,2,91,93,2.15
May 31 2021,Okanogan,WA,Passenger,61,37,98,26397,26495,0.37
July 31 2022,Douglas,CO,Passenger,0,1,1,81,82,1.22
October 31 2018,Shelby,TN,Passenger,0,1,1,107,108,0.93
July 31 2018,Marin,CA,Passenger,1,0,1,55,56,1.79
January 31 2020,Richland,SC,Passenger,0,1,1,157,158,0.63
March 31 2020,Eagle,CO,Passenger,1,0,1,8,9,11.11
February 28 2023,Walla Walla,WA,Passenger,206,107,313,35662,35975,0.87
April 30 2020,Arlington,VA,Passenger,0,2,2,153,155,1.29
July 31 2023,Tarrant,TX,Passenger,1,0,1,83,84,1.19
October 31 2018,Walla Walla,WA,Passenger,36,50,86,35994,36080,0.24
May 31 2023,San Juan,WA,Passenger,609,176,785,13811,14596,5.38
July 31 2020,Lincoln,WA,Truck,0,0,0,4658,4658,0.00
June 30 2020,Montgomery,OH,Passenger,0,1,1,48,49,2.04
July 31 2021,Deschutes,OR,Passenger,1,0,1,124,125,0.80
December 31 2022,St. Lawrence,NY,Passenger,1,0,1,2,3,33.33
December 31 2023,Snohomish,WA,Passenger,16020,3572,19592,524983,544575,3.60
November 30 2021,Walla Walla,WA,Truck,0,0,0,14077,14077,0.00
October 31 2018,Cumberland,NC,Passenger,0,1,1,535,536,0.19
August 31 2020,Fort Bend,TX,Passenger,1,0,1,44,45,2.22
March 31 2023,Douglas,NE,Passenger,2,1,3,30,33,9.09
December 31 2018,Yakima,WA,Passenger,82,99,181,164737,164918,0.11
April 30 2017,Pacific,WA,Passenger,9,8,17,15075,15092,0.11
November 30 2017,,,Passenger,3,0,3,450,453,0.66
June 30 2018,Pend Oreille,WA,Truck,0,0,0,5685,5685,0.00
December 31 2022,Lane,OR,Passenger,0,2,2,90,92,2.17
January 31 2019,Flathead,MT,Passenger,1,0,1,62,63,1.59
January 31 2023,Houston,GA,Passenger,1,0,1,29,30,3.33
November 30 2018,Lumpkin,GA,Passenger,1,0,1,7,8,12.50
June 30 2018,King,WA,Passenger,13165,5677,18842,1370751,1389593,1.36
October 31 2022,Yakima,WA,Passenger,395,214,609,166254,166863,0.36
July 31 2017,Walla Walla,WA,Truck,0,0,0,13178,13178,0.00
March 31 2018,Chelan,WA,Truck,0,0,0,21717,21717,0.00
June 30 2023,San Mateo,CA,Passenger,2,0,2,65,67,2.99
March 31 2024,Newport News,VA,Passenger,1,0,1,83,84,1.19
July 31 2017,Sedgwick,KS,Passenger,0,1,1,111,112,0.89
November 30 2021,Lake,IL,Passenger,3,0,3,164,167,1.80
March 31 2017,Prince George's,MD,Passenger,0,1,1,184,185,0.54
September 30 2017,Norfolk,MA,Passenger,1,0,1,39,40,2.50
January 31 2021,Collier,FL,Passenger,1,0,1,20,21,4.76
April 30 2020,Shelby,OH,Passenger,0,1,1,2,3,33.33
December 31 2019,Santa Rosa,FL,Passenger,1,0,1,92,93,1.08
July 31 2021,Okaloosa,FL,Passenger,0,1,1,123,124,0.81
August 31 2020,Ventura,CA,Passenger,1,1,2,288,290,0.69
December 31 2019,Loudoun,VA,Passenger,1,0,1,95,96,1.04
February 28 2023,Fairbanks North Star,AK,Passenger,0,1,1,65,66,1.52
June 30 2019,Vigo,IN,Passenger,1,0,1,6,7,14.29
September 30 2023,Kittitas,WA,Truck,11,0,11,14618,14629,0.08
September 30 2017,Klickitat,WA,Truck,0,0,0,7980,7980,0.00
March 31 2022,Pinellas,FL,Passenger,0,1,1,89,90,1.11
February 28 2022,Snohomish,WA,Passenger,7448,2310,9758,535550,545308,1.79
July 31 2021,Clark,WA,Passenger,2977,1457,4434,322206,326640,1.36
April 30 2022,Grant,WA,Passenger,159,98,257,66846,67103,0.38
March 31 2020,Duval,FL,Passenger,0,2,2,371,373,0.54
April 30 2017,Guilford,NC,Passenger,1,0,1,32,33,3.03
April 30 2024,Mobile,AL,Passenger,1,0,1,20,21,4.76
December 31 2023,Montgomery,OH,Passenger,0,1,1,35,36,2.78
September 30 2018,Jefferson,CO,Passenger,0,1,1,61,62,1.61
November 30 2021,Carroll,NH,Passenger,0,1,1,5,6,16.67
May 31 2020,Harrison,MS,Passenger,1,0,1,58,59,1.69
February 28 2022,Las Animas,CO,Passenger,1,0,1,1,2,50.00
August 31 2017,Yakima,WA,Truck,0,0,0,57636,57636,0.00
September 30 2020,Norfolk,VA,Passenger,2,2,4,347,351,1.14
August 31 2022,Sarasota,FL,Passenger,2,0,2,33,35,5.71
April 30 2024,Washtenaw,MI,Passenger,0,2,2,13,15,13.33
August 31 2020,Flathead,MT,Passenger,1,0,1,60,61,1.64
January 31 2024,Galveston,TX,Passenger,0,1,1,12,13,7.69
March 31 2024,San Bernardino,CA,Passenger,2,1,3,242,245,1.22
April 30 2023,Adams,WA,Truck,2,0,2,5337,5339,0.04
May 31 2022,Pend Oreille,WA,Truck,0,0,0,5626,5626,0.00
February 28 2022,Broward,FL,Passenger,2,0,2,95,97,2.06
July 31 2018,Orleans,LA,Passenger,0,1,1,48,49,2.04
January 31 2020,King,WA,Passenger,23191,7619,30810,1398572,1429382,2.16
January 31 2022,Skamania,WA,Passenger,60,43,103,8296,8399,1.23
November 30 2020,Stevens,WA,Passenger,37,39,76,30259,30335,0.25
April 30 2018,Snohomish,WA,Truck,1,0,1,121250,121251,0.00
May 31 2019,Wahkiakum,WA,Passenger,2,2,4,3015,3019,0.13
August 31 2020,Santa Clara,CA,Passenger,9,2,11,293,304,3.62
January 31 2019,Middlesex,MA,Passenger,1,0,1,121,122,0.82
July 31 2020,Orange,CA,Passenger,7,2,9,509,518,1.74
July 31 2021,Grant,WA,Passenger,120,90,210,66882,67092,0.31
October 31 2019,Pima,AZ,Passenger,2,1,3,403,406,0.74
July 31 2020,Alameda,CA,Passenger,2,0,2,279,281,0.71
June 30 2021,Ferry,WA,Truck,0,0,0,3643,3643,0.00
November 30 2020,Newport,RI,Passenger,0,1,1,85,86,1.16
January 31 2023,Camden,NJ,Passenger,0,1,1,13,14,7.14
March 31 2024,Shelby,AL,Passenger,1,0,1,4,5,20.00
April 30 2021,Hampshire,MA,Passenger,1,0,1,9,10,10.00
May 31 2022,Skagit,WA,Truck,2,0,2,32378,32380,0.01
February 29 2020,Chelan,WA,Truck,0,0,0,22568,22568,0.00
October 31 2018,Pend Oreille,WA,Truck,0,0,0,5755,5755,0.00
June 30 2018,Grays Harbor,WA,Passenger,52,58,110,46571,46681,0.24
July 31 2020,San Juan,WA,Passenger,311,94,405,13949,14354,2.82
June 30 2020,Orange,CA,Passenger,7,2,9,518,527,1.71
December 31 2020,Washington,OR,Passenger,1,0,1,430,431,0.23
May 31 2017,Tulare,CA,Passenger,1,0,1,194,195,0.51
January 31 2024,Burlington,NJ,Passenger,0,2,2,82,84,2.38
May 31 2020,Kent,MI,Passenger,0,1,1,26,27,3.70
May 31 2022,Walla Walla,WA,Truck,0,0,0,13967,13967,0.00
March 31 2023,Sacramento,CA,Passenger,3,1,4,189,193,2.07
January 31 2022,Harford,MD,Passenger,1,1,2,50,52,3.85
May 31 2023,,,Passenger,5,0,5,278,283,1.77
December 31 2019,San Joaquin,CA,Passenger,1,0,1,144,145,0.69
July 31 2022,Hennepin,MN,Passenger,1,0,1,56,57,1.75
September 30 2019,Vigo,IN,Passenger,1,0,1,6,7,14.29
June 30 2019,Rogers,OK,Passenger,1,0,1,6,7,14.29
April 30 2024,Mason,WA,Passenger,592,247,839,44746,45585,1.84
March 31 2022,Dallas,TX,Passenger,1,0,1,131,132,0.76
October 31 2022,Leavenworth,KS,Passenger,0,1,1,93,94,1.06
September 30 2020,Polk,FL,Passenger,1,0,1,71,72,1.39
March 31 2024,Rockdale,GA,Passenger,1,0,1,4,5,20.00
July 31 2021,Danville,VA,Passenger,1,0,1,0,1,100.00
July 31 2017,King,WA,Passenger,10251,4172,14423,1372970,1387393,1.04
June 30 2018,Pima,AZ,Passenger,1,1,2,433,435,0.46
August 31 2022,Maui,HI,Passenger,1,0,1,25,26,3.85
February 28 2017,Prince William,VA,Passenger,0,4,4,279,283,1.41
September 30 2022,Ventura,CA,Passenger,3,2,5,238,243,2.06
April 30 2024,Fresno,CA,Passenger,0,1,1,110,111,0.90
January 31 2019,Charles,MD,Passenger,0,1,1,79,80,1.25
May 31 2023,Pulaski,AR,Passenger,3,0,3,24,27,11.11
March 31 2022,Mason,WA,Passenger,284,169,453,47601,48054,0.94
November 30 2020,Okanogan,WA,Passenger,51,37,88,25972,26060,0.34
August 31 2020,San Juan,WA,Passenger,320,100,420,13918,14338,2.93
December 31 2021,Collin,TX,Passenger,2,0,2,118,120,1.67
October 31 2022,Palm Beach,FL,Passenger,0,1,1,57,58,1.72
November 30 2021,Kings,NY,Passenger,1,0,1,70,71,1.41
July 31 2021,Kings,CA,Passenger,1,0,1,324,325,0.31
April 30 2023,Marion,IA,Passenger,1,0,1,0,1,100.00
May 31 2017,Pend Oreille,WA,Passenger,2,4,6,9312,9318,0.06
January 31 2024,Norfolk,VA,Passenger,0,1,1,247,248,0.40
May 31 2023,St. Mary's,MD,Passenger,1,0,1,177,178,0.56
August 31 2023,Alameda,CA,Passenger,4,2,6,167,173,3.47
September 30 2019,Montgomery,PA,Passenger,2,0,2,38,40,5.00
August 31 2021,Harrison,MS,Passenger,2,0,2,57,59,3.39
September 30 2023,Rockingham,NH,Passenger,1,0,1,8,9,11.11
May 31 2019,Alameda,CA,Passenger,2,2,4,318,322,1.24
February 28 2019,Allegheny,PA,Passenger,1,0,1,90,91,1.10
January 31 2020,Nueces,TX,Passenger,1,0,1,84,85,1.18
December 31 2018,Franklin,WA,Passenger,45,66,111,59111,59222,0.19
October 31 2020,Deschutes,OR,Passenger,2,0,2,138,140,1.43
June 30 2021,Flathead,MT,Passenger,1,0,1,49,50,2.00
April 30 2019,Duval,FL,Passenger,1,2,3,390,393,0.76
March 31 2018,Norfolk,MA,Passenger,1,0,1,38,39,2.56
October 31 2018,Clallam,WA,Passenger,136,119,255,50303,50558,0.50
July 31 2019,Benton,WA,Truck,0,0,0,42072,42072,0.00
April 30 2021,Franklin,WA,Truck,0,0,0,20679,20679,0.00
April 30 2023,Cowlitz,WA,Truck,8,0,8,28251,28259,0.03
October 31 2018,Pacific,WA,Passenger,19,23,42,15754,15796,0.27
March 31 2023,Yellowstone,MT,Passenger,0,1,1,15,16,6.25
October 31 2023,Cook,IL,Passenger,3,1,4,143,147,2.72
May 31 2022,Pinellas,FL,Passenger,0,1,1,83,84,1.19
November 30 2022,Napa,CA,Passenger,0,1,1,12,13,7.69
April 30 2021,Pierce,WA,Truck,0,0,0,145868,145868,0.00
August 31 2023,Jefferson,WA,Truck,12,0,12,9330,9342,0.13
August 31 2021,Lincoln,WA,Truck,0,0,0,4771,4771,0.00
May 31 2022,Whitman,WA,Passenger,84,58,142,21990,22132,0.64
June 30 2021,Skagit,WA,Passenger,589,274,863,91912,92775,0.93
March 31 2019,Norfolk,VA,Passenger,2,2,4,351,355,1.13
November 30 2021,Los Angeles,CA,Passenger,8,7,15,899,914,1.64
July 31 2017,Norfolk,MA,Passenger,1,0,1,38,39,2.56
September 30 2017,Pierce,WA,Passenger,1012,898,1910,525044,526954,0.36
April 30 2017,Yakima,WA,Truck,0,0,0,57211,57211,0.00
December 31 2017,Montgomery,TN,Passenger,1,0,1,274,275,0.36
November 30 2022,Honolulu,HI,Passenger,4,3,7,347,354,1.98
November 30 2018,Polk,FL,Passenger,1,0,1,66,67,1.49
May 31 2018,Lane,OR,Passenger,0,1,1,190,191,0.52
December 31 2020,Hudson,NJ,Passenger,1,0,1,41,42,2.38
August 31 2022,Lewis,WA,Passenger,241,179,420,59644,60064,0.70
June 30 2022,Franklin,WA,Truck,0,0,0,20882,20882,0.00
August 31 2020,Fresno,CA,Passenger,1,0,1,191,192,0.52
March 31 2022,Deschutes,OR,Passenger,2,0,2,106,108,1.85
August 31 2023,St. Louis,MO,Passenger,1,0,1,51,52,1.92
August 31 2018,Cowlitz,WA,Passenger,62,81,143,71988,72131,0.20
February 28 2022,Calvert,MD,Passenger,0,2,2,83,85,2.35
January 31 2019,Kittitas,WA,Passenger,69,36,105,29467,29572,0.36
May 31 2020,Polk,FL,Passenger,1,0,1,74,75,1.33
July 31 2021,San Bernardino,CA,Passenger,1,0,1,391,392,0.26
August 31 2023,Dallas,TX,Passenger,2,0,2,76,78,2.56
July 31 2020,El Paso,TX,Passenger,3,0,3,421,424,0.71
October 31 2019,Solano,CA,Passenger,1,0,1,209,210,0.48
April 30 2020,Collin,TX,Passenger,2,1,3,139,142,2.11
December 31 2023,New York,NY,Passenger,1,0,1,31,32,3.12
August 31 2017,Clark,WA,Passenger,794,528,1322,300740,302062,0.44
September 30 2018,Jefferson,WA,Passenger,153,99,252,24690,24942,1.01
October 31 2022,Chesapeake,VA,Passenger,3,2,5,334,339,1.47
March 31 2023,Dallas,TX,Passenger,1,0,1,92,93,1.08
January 31 2023,Lewis,WA,Passenger,280,190,470,59695,60165,0.78
October 31 2018,Los Angeles,CA,Passenger,4,5,9,1158,1167,0.77
November 30 2017,Benton,WA,Truck,0,0,0,40500,40500,0.00
June 30 2018,New Haven,CT,Passenger,0,1,1,49,50,2.00
July 31 2019,Mercer,NJ,Passenger,0,1,1,18,19,5.26
November 30 2019,Virginia Beach,VA,Passenger,1,0,1,701,702,0.14
February 29 2020,Sarasota,FL,Passenger,2,0,2,37,39,5.13
April 30 2018,Okanogan,WA,Truck,0,0,0,16350,16350,0.00
October 31 2020,Travis,TX,Passenger,3,1,4,183,187,2.14
August 31 2018,Nassau,NY,Passenger,2,0,2,39,41,4.88
August 31 2018,Shelby,TN,Passenger,0,1,1,105,106,0.94
March 31 2024,Howard,MD,Passenger,0,2,2,49,51,3.92
January 31 2022,Lake,IL,Passenger,3,0,3,161,164,1.83
March 31 2019,King,WA,Truck,6,1,7,181724,181731,0.00
December 31 2019,Clark,WA,Truck,0,0,0,81298,81298,0.00
May 31 2023,Fairfax,VA,Truck,1,0,1,89,90,1.11
November 30 2017,Palm Beach,FL,Passenger,0,2,2,92,94,2.13
October 31 2019,Ramsey,MN,Passenger,1,0,1,42,43,2.33
February 28 2019,Kalamazoo,MI,Passenger,1,0,1,16,17,5.88
November 30 2021,Grant,WA,Passenger,131,97,228,66906,67134,0.34
January 31 2020,Mason,WA,Passenger,150,133,283,47613,47896,0.59
April 30 2022,Honolulu,HI,Passenger,5,4,9,387,396,2.27
July 31 2022,Bell,TX,Passenger,1,0,1,324,325,0.31
December 31 2021,Nueces,TX,Passenger,1,1,2,67,69,2.90
September 30 2022,Burlington,NJ,Passenger,0,2,2,101,103,1.94
July 31 2022,King,WA,Truck,123,2,125,180224,180349,0.07
March 31 2021,Ventura,CA,Passenger,1,2,3,278,281,1.07
April 30 2018,Saratoga,NY,Passenger,1,1,2,64,66,3.03
January 31 2018,Orange,FL,Passenger,2,1,3,166,169,1.78
January 31 2019,Clay,FL,Passenger,0,1,1,89,90,1.11
October 31 2019,Oklahoma,OK,Passenger,0,1,1,137,138,0.72
March 31 2021,Milwaukee,WI,Passenger,1,0,1,43,44,2.27
March 31 2017,Montgomery,PA,Passenger,1,0,1,42,43,2.33
May 31 2019,Benton,WA,Passenger,252,272,524,133599,134123,0.39
August 31 2022,Kitsap,WA,Passenger,2519,1091,3610,177532,181142,1.99
September 30 2018,Kittitas,WA,Truck,0,0,0,14108,14108,0.00
November 30 2020,Pinellas,FL,Passenger,1,1,2,104,106,1.89
April 30 2019,Montgomery,MD,Passenger,1,0,1,274,275,0.36
October 31 2021,Wichita,TX,Passenger,1,0,1,45,46,2.17
May 31 2020,RÃ­o Grande,PR,Passenger,1,0,1,1,2,50.00
August 31 2019,Jones,GA,Passenger,1,0,1,1,2,50.00
May 31 2017,Spokane,WA,Passenger,245,211,456,296340,296796,0.15
April 30 2021,Sumter,SC,Passenger,0,1,1,35,36,2.78
September 30 2021,Anne Arundel,MD,Passenger,3,1,4,370,374,1.07
April 30 2019,Mercer,NJ,Passenger,0,1,1,20,21,4.76
October 31 2021,Oldham,KY,Passenger,0,1,1,4,5,20.00
April 30 2021,Santa Cruz,CA,Passenger,1,0,1,31,32,3.12
April 30 2020,Douglas,WA,Passenger,69,40,109,28013,28122,0.39
February 29 2024,Monterey,CA,Passenger,0,4,4,116,120,3.33
March 31 2018,Brevard,FL,Passenger,0,1,1,102,103,0.97
April 30 2024,DuPage,IL,Passenger,2,1,3,24,27,11.11
January 31 2018,Montgomery,TN,Passenger,1,0,1,276,277,0.36
September 30 2020,Whitman,WA,Truck,0,0,0,8497,8497,0.00
October 31 2017,Canyon,ID,Passenger,0,1,1,95,96,1.04
October 31 2018,Collier,FL,Passenger,1,0,1,21,22,4.55
February 28 2022,Louisa,VA,Passenger,0,1,1,1,2,50.00
April 30 2018,Okaloosa,FL,Passenger,1,0,1,176,177,0.56
October 31 2022,El Paso,CO,Passenger,2,2,4,591,595,0.67
October 31 2020,Monterey,CA,Passenger,0,2,2,164,166,1.20
March 31 2024,Washoe,NV,Passenger,2,0,2,45,47,4.26
November 30 2023,Rockingham,NH,Passenger,1,0,1,8,9,11.11
June 30 2022,Yakima,WA,Passenger,336,190,526,166922,167448,0.31
June 30 2019,Cowlitz,WA,Passenger,98,108,206,73006,73212,0.28
July 31 2018,Kittitas,WA,Passenger,49,32,81,28989,29070,0.28
December 31 2023,San Diego,CA,Passenger,17,8,25,1914,1939,1.29
January 31 2020,Harris,TX,Passenger,1,0,1,271,272,0.37
September 30 2018,Garfield,WA,Truck,0,0,0,964,964,0.00
November 30 2018,Arlington,VA,Passenger,1,1,2,168,170,1.18
February 28 2022,Lane,OR,Passenger,0,2,2,113,115,1.74
November 30 2019,Montgomery,PA,Passenger,2,0,2,38,40,5.00
May 31 2023,Denton,TX,Passenger,2,0,2,50,52,3.85
February 28 2022,Snohomish,WA,Truck,3,0,3,125088,125091,0.00
December 31 2023,Yakima,WA,Truck,15,0,15,60742,60757,0.02
July 31 2021,Kootenai,ID,Passenger,0,1,1,197,198,0.51
April 30 2021,Gwinnett,GA,Passenger,1,0,1,69,70,1.43
January 31 2023,Broward,FL,Passenger,1,0,1,69,70,1.43
November 30 2017,Lewis,WA,Truck,0,0,0,25240,25240,0.00
March 31 2024,Pacific,WA,Truck,9,0,9,7675,7684,0.12
February 28 2018,Sacramento,CA,Passenger,1,1,2,314,316,0.63
February 28 2023,Wahkiakum,WA,Truck,1,0,1,1792,1793,0.06
July 31 2019,Charles,MD,Passenger,0,1,1,92,93,1.08
July 31 2022,Grays Harbor,WA,Passenger,214,162,376,48888,49264,0.76
April 30 2024,Clark,WA,Truck,181,0,181,78145,78326,0.23
November 30 2017,Brevard,FL,Passenger,0,1,1,106,107,0.93
March 31 2022,El Paso,CO,Passenger,3,1,4,656,660,0.61
February 28 2019,Jefferson,NY,Passenger,0,1,1,227,228,0.44
August 31 2021,New London,CT,Passenger,1,2,3,213,216,1.39
November 30 2021,Philadelphia,PA,Passenger,1,0,1,45,46,2.17
April 30 2020,Houston,GA,Passenger,1,0,1,59,60,1.67
November 30 2017,Yakima,WA,Truck,0,0,0,57908,57908,0.00
December 31 2018,Middlesex,MA,Passenger,1,0,1,128,129,0.78
October 31 2022,Stafford,VA,Passenger,2,1,3,87,90,3.33
May 31 2021,Clark,WA,Truck,0,0,0,84153,84153,0.00
June 30 2020,Brevard,FL,Passenger,0,1,1,87,88,1.14
June 30 2017,Okanogan,WA,Truck,0,0,0,16201,16201,0.00
March 31 2018,Alameda,CA,Passenger,0,1,1,359,360,0.28
February 28 2021,Harris,TX,Passenger,1,1,2,241,243,0.82
July 31 2022,Randolph,NC,Passenger,1,0,1,6,7,14.29
December 31 2021,Essex,NJ,Passenger,2,0,2,14,16,12.50
September 30 2019,King,WA,Passenger,20420,7282,27702,1394351,1422053,1.95
January 31 2017,Dane,WI,Passenger,1,0,1,194,195,0.51
June 30 2018,Jefferson,WA,Truck,0,0,0,9540,9540,0.00
June 30 2018,Moore,NC,Passenger,0,1,1,193,194,0.52
April 30 2021,Utah,UT,Passenger,0,1,1,129,130,0.77
December 31 2019,Houston,GA,Passenger,1,0,1,61,62,1.61
March 31 2023,Madison,IL,Passenger,2,0,2,17,19,10.53
May 31 2017,Franklin,MA,Passenger,0,1,1,4,5,20.00
April 30 2023,Thurston,WA,Truck,55,0,55,54058,54113,0.10
February 28 2018,Santa Clara,CA,Passenger,7,1,8,389,397,2.02
May 31 2022,Travis,TX,Passenger,3,1,4,123,127,3.15
May 31 2019,Charles,MD,Passenger,0,1,1,89,90,1.11
June 30 2020,Bexar,TX,Passenger,2,5,7,622,629,1.11
September 30 2019,Clay,FL,Passenger,0,1,1,88,89,1.12
February 29 2024,Clark,WA,Passenger,7526,2745,10271,310518,320789,3.20
September 30 2017,Jefferson,WA,Passenger,114,65,179,24009,24188,0.74
June 30 2017,Cowlitz,WA,Passenger,50,60,110,69649,69759,0.16
September 30 2023,Whatcom,WA,Truck,67,0,67,42598,42665,0.16
August 31 2017,Benton,WA,Truck,0,0,0,40166,40166,0.00
January 31 2017,Montgomery,MD,Passenger,1,0,1,313,314,0.32
April 30 2022,Spokane,WA,Passenger,1506,809,2315,325281,327596,0.71
February 29 2024,Harnett,NC,Passenger,4,0,4,127,131,3.05
September 30 2021,Greene,MO,Passenger,0,1,1,33,34,2.94
September 30 2021,Queens,NY,Passenger,2,0,2,49,51,3.92
October 31 2017,Franklin,MA,Passenger,0,1,1,4,5,20.00
February 28 2017,Grays Harbor,WA,Truck,0,0,0,19817,19817,0.00
October 31 2023,Cumberland,NC,Passenger,1,3,4,300,304,1.32
January 31 2021,Solano,CA,Passenger,1,0,1,201,202,0.50
April 30 2023,Sarpy,NE,Passenger,1,0,1,61,62,1.61
April 30 2018,Orange,FL,Passenger,2,1,3,170,173,1.73
July 31 2020,Randolph,NC,Passenger,1,0,1,8,9,11.11
October 31 2020,Kootenai,ID,Passenger,0,1,1,215,216,0.46
April 30 2021,Clackamas,OR,Passenger,2,0,2,182,184,1.09
October 31 2017,Kent,MI,Passenger,0,1,1,34,35,2.86
March 31 2024,Harford,MD,Passenger,2,1,3,40,43,6.98
July 31 2022,Fort Bend,TX,Passenger,1,0,1,23,24,4.17
December 31 2019,El Paso,TX,Passenger,3,0,3,456,459,0.65
July 31 2019,Contra Costa,CA,Passenger,2,2,4,371,375,1.07
November 30 2023,Hamilton,OH,Passenger,1,0,1,24,25,4.00
August 31 2022,Skamania,WA,Passenger,82,50,132,8130,8262,1.60
February 28 2019,Cook,IL,Passenger,1,0,1,247,248,0.40
October 31 2019,Duval,FL,Passenger,1,2,3,377,380,0.79
March 31 2024,Tarrant,TX,Passenger,1,0,1,72,73,1.37
May 31 2022,Palm Beach,FL,Passenger,0,1,1,59,60,1.67
November 30 2017,DeKalb,IN,Passenger,1,0,1,1,2,50.00
November 30 2017,Kitsap,WA,Passenger,677,367,1044,175366,176410,0.59
November 30 2017,Anne Arundel,MD,Passenger,0,1,1,489,490,0.20
May 31 2017,Ferry,WA,Truck,0,0,0,3546,3546,0.00
January 31 2022,El Paso,TX,Passenger,2,0,2,374,376,0.53
September 30 2019,Lake,FL,Passenger,1,0,1,23,24,4.17
June 30 2020,Wahkiakum,WA,Passenger,6,6,12,2991,3003,0.40
January 31 2023,Skagit,WA,Truck,11,0,11,32071,32082,0.03
October 31 2018,Duval,FL,Passenger,1,2,3,385,388,0.77
April 30 2023,Portsmouth,VA,Passenger,0,1,1,68,69,1.45
February 29 2024,Sacramento,CA,Passenger,1,1,2,134,136,1.47
May 31 2022,York,VA,Passenger,1,0,1,88,89,1.12
May 31 2022,Grant,WA,Passenger,166,97,263,66674,66937,0.39
February 28 2019,Ferry,WA,Passenger,3,2,5,4379,4384,0.11
March 31 2023,Brown,WI,Passenger,1,0,1,7,8,12.50
September 30 2019,Boone,MO,Passenger,0,1,1,11,12,8.33
January 31 2017,Clark,WA,Passenger,673,426,1099,297791,298890,0.37
March 31 2019,Fairfax,VA,Passenger,4,2,6,804,810,0.74
July 31 2017,Jefferson,WA,Truck,0,0,0,9411,9411,0.00
May 31 2017,Anne Arundel,MD,Passenger,0,1,1,503,504,0.20
February 28 2017,Middlesex,MA,Passenger,1,0,1,157,158,0.63
October 31 2019,Cumberland,NC,Passenger,0,2,2,499,501,0.40
January 31 2024,Portsmouth,VA,Passenger,0,1,1,60,61,1.64
September 30 2021,Louisa,VA,Passenger,0,1,1,1,2,50.00
May 31 2018,Northampton,PA,Passenger,0,1,1,64,65,1.54
May 31 2022,Okaloosa,FL,Passenger,0,1,1,106,107,0.93
February 28 2021,Montgomery,PA,Passenger,1,0,1,27,28,3.57
June 30 2021,Columbia,WA,Truck,0,0,0,1545,1545,0.00
May 31 2021,Manassas,VA,Passenger,0,1,1,7,8,12.50
January 31 2021,Twin Falls,ID,Passenger,0,1,1,27,28,3.57
November 30 2019,Skagit,WA,Passenger,347,210,557,92560,93117,0.60
January 31 2024,Escambia,FL,Passenger,0,1,1,115,116,0.86
March 31 2024,Bexar,TX,Passenger,1,3,4,321,325,1.23
June 30 2021,Nueces,TX,Passenger,1,0,1,76,77,1.30
June 30 2023,Fairbanks North Star,AK,Passenger,0,1,1,53,54,1.85
May 31 2018,Yakima,WA,Passenger,62,84,146,163624,163770,0.09
August 31 2021,Rockingham,NH,Passenger,1,0,1,20,21,4.76
February 28 2018,Twin Falls,ID,Passenger,0,1,1,24,25,4.00
December 31 2023,Fairfax,VA,Passenger,7,5,12,533,545,2.20
June 30 2022,Fairbanks North Star,AK,Passenger,0,1,1,79,80,1.25
February 28 2022,Grays Harbor,WA,Truck,0,0,0,21331,21331,0.00
July 31 2018,Cochise,AZ,Passenger,0,1,1,117,118,0.85
July 31 2022,Richmond,NY,Passenger,1,0,1,4,5,20.00
August 31 2021,Cowlitz,WA,Passenger,237,152,389,72089,72478,0.54
December 31 2022,Walla Walla,WA,Passenger,201,105,306,35669,35975,0.85
January 31 2020,Pend Oreille,WA,Passenger,8,7,15,9467,9482,0.16
February 28 2022,Leavenworth,KS,Passenger,0,1,1,100,101,0.99
November 30 2021,Suffolk,VA,Passenger,1,0,1,124,125,0.80
July 31 2021,Carroll,MD,Passenger,0,1,1,17,18,5.56
April 30 2021,Spokane,WA,Passenger,1000,611,1611,324654,326265,0.49
November 30 2018,Cochise,AZ,Passenger,0,1,1,117,118,0.85
December 31 2023,Larimer,CO,Passenger,1,0,1,21,22,4.55
April 30 2023,Burlington,NJ,Passenger,2,2,4,95,99,4.04
May 31 2021,Collin,TX,Passenger,2,1,3,128,131,2.29
April 30 2018,Hamilton,IN,Passenger,1,0,1,47,48,2.08
April 30 2020,Owyhee,ID,Passenger,1,0,1,3,4,25.00
July 31 2020,Bucks,PA,Passenger,1,0,1,22,23,4.35
March 31 2022,Clark,WA,Passenger,3741,1654,5395,318052,323447,1.67
February 28 2022,Harnett,NC,Passenger,1,0,1,160,161,0.62
July 31 2022,Multnomah,OR,Passenger,0,3,3,552,555,0.54
January 31 2021,Loudoun,VA,Passenger,1,0,1,73,74,1.35
September 30 2023,Pulaski,AR,Passenger,2,0,2,18,20,10.00
December 31 2020,Plaquemines,LA,Passenger,0,1,1,14,15,6.67
November 30 2019,Oklahoma,OK,Passenger,0,1,1,133,134,0.75
October 31 2018,Pima,AZ,Passenger,1,1,2,428,430,0.47
January 31 2019,Contra Costa,CA,Passenger,1,2,3,398,401,0.75
April 30 2017,Kittitas,WA,Truck,0,0,0,13481,13481,0.00
January 31 2024,Douglas,CO,Passenger,0,2,2,45,47,4.26
April 30 2021,San Juan,WA,Truck,0,0,0,5907,5907,0.00
March 31 2019,Clackamas,OR,Passenger,1,1,2,207,209,0.96
December 31 2022,Montgomery,PA,Passenger,1,0,1,23,24,4.17
March 31 2022,Nueces,TX,Passenger,1,1,2,62,64,3.12
November 30 2021,DeKalb,GA,Passenger,1,0,1,62,63,1.59
July 31 2023,Howard,MD,Passenger,0,2,2,57,59,3.39
September 30 2017,Montgomery,PA,Passenger,1,0,1,37,38,2.63
January 31 2024,Shelby,AL,Passenger,1,0,1,5,6,16.67
September 30 2020,Bradley,TN,Passenger,1,0,1,1,2,50.00
May 31 2021,Okanogan,WA,Truck,0,0,0,16742,16742,0.00
December 31 2023,Pend Oreille,WA,Passenger,34,22,56,8736,8792,0.64
January 31 2017,Manassas,VA,Passenger,0,1,1,8,9,11.11
April 30 2023,Lewis,WA,Passenger,302,199,501,58893,59394,0.84
October 31 2022,Skamania,WA,Passenger,85,51,136,8082,8218,1.65
December 31 2023,Whitman,WA,Passenger,198,98,296,21874,22170,1.34
November 30 2018,Palm Beach,FL,Passenger,0,2,2,93,95,2.11
May 31 2023,Harnett,NC,Passenger,4,0,4,140,144,2.78
June 30 2020,Suffolk,VA,Passenger,1,0,1,127,128,0.78
April 30 2021,Ray,MO,Passenger,0,1,1,1,2,50.00
September 30 2020,Howard,IN,Passenger,0,1,1,3,4,25.00
October 31 2022,San Juan,WA,Passenger,548,165,713,13962,14675,4.86
February 28 2017,Fairfax,VA,Passenger,3,2,5,876,881,0.57
April 30 2017,Middlesex,MA,Passenger,1,0,1,147,148,0.68
June 30 2022,Geary,KS,Passenger,1,0,1,84,85,1.18
August 31 2023,Leavenworth,KS,Passenger,0,1,1,83,84,1.19
November 30 2022,Howard,MD,Passenger,0,2,2,59,61,3.28
August 31 2017,Prince William,VA,Passenger,0,4,4,266,270,1.48
July 31 2021,San Francisco,CA,Passenger,0,1,1,97,98,1.02
October 31 2021,Missoula,MT,Passenger,1,0,1,56,57,1.75
February 28 2022,Wilson,NC,Passenger,1,0,1,0,1,100.00
August 31 2021,Las Animas,CO,Passenger,1,0,1,0,1,100.00
April 30 2022,Klickitat,WA,Truck,0,0,0,8273,8273,0.00
October 31 2022,Sarpy,NE,Passenger,1,0,1,63,64,1.56
August 31 2022,Plaquemines,LA,Passenger,1,1,2,19,21,9.52
October 31 2023,Harnett,NC,Passenger,4,0,4,131,135,2.96
December 31 2020,Prince George's,MD,Passenger,2,1,3,155,158,1.90
September 30 2020,,,Passenger,6,1,7,373,380,1.84
September 30 2021,Garfield,WA,Truck,0,0,0,997,997,0.00
August 31 2018,Latah,ID,Passenger,0,1,1,79,80,1.25
April 30 2024,Adams,WA,Truck,4,0,4,5213,5217,0.08
November 30 2023,Sacramento,CA,Truck,1,0,1,30,31,3.23
April 30 2019,Oldham,KY,Passenger,0,1,1,5,6,16.67
October 31 2022,Wood,OH,Passenger,0,1,1,5,6,16.67
October 31 2020,Lewis,WA,Truck,0,0,0,26498,26498,0.00
December 31 2020,Orange,CA,Passenger,4,3,7,475,482,1.45
October 31 2022,Onslow,NC,Passenger,0,1,1,165,166,0.60
August 31 2019,Sarasota,FL,Passenger,1,0,1,36,37,2.70
August 31 2021,DeKalb,GA,Passenger,1,0,1,62,63,1.59
July 31 2018,Charleston,SC,Passenger,1,0,1,129,130,0.77
December 31 2019,Cumberland,NC,Passenger,0,2,2,498,500,0.40
January 31 2018,Island,WA,Truck,0,0,0,20781,20781,0.00
August 31 2020,Kootenai,ID,Passenger,1,1,2,216,218,0.92
October 31 2019,Fairbanks North Star,AK,Passenger,0,1,1,101,102,0.98
August 31 2017,Clallam,WA,Passenger,96,79,175,48550,48725,0.36
June 30 2019,Pierce,WA,Passenger,1808,1555,3363,542852,546215,0.62
June 30 2022,San Juan,WA,Truck,1,0,1,5982,5983,0.02
July 31 2020,Whatcom,WA,Truck,3,0,3,43152,43155,0.01
June 30 2023,Chesapeake,VA,Passenger,3,2,5,302,307,1.63
November 30 2023,Orange,FL,Passenger,1,0,1,49,50,2.00
April 30 2017,Walla Walla,WA,Truck,0,0,0,13178,13178,0.00
November 30 2021,Solano,CA,Passenger,1,0,1,181,182,0.55
October 31 2017,Montgomery,TN,Passenger,1,0,1,276,277,0.36
November 30 2022,Onslow,NC,Passenger,0,1,1,164,165,0.61
April 30 2022,Hamilton,IN,Passenger,1,0,1,26,27,3.70
February 28 2017,Jefferson,WA,Passenger,89,55,144,23603,23747,0.61
October 31 2023,Onslow,NC,Passenger,0,1,1,131,132,0.76
May 31 2022,Pennington,SD,Passenger,2,0,2,31,33,6.06
June 30 2022,Cass,MN,Passenger,0,1,1,2,3,33.33
July 31 2023,Deschutes,OR,Passenger,1,0,1,65,66,1.52
September 30 2018,Garfield,WA,Passenger,1,1,2,1320,1322,0.15
March 31 2018,Volusia,FL,Passenger,0,1,1,36,37,2.70
September 30 2020,Collier,FL,Passenger,1,0,1,21,22,4.55
May 31 2022,Wood,OH,Passenger,0,1,1,6,7,14.29
June 30 2023,Randolph,NC,Passenger,1,0,1,3,4,25.00
July 31 2019,Clark,WA,Passenger,1588,944,2532,314845,317377,0.80
March 31 2018,Whitman,WA,Passenger,18,23,41,22486,22527,0.18
April 30 2023,San Juan,WA,Truck,12,0,12,5933,5945,0.20
December 31 2023,Yolo,CA,Passenger,1,0,1,18,19,5.26
August 31 2018,Thurston,WA,Truck,0,0,0,54560,54560,0.00
May 31 2018,Portsmouth,VA,Passenger,0,1,1,72,73,1.37
September 30 2019,Whatcom,WA,Passenger,923,460,1383,151290,152673,0.91
October 31 2021,Sedgwick,KS,Passenger,1,1,2,83,85,2.35
March 31 2020,Alexandria,VA,Passenger,1,0,1,139,140,0.71
February 28 2023,Clark,NV,Passenger,10,2,12,463,475,2.53
October 31 2022,Lincoln,WA,Truck,0,0,0,4857,4857,0.00
November 30 2019,Ramsey,MN,Passenger,1,0,1,42,43,2.33
September 30 2022,Hawaii,HI,Passenger,1,0,1,36,37,2.70
May 31 2021,Snohomish,WA,Passenger,5725,2000,7725,540044,547769,1.41
March 31 2017,Honolulu,HI,Passenger,4,2,6,624,630,0.95
November 30 2019,Fulton,GA,Passenger,0,3,3,110,113,2.65
September 30 2021,Lake,IL,Passenger,2,0,2,167,169,1.18
May 31 2020,Norfolk,VA,Passenger,2,2,4,343,347,1.15
December 31 2020,Multnomah,OR,Passenger,3,6,9,713,722,1.25
April 30 2024,Prince William,VA,Passenger,2,2,4,128,132,3.03
June 30 2018,Palm Beach,FL,Passenger,0,2,2,84,86,2.33
December 31 2023,Parker,TX,Passenger,0,1,1,13,14,7.14
August 31 2021,Kitsap,WA,Passenger,1952,886,2838,180474,183312,1.55
December 31 2023,Alameda,CA,Passenger,4,2,6,141,147,4.08
March 31 2019,Caddo,LA,Passenger,0,1,1,25,26,3.85
August 31 2023,Grant,WA,Passenger,306,137,443,67331,67774,0.65
March 31 2018,Ada,ID,Passenger,0,2,2,347,349,0.57
November 30 2021,Chelan,WA,Truck,0,0,0,23082,23082,0.00
August 31 2022,Clallam,WA,Truck,4,0,4,21863,21867,0.02
March 31 2017,Asotin,WA,Passenger,5,2,7,12331,12338,0.06
June 30 2023,Bexar,TX,Passenger,2,3,5,385,390,1.28
February 28 2023,Moore,NC,Passenger,0,1,1,107,108,0.93
January 31 2019,Larimer,CO,Passenger,1,0,1,59,60,1.67
November 30 2023,Laramie,WY,Passenger,1,0,1,26,27,3.70
September 30 2023,Columbia,WA,Passenger,12,0,12,2433,2445,0.49
May 31 2017,Skagit,WA,Passenger,134,102,236,87851,88087,0.27
March 31 2018,Pend Oreille,WA,Truck,0,0,0,5660,5660,0.00
August 31 2022,Adams,WA,Truck,1,0,1,5432,5433,0.02
October 31 2021,Lincoln,WA,Passenger,7,16,23,7704,7727,0.30
July 31 2022,Wake,NC,Passenger,1,0,1,96,97,1.03
September 30 2022,Washoe,NV,Passenger,1,0,1,71,72,1.39
February 28 2022,Wahkiakum,WA,Truck,0,0,0,1814,1814,0.00
January 31 2021,Skagit,WA,Truck,1,0,1,32850,32851,0.00
April 30 2023,Lewis,WA,Truck,6,0,6,26075,26081,0.02
December 31 2023,Kitsap,WA,Truck,106,0,106,51730,51836,0.20
July 31 2018,Wahkiakum,WA,Passenger,1,1,2,2937,2939,0.07
January 31 2018,Lincoln,WA,Passenger,2,5,7,7587,7594,0.09
November 30 2018,San Francisco,CA,Passenger,2,1,3,121,124,2.42
September 30 2018,Honolulu,HI,Passenger,1,2,3,533,536,0.56
August 31 2021,Chesapeake,VA,Passenger,0,3,3,411,414,0.72
January 31 2018,Kitsap,WA,Passenger,707,402,1109,176376,177485,0.62
July 31 2019,Hillsborough,FL,Passenger,0,1,1,207,208,0.48
June 30 2022,Multnomah,OR,Passenger,0,3,3,568,571,0.53
November 30 2020,Spokane,WA,Truck,0,0,0,100344,100344,0.00
October 31 2017,Pacific,WA,Truck,0,0,0,7519,7519,0.00
October 31 2018,Ferry,WA,Truck,0,0,0,3565,3565,0.00
March 31 2017,Maricopa,AZ,Passenger,2,1,3,1867,1870,0.16
August 31 2022,Fairfax,VA,Passenger,7,3,10,638,648,1.54
October 31 2020,New York,NY,Passenger,2,0,2,62,64,3.12
April 30 2021,Kitsap,WA,Passenger,1732,812,2544,180399,182943,1.39
June 30 2023,Whatcom,WA,Passenger,2493,880,3373,147918,151291,2.23
August 31 2020,Jefferson,WA,Passenger,249,144,393,24646,25039,1.57
November 30 2021,San Luis Obispo,CA,Passenger,1,0,1,63,64,1.56
May 31 2021,Alameda,CA,Passenger,4,0,4,252,256,1.56
August 31 2017,Sangamon,IL,Passenger,1,0,1,11,12,8.33
July 31 2018,King,WA,Passenger,13477,5801,19278,1372053,1391331,1.39
May 31 2017,Lincoln,WA,Truck,0,0,0,4459,4459,0.00
September 30 2019,Nueces,TX,Passenger,1,1,2,90,92,2.17
May 31 2020,New London,CT,Passenger,1,1,2,238,240,0.83
March 31 2018,Manassas,VA,Passenger,0,1,1,8,9,11.11
January 31 2019,Carroll,NH,Passenger,0,1,1,1,2,50.00
August 31 2022,Yakima,WA,Passenger,364,204,568,166401,166969,0.34
May 31 2021,Pima,AZ,Passenger,2,1,3,310,313,0.96
April 30 2023,Franklin,WA,Truck,4,0,4,20861,20865,0.02
December 31 2020,Alameda,CA,Passenger,4,0,4,276,280,1.43
December 31 2018,Shelby,TN,Passenger,0,1,1,102,103,0.97
January 31 2024,Hennepin,MN,Passenger,1,0,1,28,29,3.45
July 31 2018,Dakota,MN,Passenger,0,2,2,36,38,5.26
January 31 2019,Manassas,VA,Passenger,0,1,1,9,10,10.00
March 31 2018,Spokane,WA,Passenger,304,273,577,301226,301803,0.19
November 30 2021,Garfield,WA,Passenger,0,3,3,1345,1348,0.22
March 31 2024,Charles,MD,Passenger,1,1,2,47,49,4.08
October 31 2020,Denver,CO,Passenger,1,0,1,121,122,0.82
October 31 2019,King,WA,Passenger,21366,7391,28757,1395565,1424322,2.02
June 30 2018,Pend Oreille,WA,Passenger,5,5,10,9549,9559,0.10
April 30 2021,Miami-Dade,FL,Passenger,1,0,1,103,104,0.96
May 31 2023,Escambia,FL,Passenger,0,1,1,139,140,0.71
July 31 2023,Carroll,MD,Passenger,0,1,1,16,17,5.88
September 30 2021,Washtenaw,MI,Passenger,0,1,1,29,30,3.33
December 31 2021,Kitsap,WA,Passenger,2127,956,3083,179844,182927,1.69
January 31 2018,Island,WA,Passenger,159,168,327,61804,62131,0.53
June 30 2017,Lincoln,WA,Passenger,2,5,7,7528,7535,0.09
July 31 2020,Lincoln,WA,Passenger,5,11,16,7648,7664,0.21
August 31 2017,Klickitat,WA,Passenger,22,24,46,14784,14830,0.31
June 30 2020,Skamania,WA,Passenger,31,18,49,8473,8522,0.57
July 31 2018,Sacramento,CA,Passenger,0,1,1,317,318,0.31
May 31 2023,Riverside,CA,Passenger,7,1,8,407,415,1.93
November 30 2020,Wahkiakum,WA,Truck,0,0,0,1765,1765,0.00
August 31 2022,Kitsap,WA,Truck,19,0,19,53183,53202,0.04
March 31 2024,Kittitas,WA,Passenger,485,126,611,28883,29494,2.07
December 31 2019,Skamania,WA,Passenger,26,19,45,8757,8802,0.51
July 31 2017,Norfolk,VA,Passenger,1,1,2,313,315,0.63
March 31 2024,Atlantic,NJ,Passenger,1,0,1,11,12,8.33
August 31 2018,Orange,FL,Passenger,2,1,3,169,172,1.74
March 31 2022,Garfield,WA,Passenger,0,3,3,1328,1331,0.23
April 30 2023,Monterey,CA,Passenger,0,4,4,134,138,2.90
April 30 2022,San Joaquin,CA,Passenger,1,1,2,100,102,1.96
November 30 2018,Dakota,MN,Passenger,0,2,2,34,36,5.56
October 31 2021,Richmond,NY,Passenger,1,0,1,4,5,20.00
August 31 2023,Ray,MO,Passenger,0,1,1,0,1,100.00
April 30 2021,Los Angeles,CA,Passenger,9,11,20,962,982,2.04
June 30 2018,Norfolk,VA,Passenger,2,2,4,332,336,1.19
February 28 2021,San Mateo,CA,Passenger,1,1,2,114,116,1.72
September 30 2019,Richland,SC,Passenger,0,1,1,156,157,0.64
February 28 2019,Randolph,NC,Passenger,1,0,1,6,7,14.29
May 31 2019,Clallam,WA,Passenger,167,137,304,50563,50867,0.60
December 31 2022,Multnomah,OR,Passenger,1,2,3,497,500,0.60
January 31 2019,Brevard,FL,Passenger,0,1,1,92,93,1.08
October 31 2021,Virginia Beach,VA,Passenger,2,0,2,586,588,0.34
April 30 2021,Washington,MD,Passenger,1,0,1,10,11,9.09
August 31 2021,Wake,NC,Passenger,1,0,1,135,136,0.74
October 31 2018,Houston,GA,Passenger,1,0,1,54,55,1.82
April 30 2023,Bartow,GA,Passenger,0,1,1,5,6,16.67
January 31 2023,Lake,IN,Passenger,0,1,1,10,11,9.09
December 31 2023,Okanogan,WA,Passenger,160,75,235,25971,26206,0.90
February 28 2018,Island,WA,Passenger,165,172,337,61843,62180,0.54
February 28 2021,Skamania,WA,Truck,0,0,0,4027,4027,0.00
April 30 2020,Stevens,WA,Truck,0,0,0,18605,18605,0.00
October 31 2020,Douglas,WA,Truck,0,0,0,12412,12412,0.00
September 30 2018,Los Angeles,CA,Passenger,5,5,10,1153,1163,0.86
August 31 2019,Goochland,VA,Passenger,1,1,2,265,267,0.75
August 31 2017,Benton,WA,Passenger,161,147,308,129025,129333,0.24
May 31 2018,Dallas,TX,Passenger,0,1,1,198,199,0.50
April 30 2019,Frederick,MD,Passenger,1,1,2,78,80,2.50
February 28 2018,Hawaii,HI,Passenger,1,0,1,85,86,1.16
July 31 2023,Columbia,OR,Passenger,1,0,1,10,11,9.09
December 31 2018,Eagle,CO,Passenger,1,0,1,5,6,16.67
February 28 2018,DeKalb,IN,Passenger,1,0,1,1,2,50.00
July 31 2020,Wahkiakum,WA,Passenger,6,6,12,3001,3013,0.40
January 31 2018,Virginia Beach,VA,Passenger,2,1,3,668,671,0.45
June 30 2022,Kings,CA,Passenger,2,1,3,309,312,0.96
March 31 2024,Grays Harbor,WA,Truck,19,0,19,20402,20421,0.09
November 30 2023,Santa Cruz,CA,Passenger,1,0,1,21,22,4.55
February 29 2024,Brevard,FL,Passenger,1,0,1,52,53,1.89
November 30 2020,Greene,MO,Passenger,0,1,1,36,37,2.70
December 31 2022,Denton,TX,Passenger,2,0,2,55,57,3.51
April 30 2019,Vigo,IN,Passenger,1,0,1,5,6,16.67
March 31 2023,Carroll,MD,Passenger,0,1,1,18,19,5.26
September 30 2021,Sevier,AR,Passenger,0,1,1,0,1,100.00
March 31 2021,Honolulu,HI,Passenger,5,2,7,450,457,1.53
May 31 2022,San Juan,WA,Truck,1,0,1,5976,5977,0.02
January 31 2019,Maricopa,AZ,Passenger,5,3,8,1624,1632,0.49
February 28 2018,Santa Rosa,FL,Passenger,1,0,1,103,104,0.96
January 31 2024,Clallam,WA,Truck,28,0,28,21393,21421,0.13
January 31 2020,Pacific,WA,Truck,0,0,0,7745,7745,0.00
September 30 2023,Harford,MD,Passenger,1,1,2,39,41,4.88
July 31 2022,Adams,CO,Passenger,1,0,1,36,37,2.70
June 30 2020,Ulster,NY,Passenger,1,0,1,12,13,7.69
October 31 2023,Benton,WA,Passenger,1310,632,1942,135314,137256,1.41
October 31 2023,Grant,WA,Passenger,346,151,497,67339,67836,0.73
August 31 2020,Grays Harbor,WA,Passenger,111,116,227,48342,48569,0.47
August 31 2017,Kitsap,WA,Truck,1,0,1,52568,52569,0.00
February 28 2023,Fairfax,VA,Passenger,7,3,10,611,621,1.61
September 30 2019,Columbia,WA,Truck,0,0,0,1536,1536,0.00
December 31 2022,Fairfax,VA,Truck,1,0,1,102,103,0.97
January 31 2018,Cook,IL,Passenger,1,0,1,286,287,0.35
October 31 2022,DeKalb,GA,Passenger,1,0,1,47,48,2.08
September 30 2019,Douglas,NE,Passenger,0,1,1,61,62,1.61
June 30 2019,Multnomah,OR,Passenger,5,5,10,757,767,1.30
August 31 2017,Travis,TX,Passenger,1,1,2,200,202,0.99
April 30 2024,Garfield,OK,Passenger,1,0,1,13,14,7.14
February 28 2018,Nantucket,MA,Passenger,1,0,1,4,5,20.00
July 31 2021,Ray,MO,Passenger,0,1,1,1,2,50.00
June 30 2023,King,WA,Truck,726,2,728,175495,176223,0.41
June 30 2021,Clallam,WA,Truck,1,0,1,22013,22014,0.00
April 30 2020,Lincoln,WA,Passenger,4,12,16,7676,7692,0.21
April 30 2024,Adams,WA,Passenger,34,15,49,12710,12759,0.38
December 31 2019,Alexandria,VA,Passenger,1,0,1,144,145,0.69
August 31 2021,Montgomery,TX,Passenger,1,1,2,45,47,4.26
January 31 2019,Cochise,AZ,Passenger,0,1,1,118,119,0.84
June 30 2023,Harrison,MS,Passenger,1,0,1,34,35,2.86
April 30 2019,Albemarle,VA,Passenger,1,0,1,26,27,3.70
August 31 2018,Montgomery,MD,Passenger,1,0,1,285,286,0.35
November 30 2021,Montgomery,MD,Passenger,3,2,5,212,217,2.30
June 30 2019,Franklin,WA,Truck,0,0,0,19266,19266,0.00
October 31 2023,Kitsap,WA,Passenger,3717,1432,5149,175350,180499,2.85
September 30 2022,Honolulu,HI,Passenger,4,3,7,364,371,1.89
September 30 2022,Anne Arundel,MD,Passenger,3,3,6,333,339,1.77
November 30 2022,Harris,TX,Passenger,1,0,1,160,161,0.62
October 31 2023,San Bernardino,CA,Passenger,3,1,4,279,283,1.41
June 30 2019,Ferry,WA,Truck,0,0,0,3571,3571,0.00
October 31 2017,Sangamon,IL,Passenger,1,0,1,11,12,8.33
February 28 2017,Adams,WA,Passenger,2,2,4,12125,12129,0.03
August 31 2020,Virginia Beach,VA,Passenger,1,0,1,664,665,0.15
October 31 2018,Tarrant,TX,Passenger,1,0,1,207,208,0.48
October 31 2021,DuPage,IL,Passenger,3,1,4,54,58,6.90
November 30 2017,Santa Rosa,FL,Passenger,1,0,1,109,110,0.91
November 30 2020,Fort Bend,TX,Passenger,1,0,1,40,41,2.44
February 28 2018,Lumpkin,GA,Passenger,1,0,1,7,8,12.50
February 28 2021,Wilson,TX,Passenger,0,1,1,6,7,14.29
January 31 2021,Thurston,WA,Truck,0,0,0,56424,56424,0.00
April 30 2021,Klickitat,WA,Truck,0,0,0,8242,8242,0.00
April 30 2023,Multnomah,OR,Passenger,1,2,3,467,470,0.64
February 29 2024,Burlington,NJ,Passenger,0,2,2,78,80,2.50
August 31 2021,Howard,MD,Passenger,0,1,1,67,68,1.47
December 31 2021,Wichita,TX,Passenger,1,0,1,44,45,2.22
April 30 2020,Thurston,WA,Passenger,1141,728,1869,197355,199224,0.94
November 30 2021,Adams,WA,Truck,0,0,0,5419,5419,0.00
October 31 2021,Kings,NY,Passenger,1,0,1,74,75,1.33
February 29 2024,Rockingham,NH,Passenger,1,0,1,7,8,12.50
June 30 2023,Hamilton,OH,Passenger,1,0,1,31,32,3.12
November 30 2023,Skagit,WA,Passenger,1304,468,1772,88641,90413,1.96
September 30 2018,Okanogan,WA,Passenger,10,20,30,26047,26077,0.12
November 30 2020,Boulder,CO,Passenger,1,1,2,48,50,4.00
October 31 2023,Spokane,WA,Passenger,2683,1301,3984,322309,326293,1.22
January 31 2022,Bell,TX,Passenger,1,0,1,352,353,0.28
June 30 2021,Arapahoe,CO,Passenger,1,0,1,124,125,0.80
August 31 2021,Mason,WA,Truck,0,0,0,21308,21308,0.00
October 31 2021,Norfolk,VA,Passenger,2,3,5,324,329,1.52
March 31 2022,San Joaquin,CA,Passenger,1,1,2,98,100,2.00
November 30 2019,Whitman,WA,Truck,0,0,0,8580,8580,0.00
September 30 2020,Stevens,WA,Truck,0,0,0,18699,18699,0.00
June 30 2023,Orange,CA,Passenger,8,3,11,328,339,3.24
April 30 2022,Contra Costa,CA,Passenger,0,3,3,248,251,1.20
June 30 2022,Cowlitz,WA,Passenger,336,172,508,70678,71186,0.71
February 29 2020,Chesapeake,VA,Passenger,0,1,1,444,445,0.22
August 31 2019,Kootenai,ID,Passenger,1,2,3,221,224,1.34
October 31 2022,Burlington,NJ,Passenger,0,2,2,99,101,1.98
October 31 2020,Solano,CA,Passenger,1,0,1,207,208,0.48
March 31 2017,Northampton,PA,Passenger,2,0,2,209,211,0.95
September 30 2020,Hennepin,MN,Passenger,2,0,2,89,91,2.20
June 30 2023,Columbia,WA,Truck,0,0,0,1551,1551,0.00
November 30 2020,Vigo,IN,Passenger,1,0,1,6,7,14.29
February 28 2023,Fulton,GA,Passenger,1,1,2,68,70,2.86
March 31 2017,Thurston,WA,Passenger,365,313,678,185374,186052,0.36
June 30 2022,Skamania,WA,Truck,0,0,0,3964,3964,0.00
August 31 2023,San Joaquin,CA,Passenger,0,1,1,72,73,1.37
February 28 2017,Cobb,GA,Passenger,0,1,1,82,83,1.20
April 30 2023,Kootenai,ID,Passenger,0,1,1,132,133,0.75
May 31 2023,Douglas,NE,Passenger,1,1,2,30,32,6.25
January 31 2023,Fairfax,VA,Truck,1,0,1,99,100,1.00
November 30 2023,Galveston,TX,Passenger,0,1,1,13,14,7.14
February 29 2024,Kootenai,ID,Truck,1,0,1,19,20,5.00
April 30 2019,Clallam,WA,Truck,0,0,0,21677,21677,0.00
December 31 2020,Pend Oreille,WA,Truck,0,0,0,5714,5714,0.00
June 30 2018,Cochise,AZ,Passenger,0,1,1,120,121,0.83
September 30 2022,Williams,ND,Passenger,0,1,1,6,7,14.29
August 31 2021,Boone,MO,Passenger,0,1,1,12,13,7.69
January 31 2020,Clark,WA,Truck,0,0,0,81748,81748,0.00
January 31 2022,Geary,KS,Passenger,1,0,1,92,93,1.08
April 30 2024,Placer,CA,Passenger,1,0,1,49,50,2.00
July 31 2022,Kittitas,WA,Passenger,278,86,364,29674,30038,1.21
December 31 2020,Miami-Dade,FL,Passenger,1,0,1,102,103,0.97
October 31 2023,San Joaquin,CA,Passenger,1,1,2,66,68,2.94
February 28 2021,Ulster,NY,Passenger,1,0,1,12,13,7.69
October 31 2020,Suffolk,MA,Passenger,0,2,2,36,38,5.26
May 31 2020,Carson City,NV,Passenger,1,0,1,10,11,9.09
August 31 2019,Franklin,MA,Passenger,0,1,1,1,2,50.00
February 29 2020,Lewis,WA,Passenger,108,107,215,59568,59783,0.36
June 30 2023,Kootenai,ID,Passenger,0,1,1,120,121,0.83
June 30 2019,Sarasota,FL,Passenger,1,0,1,33,34,2.94
August 31 2022,Pulaski,AR,Passenger,1,0,1,30,31,3.23
June 30 2020,Williamson,TX,Passenger,0,2,2,144,146,1.37
August 31 2019,Santa Cruz,CA,Passenger,1,0,1,41,42,2.38
September 30 2023,Yellowstone,MT,Passenger,0,1,1,12,13,7.69
January 31 2021,Kitsap,WA,Passenger,1606,764,2370,179211,181581,1.31
January 31 2017,Klickitat,WA,Passenger,20,22,42,14793,14835,0.28
March 31 2017,Bexar,TX,Passenger,1,2,3,1097,1100,0.27
October 31 2023,Skamania,WA,Truck,1,0,1,3805,3806,0.03
October 31 2021,Collin,TX,Passenger,2,0,2,117,119,1.68
September 30 2020,Charles,MD,Passenger,1,1,2,79,81,2.47
April 30 2024,Norfolk,VA,Passenger,0,1,1,233,234,0.43
November 30 2023,Tooele,UT,Passenger,2,0,2,8,10,20.00
July 31 2017,Prince William,VA,Passenger,0,4,4,271,275,1.45
January 31 2018,Howard,MD,Passenger,0,2,2,87,89,2.25
June 30 2020,El Paso,CO,Passenger,2,0,2,725,727,0.28
February 28 2023,Jackson,OK,Passenger,0,1,1,33,34,2.94
June 30 2018,Douglas,WA,Passenger,43,31,74,27653,27727,0.27
November 30 2018,Ferry,WA,Truck,0,0,0,3581,3581,0.00
July 31 2019,Garfield,WA,Truck,0,0,0,959,959,0.00
October 31 2020,Garfield,WA,Truck,0,0,0,989,989,0.00
August 31 2018,Brevard,FL,Passenger,0,1,1,93,94,1.06
July 31 2021,Pend Oreille,WA,Passenger,15,7,22,9257,9279,0.24
September 30 2022,Ferry,WA,Passenger,22,4,26,4398,4424,0.59
October 31 2017,Grant,WA,Truck,0,0,0,25456,25456,0.00
September 30 2017,Montgomery,MD,Passenger,1,0,1,307,308,0.32
May 31 2021,Alexandria,VA,Passenger,3,0,3,128,131,2.29
February 28 2019,Clallam,WA,Truck,0,0,0,21574,21574,0.00
December 31 2022,Prince George's,MD,Passenger,3,1,4,130,134,2.99
November 30 2022,New London,CT,Passenger,3,2,5,183,188,2.66
January 31 2024,Howard,MD,Passenger,0,2,2,54,56,3.57
May 31 2019,Palm Beach,FL,Passenger,0,2,2,90,92,2.17
April 30 2023,DeKalb,GA,Passenger,2,0,2,44,46,4.35
November 30 2022,Queens,NY,Passenger,1,0,1,37,38,2.63
July 31 2021,St. Louis,MO,Passenger,1,0,1,86,87,1.15
July 31 2017,Frederick,MD,Passenger,0,1,1,83,84,1.19
November 30 2021,Douglas,WA,Truck,0,0,0,12688,12688,0.00
May 31 2021,Charleston,SC,Passenger,2,0,2,89,91,2.20
September 30 2022,Charles,MD,Passenger,1,1,2,56,58,3.45
November 30 2023,Kootenai,ID,Truck,1,0,1,23,24,4.17
December 31 2022,El Paso,CO,Passenger,2,2,4,571,575,0.70
November 30 2021,Monterey,CA,Passenger,0,3,3,154,157,1.91
February 29 2024,Prince William,VA,Passenger,2,2,4,138,142,2.82
May 31 2021,Ferry,WA,Truck,0,0,0,3663,3663,0.00
May 31 2022,Rock Island,IL,Passenger,0,1,1,14,15,6.67
July 31 2021,Clallam,WA,Truck,1,0,1,22023,22024,0.00
November 30 2019,Maricopa,AZ,Passenger,6,8,14,1599,1613,0.87
November 30 2018,Kootenai,ID,Passenger,1,2,3,220,223,1.35
October 31 2017,Multnomah,OR,Passenger,1,3,4,918,922,0.43
May 31 2017,Jackson,MO,Passenger,1,0,1,65,66,1.52
October 31 2019,Arapahoe,CO,Passenger,1,0,1,150,151,0.66
December 31 2022,Adams,WA,Truck,1,0,1,5391,5392,0.02
December 31 2020,Kent,MI,Passenger,0,1,1,26,27,3.70
December 31 2017,Nantucket,MA,Passenger,1,0,1,3,4,25.00
May 31 2022,Kitsap,WA,Truck,3,0,3,53603,53606,0.01
February 28 2021,Nueces,TX,Passenger,1,0,1,82,83,1.20
October 31 2022,Carroll,NH,Passenger,0,1,1,5,6,16.67
September 30 2017,Klickitat,WA,Passenger,23,26,49,14776,14825,0.33
December 31 2020,Anchorage,AK,Passenger,1,0,1,153,154,0.65
April 30 2024,El Paso,TX,Passenger,2,0,2,228,230,0.87
September 30 2022,Fulton,GA,Passenger,1,1,2,74,76,2.63
July 31 2022,Placer,CA,Passenger,2,0,2,71,73,2.74
August 31 2021,Flathead,MT,Passenger,1,0,1,49,50,2.00
July 31 2023,DeKalb,GA,Passenger,2,0,2,38,40,5.00
August 31 2021,Yakima,WA,Truck,0,0,0,61753,61753,0.00
September 30 2019,Kitsap,WA,Passenger,1134,641,1775,181556,183331,0.97
April 30 2023,Travis,TX,Passenger,3,1,4,95,99,4.04
October 31 2020,Douglas,NE,Passenger,0,1,1,52,53,1.89
April 30 2020,Dallas,IA,Passenger,0,1,1,10,11,9.09
May 31 2023,Whatcom,WA,Truck,57,0,57,42737,42794,0.13
January 31 2020,Skagit,WA,Passenger,378,215,593,92607,93200,0.64
January 31 2017,Alameda,CA,Passenger,6,1,7,405,412,1.70
February 28 2022,San Francisco,CA,Passenger,1,1,2,96,98,2.04
August 31 2019,Hillsborough,FL,Passenger,0,1,1,206,207,0.48
February 28 2022,Greene,MO,Passenger,0,1,1,30,31,3.23
March 31 2023,Randolph,NC,Passenger,1,0,1,3,4,25.00
August 31 2020,Grant,WA,Truck,0,0,0,27228,27228,0.00
September 30 2021,Garfield,WA,Passenger,0,3,3,1361,1364,0.22
November 30 2021,Nueces,TX,Passenger,1,0,1,67,68,1.47
January 31 2022,Travis,TX,Passenger,3,0,3,140,143,2.10
February 28 2022,Vigo,IN,Passenger,1,0,1,5,6,16.67
December 31 2018,Dale,AL,Passenger,0,1,1,53,54,1.85
June 30 2022,Benton,WA,Passenger,749,460,1209,135227,136436,0.89
September 30 2019,Maricopa,AZ,Passenger,7,6,13,1610,1623,0.80
February 28 2018,Orange,CA,Passenger,3,1,4,592,596,0.67
September 30 2018,Clallam,WA,Truck,0,0,0,21490,21490,0.00
March 31 2022,Washtenaw,MI,Passenger,0,1,1,29,30,3.33
February 28 2022,Whitman,WA,Passenger,70,56,126,21978,22104,0.57
November 30 2019,Clark,WA,Passenger,1806,1025,2831,317442,320273,0.88
October 31 2018,Adams,WA,Passenger,5,5,10,12716,12726,0.08
April 30 2023,Lincoln,WA,Passenger,18,17,35,7662,7697,0.45
June 30 2020,Pacific,WA,Truck,0,0,0,7696,7696,0.00
May 31 2022,Dorchester,SC,Passenger,1,0,1,67,68,1.47
July 31 2017,Duval,FL,Passenger,1,1,2,375,377,0.53
December 31 2023,Bexar,TX,Passenger,2,3,5,343,348,1.44
September 30 2019,Denver,CO,Passenger,1,0,1,130,131,0.76
August 31 2019,Walla Walla,WA,Passenger,56,63,119,36224,36343,0.33
May 31 2020,Clallam,WA,Passenger,222,165,387,50109,50496,0.77
November 30 2017,Lincoln,WA,Truck,0,0,0,4484,4484,0.00
June 30 2022,York,VA,Passenger,1,0,1,87,88,1.14
November 30 2021,Lake,FL,Passenger,1,0,1,24,25,4.00
April 30 2021,Island,WA,Passenger,582,308,890,63131,64021,1.39
June 30 2023,Jefferson,WA,Passenger,557,255,812,24324,25136,3.23
December 31 2017,Asotin,WA,Passenger,8,5,13,12514,12527,0.10
July 31 2023,Mason,WA,Passenger,467,213,680,46277,46957,1.45
April 30 2020,Island,WA,Passenger,405,271,676,62790,63466,1.07
November 30 2022,Skagit,WA,Passenger,906,352,1258,89353,90611,1.39
January 31 2018,Duval,FL,Passenger,1,2,3,366,369,0.81
February 28 2022,Franklin,WA,Truck,0,0,0,20909,20909,0.00
February 28 2021,Stafford,VA,Passenger,2,1,3,104,107,2.80
July 31 2023,Ada,ID,Passenger,2,0,2,114,116,1.72
July 31 2020,Island,WA,Passenger,430,273,703,62796,63499,1.11
January 31 2024,Moore,NC,Passenger,0,1,1,97,98,1.02
December 31 2023,Orange,CA,Passenger,6,2,8,275,283,2.83
June 30 2018,Queens,NY,Passenger,1,0,1,62,63,1.59
November 30 2023,Marin,CA,Passenger,1,1,2,25,27,7.41
March 31 2023,Marion,IA,Passenger,1,0,1,0,1,100.00
November 30 2018,Thurston,WA,Passenger,707,566,1273,195354,196627,0.65
December 31 2022,Grays Harbor,WA,Passenger,246,160,406,48614,49020,0.83
December 31 2020,El Paso,TX,Passenger,3,0,3,408,411,0.73
October 31 2020,Dakota,MN,Passenger,0,1,1,29,30,3.33
August 31 2020,Carroll,NH,Passenger,0,1,1,5,6,16.67
July 31 2022,Columbia,WA,Passenger,7,0,7,2428,2435,0.29
July 31 2020,San Mateo,CA,Passenger,0,1,1,118,119,0.84
May 31 2017,Monroe,NY,Passenger,1,0,1,27,28,3.57
December 31 2023,Tarrant,TX,Passenger,1,0,1,78,79,1.27
January 31 2022,Fort Bend,TX,Passenger,1,0,1,30,31,3.23
March 31 2020,Williamson,TX,Passenger,0,2,2,148,150,1.33
February 28 2019,Walla Walla,WA,Truck,0,0,0,13544,13544,0.00
July 31 2019,Whatcom,WA,Passenger,884,436,1320,151069,152389,0.87
May 31 2017,Howard,MD,Passenger,0,2,2,92,94,2.13
September 30 2018,El Paso,TX,Passenger,1,0,1,497,498,0.20
November 30 2019,Carroll,NH,Passenger,0,1,1,3,4,25.00
February 28 2018,Prince William,VA,Passenger,0,5,5,268,273,1.83
September 30 2021,Champaign,IL,Passenger,1,0,1,12,13,7.69
July 31 2021,Lewis,WA,Truck,0,0,0,26759,26759,0.00
December 31 2020,Kittitas,WA,Passenger,127,51,178,29820,29998,0.59
July 31 2020,District of Columbia,DC,Passenger,1,1,2,201,203,0.99
February 29 2020,Boulder,CO,Passenger,1,1,2,51,53,3.77
March 31 2022,Lewis,WA,Truck,0,0,0,26514,26514,0.00
April 30 2020,Kittitas,WA,Truck,0,0,0,14595,14595,0.00
February 28 2023,Asotin,WA,Truck,0,0,0,6649,6649,0.00
April 30 2022,Jefferson,WA,Truck,0,0,0,9520,9520,0.00
October 31 2020,Lewis,WA,Passenger,114,117,231,58439,58670,0.39
January 31 2019,Riverside,CA,Passenger,2,2,4,679,683,0.59
February 28 2018,San Diego,CA,Passenger,6,1,7,2576,2583,0.27
August 31 2021,St. Mary's,MD,Passenger,1,0,1,207,208,0.48
October 31 2023,Kings,CA,Passenger,2,2,4,268,272,1.47
August 31 2020,Cumberland,NC,Passenger,0,3,3,468,471,0.64
April 30 2024,Middlesex,MA,Passenger,2,0,2,58,60,3.33
June 30 2021,Whitman,WA,Passenger,58,47,105,21965,22070,0.48
February 28 2023,Orange,CA,Passenger,10,3,13,357,370,3.51
May 31 2023,El Paso,TX,Passenger,3,0,3,295,298,1.01
November 30 2021,Richmond,NY,Passenger,1,0,1,4,5,20.00
February 29 2024,Virginia Beach,VA,Truck,1,0,1,93,94,1.06
July 31 2020,Benton,WA,Passenger,372,321,693,134256,134949,0.51
July 31 2017,Montgomery,TN,Passenger,1,0,1,283,284,0.35
May 31 2022,Stevens,WA,Truck,0,0,0,18937,18937,0.00
June 30 2017,Fairfax,VA,Passenger,3,2,5,857,862,0.58
October 31 2023,Ray,MO,Passenger,0,1,1,0,1,100.00
August 31 2019,Norfolk,VA,Passenger,2,2,4,346,350,1.14
November 30 2022,New York,NY,Passenger,1,0,1,35,36,2.78
January 31 2018,Ferry,WA,Truck,0,0,0,3545,3545,0.00
September 30 2019,Garfield,WA,Truck,0,0,0,968,968,0.00
October 31 2023,Suffolk,VA,Passenger,1,0,1,95,96,1.04
October 31 2018,Eagle,CO,Passenger,1,0,1,5,6,16.67
December 31 2023,Albemarle,VA,Passenger,2,0,2,15,17,11.76
February 28 2017,Grant,WA,Passenger,16,21,37,60186,60223,0.06
March 31 2024,Island,WA,Passenger,1368,510,1878,60132,62010,3.03
June 30 2021,Los Angeles,CA,Passenger,9,11,20,937,957,2.09
June 30 2022,Providence,RI,Passenger,1,0,1,23,24,4.17
March 31 2023,Bexar,TX,Passenger,3,3,6,412,418,1.44
October 31 2019,DuPage,IL,Passenger,3,0,3,63,66,4.55
March 31 2022,Allegheny,PA,Passenger,2,1,3,67,70,4.29
July 31 2021,Kings,NY,Passenger,1,0,1,69,70,1.43
August 31 2019,Kitsap,WA,Passenger,1112,633,1745,181449,183194,0.95
July 31 2021,Calvert,MD,Passenger,0,2,2,90,92,2.17
September 30 2019,Carroll,NH,Passenger,0,1,1,3,4,25.00
July 31 2022,Chelan,WA,Passenger,477,125,602,54191,54793,1.10
July 31 2017,Wahkiakum,WA,Passenger,0,2,2,2836,2838,0.07
September 30 2021,Kings,CA,Passenger,1,0,1,325,326,0.31
February 28 2021,Kern,CA,Passenger,0,1,1,222,223,0.45
February 29 2024,Pend Oreille,WA,Truck,3,0,3,5526,5529,0.05
August 31 2022,San Juan,WA,Truck,5,0,5,5948,5953,0.08
August 31 2023,Otero,NM,Passenger,0,1,1,24,25,4.00
February 29 2020,Fairbanks North Star,AK,Passenger,0,1,1,101,102,0.98
December 31 2021,Wood,OH,Passenger,0,1,1,8,9,11.11
August 31 2022,King,WA,Truck,204,2,206,179882,180088,0.11
May 31 2020,Cowlitz,WA,Passenger,136,115,251,72351,72602,0.35
August 31 2021,Penobscot,ME,Passenger,0,1,1,9,10,10.00
December 31 2023,Polk,OR,Passenger,1,1,2,11,13,15.38
October 31 2021,Williams,ND,Passenger,0,1,1,8,9,11.11
April 30 2020,Lewis,WA,Passenger,99,108,207,58639,58846,0.35
May 31 2023,Monterey,CA,Passenger,0,3,3,131,134,2.24
November 30 2018,Tarrant,TX,Passenger,1,0,1,208,209,0.48
October 31 2023,Sarpy,NE,Passenger,1,0,1,55,56,1.79
April 30 2024,Williamson,TX,Passenger,0,1,1,36,37,2.70
September 30 2023,Okanogan,WA,Truck,7,0,7,16379,16386,0.04
February 28 2021,Adams,WA,Truck,0,0,0,5342,5342,0.00
July 31 2018,Pend Oreille,WA,Passenger,5,5,10,9580,9590,0.10
January 31 2018,Moore,NC,Passenger,0,1,1,197,198,0.51
March 31 2023,Leavenworth,KS,Passenger,0,1,1,90,91,1.10
March 31 2017,Lee,AL,Passenger,1,0,1,35,36,2.78
July 31 2018,Santa Clara,CA,Passenger,7,0,7,384,391,1.79
October 31 2017,Walla Walla,WA,Truck,0,0,0,13257,13257,0.00
July 31 2020,Arapahoe,CO,Passenger,1,0,1,134,135,0.74
May 31 2020,Valencia,NM,Passenger,1,0,1,7,8,12.50
August 31 2021,Powhatan,VA,Passenger,1,0,1,1,2,50.00
December 31 2023,Pacific,WA,Passenger,95,100,195,15500,15695,1.24
September 30 2019,Hillsborough,FL,Passenger,0,1,1,200,201,0.50
September 30 2022,New York,NY,Passenger,1,0,1,37,38,2.63
July 31 2023,Henrico,VA,Passenger,0,1,1,8,9,11.11
December 31 2020,Island,WA,Truck,0,0,0,21340,21340,0.00
December 31 2019,Travis,TX,Passenger,4,1,5,210,215,2.33
May 31 2019,Manassas,VA,Passenger,0,1,1,8,9,11.11
February 29 2024,Newport,RI,Passenger,0,1,1,45,46,2.17
August 31 2022,Henrico,VA,Passenger,0,1,1,13,14,7.14
June 30 2019,Spokane,WA,Truck,1,0,1,94840,94841,0.00
March 31 2017,Asotin,WA,Truck,0,0,0,6509,6509,0.00
August 31 2022,Burlington,NJ,Passenger,0,2,2,102,104,1.92
July 31 2022,Middlesex,MA,Passenger,2,0,2,90,92,2.17
August 31 2022,Essex,MA,Passenger,1,0,1,17,18,5.56
January 31 2021,Bradley,TN,Passenger,1,0,1,0,1,100.00
June 30 2023,Cowlitz,WA,Passenger,476,218,694,69895,70589,0.98
May 31 2023,Sacramento,CA,Passenger,3,1,4,175,179,2.23
April 30 2017,Snohomish,WA,Truck,1,0,1,122001,122002,0.00
October 31 2022,Lewis,WA,Truck,2,0,2,26339,26341,0.01
May 31 2022,Kootenai,ID,Passenger,0,1,1,166,167,0.60
March 31 2023,Essex,MA,Passenger,1,0,1,15,16,6.25
April 30 2023,Wahkiakum,WA,Truck,2,0,2,1793,1795,0.11
November 30 2019,Berkshire,MA,Passenger,0,1,1,5,6,16.67
January 31 2018,King,WA,Truck,8,1,9,184769,184778,0.00
February 28 2023,Pinal,AZ,Passenger,0,1,1,106,107,0.93
August 31 2021,Goochland,VA,Passenger,4,2,6,234,240,2.50
June 30 2023,Wichita,TX,Passenger,2,0,2,36,38,5.26
January 31 2020,Shasta,CA,Passenger,1,0,1,37,38,2.63
November 30 2020,Nueces,TX,Passenger,1,0,1,85,86,1.16
May 31 2018,Whatcom,WA,Truck,2,0,2,42192,42194,0.00
February 29 2020,Wayne,MI,Passenger,0,1,1,59,60,1.67
September 30 2017,Utah,UT,Passenger,0,1,1,153,154,0.65
October 31 2020,Nassau,NY,Passenger,4,0,4,33,37,10.81
January 31 2020,Sumter,FL,Passenger,0,1,1,9,10,10.00
March 31 2023,San Diego,CA,Passenger,21,7,28,2236,2264,1.24
January 31 2017,Asotin,WA,Passenger,4,3,7,12315,12322,0.06
August 31 2021,El Paso,TX,Passenger,3,0,3,384,387,0.78
June 30 2019,Broward,FL,Passenger,2,1,3,127,130,2.31
April 30 2023,Champaign,IL,Passenger,1,0,1,13,14,7.14
January 31 2018,Dale,AL,Passenger,0,1,1,64,65,1.54
April 30 2019,Stevens,WA,Truck,0,0,0,18678,18678,0.00
July 31 2019,Alameda,CA,Passenger,3,2,5,311,316,1.58
February 28 2023,Miami-Dade,FL,Passenger,1,0,1,71,72,1.39
August 31 2022,Randolph,NC,Passenger,1,0,1,6,7,14.29
December 31 2022,Albemarle,VA,Passenger,2,0,2,19,21,9.52
April 30 2020,Franklin,WA,Truck,0,0,0,19840,19840,0.00
February 28 2017,Saratoga,NY,Passenger,1,1,2,77,79,2.53
October 31 2019,Ada,ID,Passenger,0,2,2,310,312,0.64
March 31 2023,Honolulu,HI,Passenger,3,3,6,314,320,1.88
February 28 2022,Klickitat,WA,Truck,0,0,0,8324,8324,0.00
March 31 2021,Kittitas,WA,Truck,0,0,0,14758,14758,0.00
October 31 2022,Stevens,WA,Passenger,84,56,140,29969,30109,0.46
March 31 2019,Columbia,WA,Passenger,2,2,4,2428,2432,0.16
April 30 2021,,,Passenger,4,2,6,363,369,1.63
December 31 2022,Deschutes,OR,Passenger,1,0,1,80,81,1.23
June 30 2019,Placer,CA,Passenger,1,0,1,108,109,0.92
September 30 2017,Prince George's,MD,Passenger,0,1,1,184,185,0.54
October 31 2022,Hardin,KY,Passenger,1,0,1,61,62,1.61
March 31 2018,Howard,MD,Passenger,0,1,1,90,91,1.10
September 30 2018,Kittitas,WA,Passenger,56,36,92,29200,29292,0.31
April 30 2020,San Juan,WA,Passenger,295,88,383,14148,14531,2.64
July 31 2023,Washoe,NV,Passenger,2,0,2,55,57,3.51
January 31 2017,Volusia,FL,Passenger,0,1,1,52,53,1.89
October 31 2020,Camden,NJ,Passenger,0,1,1,23,24,4.17
March 31 2023,Essex,NJ,Passenger,2,0,2,11,13,15.38
March 31 2022,Fairfax,VA,Passenger,4,3,7,661,668,1.05
August 31 2023,Essex,MA,Passenger,1,0,1,11,12,8.33
April 30 2022,Parker,TX,Passenger,0,1,1,22,23,4.35
March 31 2021,Oldham,KY,Passenger,0,1,1,4,5,20.00
October 31 2021,Okaloosa,FL,Passenger,0,1,1,121,122,0.82
December 31 2023,Allen,IN,Passenger,1,0,1,10,11,9.09
January 31 2022,Oldham,KY,Passenger,0,1,1,4,5,20.00
April 30 2020,Multnomah,OR,Passenger,4,7,11,748,759,1.45
March 31 2019,Montgomery,TX,Passenger,2,0,2,65,67,2.99
July 31 2020,Fulton,GA,Passenger,1,3,4,107,111,3.60
December 31 2019,Boulder,CO,Passenger,1,1,2,53,55,3.64
February 28 2023,Tarrant,TX,Passenger,1,0,1,95,96,1.04
May 31 2023,Burlington,NJ,Passenger,2,2,4,93,97,4.12
January 31 2023,Fredericksburg,VA,Passenger,1,0,1,5,6,16.67
September 30 2022,Pennington,SD,Passenger,2,0,2,28,30,6.67
November 30 2019,Island,WA,Truck,1,0,1,21311,21312,0.00
February 28 2021,Boone,MO,Passenger,0,1,1,12,13,7.69
February 28 2019,Lake,CA,Passenger,0,1,1,11,12,8.33
May 31 2020,Carroll,NH,Passenger,0,1,1,4,5,20.00
December 31 2021,King,WA,Truck,6,1,7,182927,182934,0.00
December 31 2018,Okanogan,WA,Truck,0,0,0,16487,16487,0.00
August 31 2021,Franklin,WA,Passenger,139,99,238,61926,62164,0.38
May 31 2021,Orange,FL,Passenger,1,0,1,115,116,0.86
February 28 2017,Garfield,WA,Passenger,0,0,0,1290,1290,0.00
August 31 2023,Chesterfield,VA,Passenger,1,0,1,36,37,2.70
November 30 2021,Williamson,TX,Passenger,1,2,3,106,109,2.75
December 31 2019,Grant,WA,Passenger,55,68,123,65614,65737,0.19
December 31 2022,San Diego,CA,Passenger,21,6,27,2305,2332,1.16
July 31 2023,Onslow,NC,Passenger,0,1,1,142,143,0.70
April 30 2020,Suffolk,VA,Passenger,1,0,1,127,128,0.78
February 29 2020,Eagle,CO,Passenger,1,0,1,8,9,11.11
May 31 2022,Fredericksburg,VA,Passenger,1,0,1,7,8,12.50
March 31 2018,Prince William,VA,Passenger,0,5,5,266,271,1.85
December 31 2020,Morris,NJ,Passenger,1,0,1,15,16,6.25
March 31 2022,Adams,WA,Passenger,16,11,27,12966,12993,0.21
August 31 2021,Columbia,WA,Passenger,7,2,9,2456,2465,0.37
August 31 2021,St. Louis,MO,Passenger,1,0,1,85,86,1.16
April 30 2020,Walla Walla,WA,Truck,0,0,0,13621,13621,0.00
April 30 2018,Garfield,OK,Passenger,1,0,1,19,20,5.00
May 31 2023,Dallas,TX,Passenger,2,0,2,90,92,2.17
January 31 2019,Santa Cruz,CA,Passenger,1,0,1,45,46,2.17
August 31 2020,Mason,WA,Passenger,162,131,293,47399,47692,0.61
August 31 2019,Skamania,WA,Passenger,25,18,43,8748,8791,0.49
July 31 2018,Pinal,AZ,Passenger,2,0,2,210,212,0.94
June 30 2022,Leavenworth,KS,Passenger,0,1,1,101,102,0.98
December 31 2020,Yakima,WA,Truck,0,0,0,60970,60970,0.00
August 31 2019,Middlesex,MA,Passenger,1,0,1,114,115,0.87
March 31 2023,Pulaski,AR,Passenger,3,0,3,24,27,11.11
October 31 2020,Clallam,WA,Truck,1,0,1,21759,21760,0.00
June 30 2023,Madison,IL,Passenger,2,0,2,16,18,11.11
July 31 2020,Boone,MO,Passenger,0,1,1,11,12,8.33
January 31 2024,Mason,WA,Passenger,566,235,801,45905,46706,1.71
September 30 2020,Honolulu,HI,Passenger,5,2,7,460,467,1.50
January 31 2018,Alameda,CA,Passenger,0,1,1,363,364,0.27
July 31 2023,Suffolk,VA,Passenger,1,0,1,101,102,0.98
May 31 2023,Tarrant,TX,Passenger,1,0,1,83,84,1.19
September 30 2023,Las Animas,CO,Passenger,1,0,1,0,1,100.00
December 31 2023,Asotin,WA,Passenger,42,25,67,12275,12342,0.54
April 30 2018,Dale,AL,Passenger,0,1,1,61,62,1.61
May 31 2023,Washoe,NV,Passenger,2,0,2,55,57,3.51
February 28 2017,Tarrant,TX,Passenger,0,2,2,305,307,0.65
March 31 2019,Washington,OR,Passenger,0,1,1,472,473,0.21
May 31 2019,Mecklenburg,NC,Passenger,1,0,1,85,86,1.16
May 31 2023,Adams,CO,Passenger,1,0,1,24,25,4.00
June 30 2021,Morris,NJ,Passenger,1,0,1,14,15,6.67
February 28 2022,RÃ­o Grande,PR,Passenger,1,0,1,0,1,100.00
January 31 2022,Okanogan,WA,Truck,0,0,0,16675,16675,0.00
April 30 2018,Bexar,TX,Passenger,2,2,4,784,788,0.51
March 31 2024,Polk,OR,Passenger,1,1,2,12,14,14.29
May 31 2023,Alameda,CA,Passenger,4,2,6,178,184,3.26
June 30 2023,Broward,FL,Passenger,1,0,1,64,65,1.54
November 30 2018,Lee,FL,Passenger,1,0,1,52,53,1.89
November 30 2020,King,WA,Passenger,26592,8082,34674,1370393,1405067,2.47
April 30 2021,Washington,OR,Passenger,1,0,1,414,415,0.24
October 31 2017,Duval,FL,Passenger,1,1,2,365,367,0.54
July 31 2021,Burlington,NJ,Passenger,0,1,1,126,127,0.79
July 31 2022,Galveston,TX,Passenger,0,1,1,18,19,5.26
May 31 2023,Oldham,KY,Passenger,0,1,1,3,4,25.00
April 30 2018,Manassas,VA,Passenger,0,1,1,9,10,10.00
June 30 2023,Las Animas,CO,Passenger,1,0,1,0,1,100.00
February 28 2023,Snohomish,WA,Passenger,10921,2837,13758,529379,543137,2.53
September 30 2021,Rockingham,NH,Passenger,1,0,1,20,21,4.76
June 30 2018,,,Passenger,3,2,5,435,440,1.14
September 30 2018,Beaufort,SC,Passenger,1,0,1,40,41,2.44
May 31 2019,Lake,FL,Passenger,1,0,1,21,22,4.55
July 31 2020,Hawaii,HI,Passenger,1,0,1,59,60,1.67
November 30 2020,Montgomery,OH,Passenger,0,1,1,52,53,1.89
September 30 2023,Columbia,OR,Passenger,1,0,1,10,11,9.09
April 30 2024,Lewis,WA,Passenger,441,362,803,57172,57975,1.39
June 30 2020,Skagit,WA,Truck,1,0,1,32464,32465,0.00
December 31 2022,Calvert,MD,Passenger,0,2,2,85,87,2.30
April 30 2024,Hamilton,OH,Passenger,2,0,2,21,23,8.70
January 31 2021,Thurston,WA,Passenger,1350,795,2145,197245,199390,1.08
May 31 2022,Lincoln,OR,Passenger,0,1,1,29,30,3.33
April 30 2019,Calvert,MD,Passenger,0,2,2,86,88,2.27
June 30 2020,Whitman,WA,Passenger,44,48,92,22125,22217,0.41
February 28 2017,Shoshone,ID,Passenger,0,1,1,82,83,1.20
May 31 2022,Wilson,TX,Passenger,0,1,1,3,4,25.00
November 30 2023,Clallam,WA,Passenger,652,311,963,48910,49873,1.93
November 30 2017,Walla Walla,WA,Passenger,29,31,60,35236,35296,0.17
March 31 2020,Washington,OR,Passenger,1,0,1,471,472,0.21
November 30 2021,Jefferson,NY,Passenger,1,0,1,217,218,0.46
May 31 2018,Ferry,WA,Truck,0,0,0,3503,3503,0.00
April 30 2018,Lee,AL,Passenger,1,0,1,32,33,3.03
April 30 2019,Sacramento,CA,Passenger,0,1,1,304,305,0.33
May 31 2020,Lake,IL,Passenger,1,0,1,172,173,0.58
December 31 2022,Skagit,WA,Truck,11,0,11,32111,32122,0.03
June 30 2022,Penobscot,ME,Passenger,0,1,1,8,9,11.11
December 31 2022,Las Animas,CO,Passenger,1,0,1,1,2,50.00
October 31 2020,Washoe,NV,Passenger,1,0,1,106,107,0.93
July 31 2017,Lake,CA,Passenger,0,1,1,15,16,6.25
May 31 2021,Saginaw,MI,Passenger,1,0,1,10,11,9.09
July 31 2023,Richmond,NY,Passenger,1,0,1,4,5,20.00
January 31 2019,Pierce,WA,Truck,0,0,0,139081,139081,0.00
February 28 2021,Chelan,WA,Passenger,301,88,389,54487,54876,0.71
February 28 2018,Wahkiakum,WA,Passenger,0,2,2,2860,2862,0.07
January 31 2018,Fulton,GA,Passenger,1,0,1,108,109,0.92
November 30 2021,Hamilton,IN,Passenger,2,0,2,33,35,5.71
August 31 2020,Howard,IN,Passenger,0,1,1,3,4,25.00
January 31 2019,Gwinnett,GA,Passenger,0,1,1,77,78,1.28
October 31 2022,DuPage,IL,Passenger,2,1,3,43,46,6.52
April 30 2018,Nueces,TX,Passenger,1,1,2,94,96,2.08
June 30 2019,Bergen,NJ,Passenger,1,0,1,28,29,3.45
November 30 2018,Washtenaw,MI,Passenger,1,0,1,39,40,2.50
December 31 2022,Wahkiakum,WA,Truck,1,0,1,1786,1787,0.06
December 31 2018,Benton,WA,Passenger,226,234,460,132901,133361,0.34
May 31 2019,St. Clair,IL,Passenger,0,1,1,162,163,0.61
April 30 2023,Douglas,WA,Passenger,190,59,249,28646,28895,0.86
September 30 2019,Lake,IL,Passenger,1,0,1,174,175,0.57
March 31 2021,Riverside,CA,Passenger,5,1,6,593,599,1.00
January 31 2020,Washtenaw,MI,Passenger,1,0,1,40,41,2.44
July 31 2023,Galveston,TX,Passenger,0,1,1,14,15,6.67
December 31 2017,Cowlitz,WA,Passenger,54,67,121,70746,70867,0.17
November 30 2021,Asotin,WA,Passenger,21,17,38,12739,12777,0.30
November 30 2017,Lincoln,WA,Passenger,2,5,7,7552,7559,0.09
March 31 2020,Honolulu,HI,Passenger,4,2,6,487,493,1.22
May 31 2020,Duval,FL,Passenger,0,2,2,363,365,0.55
February 28 2023,Loudoun,VA,Passenger,3,1,4,60,64,6.25
March 31 2023,St. Louis,MO,Passenger,1,0,1,60,61,1.64
March 31 2022,Montgomery,AL,Passenger,0,1,1,38,39,2.56
February 28 2022,Marion,IA,Passenger,1,0,1,0,1,100.00
February 29 2020,Skamania,WA,Passenger,28,19,47,8765,8812,0.53
November 30 2020,Douglas,WA,Truck,0,0,0,12446,12446,0.00
November 30 2021,Richland,SC,Passenger,0,2,2,138,140,1.43
January 31 2019,Hardin,KY,Passenger,0,1,1,100,101,0.99
April 30 2019,Cook,IL,Passenger,1,0,1,249,250,0.40
October 31 2018,Howard,MD,Passenger,0,1,1,91,92,1.09
September 30 2021,Boone,MO,Passenger,0,1,1,11,12,8.33
September 30 2022,Thurston,WA,Truck,21,0,21,54958,54979,0.04
March 31 2017,Franklin,WA,Truck,0,0,0,17956,17956,0.00
January 31 2020,Island,WA,Passenger,392,258,650,63525,64175,1.01
January 31 2020,Pacific,WA,Passenger,30,31,61,16089,16150,0.38
August 31 2021,Lake,IN,Passenger,0,1,1,11,12,8.33
June 30 2022,Meade,KY,Passenger,1,0,1,24,25,4.00
August 31 2020,Bradley,TN,Passenger,1,0,1,1,2,50.00
April 30 2022,Sevier,AR,Passenger,0,1,1,0,1,100.00
November 30 2023,Franklin,WA,Passenger,376,158,534,62275,62809,0.85
March 31 2023,Chesapeake,VA,Passenger,3,2,5,318,323,1.55
September 30 2023,San Bernardino,CA,Passenger,3,1,4,286,290,1.38
December 31 2020,Putnam,TN,Passenger,0,1,1,3,4,25.00
August 31 2018,Queens,NY,Passenger,1,0,1,62,63,1.59
April 30 2023,Lincoln,WA,Truck,0,0,0,4836,4836,0.00
May 31 2022,Suffolk,MA,Passenger,0,1,1,22,23,4.35
December 31 2022,Chesapeake,VA,Passenger,3,2,5,328,333,1.50
April 30 2023,Island,WA,Truck,28,0,28,21013,21041,0.13
August 31 2017,Nassau,NY,Passenger,1,1,2,41,43,4.65
April 30 2021,Snohomish,WA,Passenger,5585,1965,7550,540209,547759,1.38
June 30 2020,Tarrant,TX,Passenger,1,0,1,175,176,0.57
June 30 2021,Island,WA,Truck,0,0,0,21588,21588,0.00
November 30 2019,Mason,WA,Truck,0,0,0,20500,20500,0.00
January 31 2024,Solano,CA,Passenger,5,0,5,130,135,3.70
January 31 2022,Norfolk,MA,Passenger,1,0,1,26,27,3.70
January 31 2024,Washoe,NV,Passenger,2,0,2,48,50,4.00
September 30 2021,Spokane,WA,Truck,0,0,0,102506,102506,0.00
September 30 2019,Benton,WA,Truck,0,0,0,42230,42230,0.00
August 31 2017,Mercer,NJ,Passenger,0,1,1,19,20,5.00
December 31 2017,Chelan,WA,Passenger,86,38,124,53030,53154,0.23
August 31 2021,Pima,AZ,Passenger,1,1,2,291,293,0.68
October 31 2018,Lincoln,WA,Truck,0,0,0,4607,4607,0.00
July 31 2021,Monterey,CA,Passenger,0,3,3,157,160,1.88
July 31 2020,New Haven,CT,Passenger,0,2,2,35,37,5.41
March 31 2021,Solano,CA,Passenger,1,0,1,199,200,0.50
May 31 2022,Montgomery,TX,Passenger,1,0,1,38,39,2.56
May 31 2017,King,WA,Truck,8,1,9,188242,188251,0.00
December 31 2020,Pend Oreille,WA,Passenger,12,4,16,9165,9181,0.17
January 31 2022,Pima,AZ,Passenger,1,1,2,276,278,0.72
January 31 2022,Ulster,NY,Passenger,1,0,1,14,15,6.67
June 30 2020,Juneau,AK,Passenger,0,2,2,29,31,6.45
November 30 2019,Collin,TX,Passenger,2,1,3,146,149,2.01
April 30 2022,Portsmouth,VA,Passenger,0,1,1,77,78,1.28
January 31 2020,Deschutes,OR,Passenger,4,0,4,155,159,2.52
December 31 2023,Douglas,NE,Passenger,0,1,1,24,25,4.00
February 29 2024,Columbia,WA,Truck,0,0,0,1543,1543,0.00
April 30 2021,Allen,IN,Passenger,1,0,1,19,20,5.00
April 30 2017,Cowlitz,WA,Truck,0,0,0,27852,27852,0.00
May 31 2020,Kittitas,WA,Truck,0,0,0,14556,14556,0.00
June 30 2020,Polk,FL,Passenger,1,0,1,73,74,1.35
June 30 2022,Juneau,AK,Passenger,0,1,1,31,32,3.12
September 30 2019,Owyhee,ID,Passenger,1,0,1,4,5,20.00
November 30 2017,Allegheny,PA,Passenger,1,0,1,92,93,1.08
August 31 2021,Camden,NJ,Passenger,0,1,1,15,16,6.25
August 31 2023,Wayne,MI,Passenger,0,1,1,40,41,2.44
May 31 2019,Snohomish,WA,Truck,1,0,1,122055,122056,0.00
September 30 2018,Okanogan,WA,Truck,0,0,0,16499,16499,0.00
June 30 2017,Walla Walla,WA,Passenger,25,26,51,34843,34894,0.15
June 30 2023,Loudoun,VA,Passenger,2,1,3,59,62,4.84
December 31 2020,Harnett,NC,Passenger,1,0,1,198,199,0.50
February 28 2022,Kern,CA,Passenger,0,1,1,203,204,0.49
July 31 2023,Norfolk,MA,Passenger,1,0,1,19,20,5.00
March 31 2018,Clallam,WA,Passenger,119,104,223,49509,49732,0.45
July 31 2019,Klamath,OR,Passenger,1,0,1,40,41,2.44
January 31 2020,St. Mary's,MD,Passenger,1,0,1,211,212,0.47
July 31 2023,Sonoma,CA,Passenger,3,1,4,64,68,5.88
January 31 2018,DeKalb,IN,Passenger,1,0,1,1,2,50.00
February 28 2021,Adams,WA,Passenger,10,6,16,12969,12985,0.12
June 30 2021,Collier,FL,Passenger,1,0,1,23,24,4.17
September 30 2021,Richmond,NY,Passenger,1,0,1,6,7,14.29
January 31 2022,Klickitat,WA,Truck,0,0,0,8326,8326,0.00
January 31 2023,Sonoma,CA,Passenger,2,1,3,77,80,3.75
June 30 2022,Houston,GA,Passenger,1,0,1,33,34,2.94
June 30 2020,Maui,HI,Passenger,2,0,2,35,37,5.41
September 30 2020,Multnomah,OR,Passenger,4,6,10,721,731,1.37
September 30 2021,Contra Costa,CA,Passenger,2,4,6,258,264,2.27
July 31 2021,Asotin,WA,Truck,0,0,0,6762,6762,0.00
January 31 2022,Fairfax,VA,Passenger,4,3,7,680,687,1.02
August 31 2023,Pinal,AZ,Passenger,0,1,1,84,85,1.18
May 31 2022,Randolph,NC,Passenger,1,0,1,6,7,14.29
April 30 2018,,,Passenger,4,2,6,440,446,1.35
July 31 2019,Pinellas,FL,Passenger,1,0,1,119,120,0.83
May 31 2022,Arlington,VA,Passenger,1,0,1,132,133,0.75
July 31 2018,Garfield,WA,Truck,0,0,0,954,954,0.00
November 30 2017,Tulare,CA,Passenger,1,0,1,190,191,0.52
January 31 2017,Honolulu,HI,Passenger,4,2,6,671,677,0.89
November 30 2020,Collin,TX,Passenger,2,1,3,131,134,2.24
June 30 2019,Sacramento,CA,Passenger,0,1,1,308,309,0.32
January 31 2023,Virginia Beach,VA,Truck,1,0,1,112,113,0.88
December 31 2017,Clallam,WA,Truck,0,0,0,21220,21220,0.00
November 30 2020,Kitsap,WA,Truck,0,0,0,54266,54266,0.00
May 31 2020,Pend Oreille,WA,Truck,0,0,0,5740,5740,0.00
August 31 2021,Asotin,WA,Truck,0,0,0,6749,6749,0.00
May 31 2019,Howard,MD,Passenger,0,1,1,83,84,1.19
February 29 2020,Rogers,OK,Passenger,1,0,1,7,8,12.50
May 31 2021,Carroll,NH,Passenger,0,1,1,5,6,16.67
August 31 2021,Island,WA,Passenger,645,318,963,63092,64055,1.50
September 30 2021,Asotin,WA,Passenger,20,17,37,12724,12761,0.29
May 31 2021,New London,CT,Passenger,1,1,2,223,225,0.89
March 31 2018,Norfolk,VA,Passenger,1,2,3,328,331,0.91
December 31 2023,Pacific,WA,Truck,6,0,6,7821,7827,0.08
August 31 2018,Cowlitz,WA,Truck,0,0,0,28606,28606,0.00
September 30 2022,Asotin,WA,Truck,0,0,0,6691,6691,0.00
November 30 2023,Lincoln,WA,Truck,0,0,0,4780,4780,0.00
June 30 2018,Okanogan,WA,Passenger,9,19,28,25945,25973,0.11
June 30 2017,Juneau,AK,Passenger,0,1,1,46,47,2.13
January 31 2020,Pinellas,FL,Passenger,1,1,2,118,120,1.67
April 30 2024,Rockdale,GA,Passenger,1,0,1,4,5,20.00
October 31 2020,Rogers,OK,Passenger,1,0,1,5,6,16.67
April 30 2019,Los Angeles,CA,Passenger,6,5,11,1122,1133,0.97
November 30 2018,St. Clair,IL,Passenger,0,1,1,166,167,0.60
April 30 2017,Pierce,WA,Truck,0,0,0,137786,137786,0.00
November 30 2018,Wahkiakum,WA,Passenger,1,1,2,2982,2984,0.07
May 31 2018,Pinal,AZ,Passenger,2,0,2,212,214,0.93
February 28 2021,Ventura,CA,Passenger,1,2,3,281,284,1.06
April 30 2022,San Diego,CA,Passenger,16,6,22,2475,2497,0.88
July 31 2020,Saginaw,MI,Passenger,1,0,1,12,13,7.69
February 28 2022,Owyhee,ID,Passenger,1,0,1,2,3,33.33
January 31 2020,Wahkiakum,WA,Truck,0,0,0,1758,1758,0.00
October 31 2020,Richland,SC,Passenger,0,1,1,147,148,0.68
May 31 2023,Harford,MD,Passenger,1,1,2,40,42,4.76
March 31 2022,Yavapai,AZ,Passenger,0,1,1,33,34,2.94
February 29 2020,Valencia,NM,Passenger,1,0,1,7,8,12.50
October 31 2020,El Paso,TX,Passenger,3,0,3,419,422,0.71
June 30 2020,Klamath,OR,Passenger,1,0,1,34,35,2.86
July 31 2020,Suffolk,MA,Passenger,0,2,2,38,40,5.00
November 30 2022,Sacramento,CA,Passenger,2,1,3,213,216,1.39
February 28 2019,Suffolk,MA,Passenger,0,1,1,42,43,2.33
May 31 2022,Newport,RI,Passenger,0,1,1,75,76,1.32
January 31 2020,Houston,GA,Passenger,1,0,1,61,62,1.61
May 31 2020,Santa Cruz,CA,Passenger,1,0,1,38,39,2.56
June 30 2018,St. Lucie,FL,Passenger,1,0,1,27,28,3.57
January 31 2021,Jones,GA,Passenger,1,0,1,1,2,50.00
March 31 2023,Jefferson,WA,Passenger,524,246,770,24283,25053,3.07
February 29 2020,Deschutes,OR,Passenger,4,0,4,150,154,2.60
June 30 2022,Muscogee,GA,Passenger,0,1,1,125,126,0.79
March 31 2017,Collin,TX,Passenger,0,1,1,153,154,0.65
June 30 2017,Wayne,MI,Passenger,0,1,1,72,73,1.37
March 31 2022,Philadelphia,PA,Passenger,1,0,1,42,43,2.33
December 31 2019,Benton,WA,Truck,0,0,0,42488,42488,0.00
March 31 2020,Skamania,WA,Truck,0,0,0,4079,4079,0.00
February 28 2022,Lincoln,WA,Passenger,7,17,24,7681,7705,0.31
October 31 2020,Fulton,GA,Passenger,1,3,4,97,101,3.96
November 30 2017,Flathead,MT,Passenger,1,0,1,58,59,1.69
February 28 2019,King,WA,Truck,6,1,7,181985,181992,0.00
January 31 2022,Stevens,WA,Truck,0,0,0,18921,18921,0.00
October 31 2019,Snohomish,WA,Passenger,3898,1682,5580,534975,540555,1.03
June 30 2020,Kitsap,WA,Passenger,1330,686,2016,179731,181747,1.11
March 31 2022,San Juan,WA,Truck,1,0,1,5993,5994,0.02
March 31 2019,Franklin,WA,Passenger,52,67,119,59360,59479,0.20
August 31 2023,Autauga,AL,Passenger,2,0,2,10,12,16.67
August 31 2018,Hamilton,IN,Passenger,1,0,1,46,47,2.13
July 31 2023,Harnett,NC,Passenger,4,0,4,138,142,2.82
March 31 2024,Wilson,TX,Passenger,0,1,1,3,4,25.00
January 31 2021,Benton,WA,Truck,0,0,0,43326,43326,0.00
July 31 2023,Collin,TX,Passenger,3,0,3,48,51,5.88
March 31 2017,Santa Fe,NM,Passenger,0,1,1,45,46,2.17
December 31 2021,Houston,GA,Passenger,1,0,1,45,46,2.17
November 30 2022,King,WA,Truck,337,2,339,178787,179126,0.19
July 31 2019,San Diego,CA,Passenger,11,2,13,2732,2745,0.47
February 28 2021,San Joaquin,CA,Passenger,1,0,1,115,116,0.86
February 29 2024,Boulder,CO,Passenger,1,0,1,20,21,4.76
September 30 2019,Virginia Beach,VA,Passenger,1,0,1,699,700,0.14
December 31 2017,Santa Fe,NM,Passenger,0,1,1,43,44,2.27
October 31 2023,Sedgwick,KS,Passenger,1,0,1,48,49,2.04
October 31 2022,Ulster,NY,Passenger,1,0,1,9,10,10.00
November 30 2020,Salt Lake,UT,Passenger,0,1,1,189,190,0.53
February 28 2017,Portsmouth,VA,Passenger,0,1,1,64,65,1.54
October 31 2021,Travis,TX,Passenger,5,3,8,149,157,5.10
January 31 2017,St. Mary's,MD,Passenger,0,1,1,204,205,0.49
September 30 2021,Bartow,GA,Passenger,0,1,1,5,6,16.67
February 29 2024,Bartow,GA,Passenger,0,1,1,3,4,25.00
September 30 2018,Thurston,WA,Truck,0,0,0,54638,54638,0.00
March 31 2019,Mason,WA,Truck,0,0,0,20267,20267,0.00
October 31 2021,Thurston,WA,Truck,0,0,0,56129,56129,0.00
June 30 2019,El Paso,TX,Passenger,3,0,3,479,482,0.62
March 31 2021,Rockingham,NH,Passenger,1,0,1,23,24,4.17
September 30 2021,Columbia,OR,Passenger,1,0,1,21,22,4.55
February 28 2019,Kent,MI,Passenger,0,1,1,24,25,4.00
August 31 2019,Benton,WA,Truck,0,0,0,42176,42176,0.00
June 30 2020,Snohomish,WA,Passenger,4435,1764,6199,534384,540583,1.15
October 31 2018,Clackamas,OR,Passenger,0,1,1,215,216,0.46
December 31 2022,Onslow,NC,Passenger,0,1,1,160,161,0.62
November 30 2019,Randolph,NC,Passenger,1,0,1,7,8,12.50
July 31 2020,Montgomery,PA,Passenger,1,0,1,31,32,3.12
August 31 2018,Clackamas,OR,Passenger,0,1,1,220,221,0.45
May 31 2021,Fulton,GA,Passenger,0,1,1,89,90,1.11
May 31 2023,Arlington,VA,Passenger,1,0,1,110,111,0.90
March 31 2021,Bucks,PA,Passenger,1,0,1,21,22,4.55
November 30 2022,Santa Cruz,CA,Passenger,1,0,1,26,27,3.70
December 31 2021,Yakima,WA,Truck,0,0,0,61767,61767,0.00
August 31 2023,Stevens,WA,Passenger,124,70,194,29607,29801,0.65
July 31 2022,Los Angeles,CA,Passenger,6,8,14,812,826,1.69
April 30 2021,Anne Arundel,MD,Passenger,3,1,4,392,396,1.01
April 30 2019,Kern,CA,Passenger,0,1,1,229,230,0.43
May 31 2019,Larimer,CO,Passenger,1,0,1,58,59,1.69
April 30 2021,Hudson,NJ,Passenger,1,0,1,44,45,2.22
December 31 2023,Spokane,WA,Passenger,2864,1407,4271,322077,326348,1.31
July 31 2019,Norfolk,VA,Passenger,2,2,4,351,355,1.13
November 30 2020,Kings,NY,Passenger,1,0,1,67,68,1.47
November 30 2020,Hudson,NJ,Passenger,1,0,1,40,41,2.44
March 31 2018,Pacific,WA,Passenger,15,18,33,15455,15488,0.21
March 31 2024,District of Columbia,DC,Passenger,3,0,3,136,139,2.16
July 31 2021,Wichita,TX,Passenger,1,0,1,43,44,2.27
March 31 2018,Klickitat,WA,Truck,0,0,0,8039,8039,0.00
August 31 2023,Sedgwick,KS,Passenger,1,0,1,52,53,1.89
July 31 2020,Placer,CA,Passenger,2,0,2,92,94,2.13
January 31 2024,Onslow,NC,Passenger,0,1,1,122,123,0.81
August 31 2019,Howard,MD,Passenger,0,1,1,81,82,1.22
February 29 2020,Suffolk,MA,Passenger,0,1,1,39,40,2.50
July 31 2023,Harris,TX,Passenger,2,1,3,149,152,1.97
July 31 2023,Mercer,NJ,Passenger,0,1,1,13,14,7.14
May 31 2020,Palm Beach,FL,Passenger,0,2,2,82,84,2.38
July 31 2018,Adams,WA,Truck,0,0,0,5159,5159,0.00
December 31 2022,Pulaski,AR,Passenger,3,0,3,27,30,10.00
October 31 2018,Madison,ID,Passenger,1,0,1,37,38,2.63
March 31 2022,King,WA,Truck,25,1,26,181916,181942,0.01
January 31 2023,Pierce,WA,Truck,97,0,97,139029,139126,0.07
December 31 2019,Kitsap,WA,Truck,1,0,1,54433,54434,0.00
April 30 2023,Thurston,WA,Passenger,2911,1193,4104,190470,194574,2.11
May 31 2023,Hennepin,MN,Passenger,1,0,1,42,43,2.33
July 31 2020,Stevens,WA,Passenger,38,35,73,30611,30684,0.24
July 31 2019,Jefferson,WA,Passenger,202,118,320,25060,25380,1.26
October 31 2017,Lincoln,WA,Truck,0,0,0,4491,4491,0.00
January 31 2018,Lincoln,WA,Truck,0,0,0,4504,4504,0.00
April 30 2020,Harnett,NC,Passenger,1,0,1,211,212,0.47
February 28 2022,Oldham,KY,Passenger,0,1,1,4,5,20.00
December 31 2021,Clackamas,OR,Passenger,2,0,2,172,174,1.15
September 30 2017,Skagit,WA,Passenger,148,120,268,88641,88909,0.30
May 31 2023,Snohomish,WA,Passenger,12185,2990,15175,528162,543337,2.79
September 30 2021,Kitsap,WA,Truck,0,0,0,54267,54267,0.00
May 31 2020,Douglas,NE,Passenger,0,1,1,56,57,1.75
May 31 2018,Sumter,FL,Passenger,0,1,1,9,10,10.00
May 31 2019,Lumpkin,GA,Passenger,1,0,1,4,5,20.00
December 31 2019,Richland,SC,Passenger,0,1,1,157,158,0.63
October 31 2017,King,WA,Passenger,10937,4481,15418,1371833,1387251,1.11
January 31 2017,Spokane,WA,Passenger,221,196,417,295983,296400,0.14
August 31 2018,Island,WA,Passenger,216,205,421,62696,63117,0.67
February 29 2020,San Juan,WA,Passenger,279,82,361,14322,14683,2.46
June 30 2017,Riverside,CA,Passenger,1,1,2,815,817,0.24
December 31 2021,Contra Costa,CA,Passenger,1,4,5,253,258,1.94
September 30 2018,Dallas,TX,Passenger,0,1,1,204,205,0.49
November 30 2019,Harford,MD,Passenger,0,1,1,60,61,1.64
March 31 2017,Nassau,NY,Passenger,0,1,1,41,42,2.38
August 31 2020,Lake,FL,Passenger,1,0,1,24,25,4.00
July 31 2019,Mecklenburg,NC,Passenger,1,0,1,91,92,1.09
October 31 2017,Contra Costa,CA,Passenger,0,1,1,482,483,0.21
February 28 2022,El Paso,TX,Passenger,2,0,2,373,375,0.53
December 31 2020,Harrison,MS,Passenger,2,0,2,55,57,3.51
July 31 2018,Jefferson,CO,Passenger,0,1,1,62,63,1.59
August 31 2023,Middlesex,NJ,Passenger,1,0,1,18,19,5.26
February 29 2024,Stevens,WA,Truck,3,0,3,18514,18517,0.02
October 31 2021,Fairbanks North Star,AK,Passenger,0,1,1,83,84,1.19
March 31 2017,Manatee,FL,Passenger,1,0,1,52,53,1.89
October 31 2023,Allen,IN,Passenger,1,0,1,11,12,8.33
June 30 2023,Jefferson,NY,Passenger,2,0,2,192,194,1.03
June 30 2019,Norfolk,MA,Passenger,1,0,1,39,40,2.50
April 30 2023,Sedgwick,KS,Passenger,1,0,1,59,60,1.67
February 28 2017,Durham,NC,Passenger,0,1,1,38,39,2.56
March 31 2022,Howard,IN,Passenger,0,1,1,6,7,14.29
February 28 2019,Montgomery,AL,Passenger,0,1,1,45,46,2.17
September 30 2023,Richmond,NY,Passenger,1,0,1,4,5,20.00
September 30 2021,Clallam,WA,Passenger,359,229,588,50541,51129,1.15
November 30 2023,Klickitat,WA,Truck,13,0,13,8209,8222,0.16
September 30 2017,Whatcom,WA,Truck,2,0,2,41837,41839,0.00
June 30 2018,Klickitat,WA,Truck,0,0,0,8112,8112,0.00
June 30 2023,Lane,OR,Passenger,0,2,2,75,77,2.60
July 31 2020,Camden,NJ,Passenger,0,1,1,23,24,4.17
March 31 2024,Houston,GA,Passenger,1,0,1,25,26,3.85
April 30 2021,Sarasota,FL,Passenger,2,0,2,36,38,5.26
April 30 2020,Ventura,CA,Passenger,0,2,2,299,301,0.66
September 30 2021,Chelan,WA,Truck,0,0,0,23091,23091,0.00
October 31 2022,Monterey,CA,Passenger,0,3,3,143,146,2.05
January 31 2021,Ventura,CA,Passenger,1,2,3,282,285,1.05
July 31 2023,Adams,WA,Truck,3,0,3,5353,5356,0.06
January 31 2017,Hamilton,TN,Passenger,1,0,1,28,29,3.45
September 30 2022,Whitman,WA,Passenger,96,64,160,21918,22078,0.72
December 31 2019,Fulton,GA,Passenger,0,3,3,109,112,2.68
June 30 2022,Lane,OR,Passenger,0,2,2,100,102,1.96
December 31 2023,Clark,NV,Passenger,7,2,9,358,367,2.45
August 31 2021,Columbia,OR,Passenger,1,0,1,20,21,4.76
April 30 2022,Wichita,TX,Passenger,1,0,1,43,44,2.27
January 31 2022,Williams,ND,Passenger,0,1,1,8,9,11.11
January 31 2019,San Juan,PR,Passenger,0,1,1,5,6,16.67
September 30 2020,DeKalb,IN,Passenger,1,0,1,1,2,50.00
December 31 2022,Alameda,CA,Passenger,4,1,5,184,189,2.65
January 31 2019,Douglas,WA,Truck,0,0,0,12171,12171,0.00
September 30 2017,Northampton,PA,Passenger,0,1,1,83,84,1.19
June 30 2021,Carroll,NH,Passenger,0,1,1,5,6,16.67
November 30 2021,Miami-Dade,FL,Passenger,1,0,1,96,97,1.03
October 31 2020,Contra Costa,CA,Passenger,4,3,7,285,292,2.40
August 31 2018,Lane,OR,Passenger,0,1,1,183,184,0.54
May 31 2023,Virginia Beach,VA,Passenger,4,1,5,450,455,1.10
August 31 2019,Travis,TX,Passenger,4,1,5,215,220,2.27
April 30 2018,Santa Fe,NM,Passenger,0,1,1,41,42,2.38
August 31 2019,Valencia,NM,Passenger,1,0,1,8,9,11.11
July 31 2020,DeKalb,IN,Passenger,1,0,1,1,2,50.00
August 31 2017,Whatcom,WA,Passenger,482,182,664,143533,144197,0.46
April 30 2020,Stevens,WA,Passenger,34,33,67,30953,31020,0.22
December 31 2018,Whatcom,WA,Truck,2,0,2,42661,42663,0.00
March 31 2017,Chelan,WA,Passenger,55,30,85,51682,51767,0.16
November 30 2022,Lincoln,WA,Passenger,12,19,31,7756,7787,0.40
November 30 2021,Kern,CA,Passenger,0,1,1,203,204,0.49
March 31 2017,Tarrant,TX,Passenger,0,2,2,291,293,0.68
January 31 2023,DeKalb,GA,Passenger,1,0,1,45,46,2.17
October 31 2019,Norfolk,MA,Passenger,1,0,1,38,39,2.56
December 31 2022,Yavapai,AZ,Passenger,0,1,1,22,23,4.35
March 31 2024,St. Lawrence,NY,Passenger,1,0,1,1,2,50.00
November 30 2023,Kittitas,WA,Truck,18,0,18,14581,14599,0.12
April 30 2017,Skamania,WA,Truck,0,0,0,3873,3873,0.00
December 31 2019,Whitman,WA,Truck,0,0,0,8578,8578,0.00
June 30 2021,Pima,AZ,Passenger,2,1,3,302,305,0.98
May 31 2020,Calvert,MD,Passenger,0,2,2,89,91,2.20
August 31 2017,Palm Beach,FL,Passenger,0,2,2,98,100,2.00
November 30 2018,Sacramento,CA,Passenger,0,1,1,317,318,0.31
July 31 2022,Alexandria,VA,Passenger,4,0,4,107,111,3.60
July 31 2023,Otero,NM,Passenger,0,1,1,25,26,3.85
February 28 2018,San Mateo,CA,Passenger,0,1,1,140,141,0.71
June 30 2022,Sonoma,CA,Passenger,0,1,1,89,90,1.11
July 31 2022,Boulder,CO,Passenger,2,0,2,45,47,4.26
September 30 2020,Franklin,WA,Truck,0,0,0,20283,20283,0.00
June 30 2020,Douglas,WA,Truck,0,0,0,12304,12304,0.00
September 30 2022,Skamania,WA,Truck,0,0,0,3903,3903,0.00
May 31 2022,Walla Walla,WA,Passenger,171,96,267,35951,36218,0.74
December 31 2023,Essex,MA,Passenger,1,0,1,11,12,8.33
July 31 2017,Skamania,WA,Passenger,9,7,16,8549,8565,0.19
January 31 2020,Placer,CA,Passenger,1,0,1,100,101,0.99
January 31 2020,Harnett,NC,Passenger,1,1,2,214,216,0.93
February 28 2023,Madison,IL,Passenger,2,0,2,16,18,11.11
January 31 2024,Monterey,CA,Truck,1,0,1,26,27,3.70
August 31 2022,Asotin,WA,Truck,0,0,0,6679,6679,0.00
October 31 2023,Loudoun,VA,Passenger,2,1,3,58,61,4.92
August 31 2020,Prince William,VA,Passenger,2,3,5,226,231,2.16
December 31 2019,Garfield,WA,Passenger,0,1,1,1305,1306,0.08
June 30 2017,Pacific,WA,Truck,0,0,0,7468,7468,0.00
February 29 2024,Santa Cruz,CA,Passenger,1,0,1,17,18,5.56
October 31 2023,Burlington,NJ,Passenger,2,2,4,84,88,4.55
June 30 2021,Wilson,NC,Passenger,1,0,1,0,1,100.00
January 31 2018,Stevens,WA,Passenger,10,22,32,31595,31627,0.10
March 31 2021,Maricopa,AZ,Passenger,5,7,12,1367,1379,0.87
February 28 2022,Juneau,AK,Passenger,0,1,1,31,32,3.12
October 31 2019,San Juan,WA,Truck,0,0,0,5921,5921,0.00
April 30 2020,Deschutes,OR,Passenger,4,0,4,150,154,2.60
February 28 2018,Douglas,WA,Truck,0,0,0,11812,11812,0.00
March 31 2019,Hawaii,HI,Passenger,1,0,1,66,67,1.49
September 30 2019,RÃ­o Grande,PR,Passenger,1,0,1,1,2,50.00
January 31 2021,Owyhee,ID,Passenger,1,0,1,3,4,25.00
July 31 2018,Sedgwick,KS,Passenger,0,1,1,101,102,0.98
April 30 2019,Asotin,WA,Truck,0,0,0,6627,6627,0.00
June 30 2017,Nantucket,MA,Passenger,1,0,1,3,4,25.00
May 31 2018,Latah,ID,Passenger,0,1,1,80,81,1.23
March 31 2020,Solano,CA,Passenger,1,0,1,215,216,0.46
March 31 2023,Washoe,NV,Passenger,2,0,2,58,60,3.33
July 31 2019,Dakota,MN,Passenger,0,1,1,35,36,2.78
June 30 2018,Montgomery,PA,Passenger,2,0,2,34,36,5.56
April 30 2019,Berkshire,MA,Passenger,0,1,1,4,5,20.00
May 31 2022,Las Animas,CO,Passenger,1,0,1,1,2,50.00
December 31 2019,Carroll,NH,Passenger,0,1,1,4,5,20.00
May 31 2018,Yakima,WA,Truck,0,0,0,58328,58328,0.00
September 30 2019,Clark,WA,Truck,0,0,0,80951,80951,0.00
February 28 2019,Columbia,WA,Passenger,2,2,4,2431,2435,0.16
May 31 2017,Wayne,MI,Passenger,0,1,1,71,72,1.39
May 31 2023,Brown,WI,Passenger,1,0,1,7,8,12.50
March 31 2017,Bergen,NJ,Passenger,0,2,2,33,35,5.71
June 30 2020,Rogers,OK,Passenger,1,0,1,6,7,14.29
July 31 2023,Thurston,WA,Truck,64,0,64,53910,53974,0.12
September 30 2017,Grays Harbor,WA,Passenger,38,38,76,45124,45200,0.17
March 31 2023,Middlesex,MA,Passenger,2,0,2,79,81,2.47
December 31 2018,Randolph,NC,Passenger,1,0,1,6,7,14.29
December 31 2022,Polk,OR,Passenger,1,1,2,20,22,9.09
July 31 2020,Lee,FL,Passenger,1,0,1,50,51,1.96
June 30 2019,Santa Rosa,FL,Passenger,1,0,1,92,93,1.08
May 31 2022,Orange,NC,Passenger,0,1,1,10,11,9.09
May 31 2021,San Juan,WA,Truck,0,0,0,5922,5922,0.00
April 30 2019,Franklin,WA,Passenger,53,66,119,59459,59578,0.20
January 31 2019,Anne Arundel,MD,Passenger,0,1,1,449,450,0.22
December 31 2020,Philadelphia,PA,Passenger,1,0,1,63,64,1.56
May 31 2018,Fairfax,VA,Passenger,3,2,5,838,843,0.59
March 31 2021,Harris,TX,Passenger,1,1,2,238,240,0.83
April 30 2022,Washington,MD,Passenger,2,0,2,12,14,14.29
May 31 2018,Clark,WA,Passenger,963,696,1659,307113,308772,0.54
September 30 2022,Stevens,WA,Passenger,82,56,138,30014,30152,0.46
November 30 2021,Skamania,WA,Passenger,57,40,97,8329,8426,1.15
May 31 2018,Cook,IL,Passenger,1,0,1,272,273,0.37
May 31 2023,El Paso,CO,Passenger,2,1,3,525,528,0.57
November 30 2019,San Juan,WA,Truck,0,0,0,5926,5926,0.00
December 31 2023,Orange,CA,Truck,1,0,1,60,61,1.64
January 31 2019,Montgomery,PA,Passenger,2,0,2,36,38,5.26
February 28 2023,Napa,CA,Passenger,0,1,1,12,13,7.69
June 30 2022,Wood,OH,Passenger,0,1,1,6,7,14.29
February 28 2019,Eagle,CO,Passenger,1,0,1,5,6,16.67
October 31 2017,Stevens,WA,Truck,0,0,0,18300,18300,0.00
September 30 2023,Columbia,WA,Truck,0,0,0,1551,1551,0.00
March 31 2022,Onslow,NC,Passenger,0,1,1,170,171,0.58
April 30 2020,Hamilton,IN,Passenger,1,0,1,43,44,2.27
March 31 2022,Carroll,NH,Passenger,0,1,1,5,6,16.67
November 30 2020,Monroe,IL,Passenger,1,0,1,2,3,33.33
May 31 2020,Douglas,WA,Passenger,69,40,109,27959,28068,0.39
December 31 2021,Okanogan,WA,Truck,0,0,0,16673,16673,0.00
April 30 2024,Los Angeles,CA,Passenger,5,3,8,495,503,1.59
October 31 2021,Kootenai,ID,Passenger,0,1,1,194,195,0.51
January 31 2024,New York,NY,Passenger,1,0,1,30,31,3.23
October 31 2023,Maui,HI,Passenger,1,0,1,20,21,4.76
March 31 2018,Polk,FL,Passenger,1,0,1,65,66,1.52
March 31 2024,Jefferson,WA,Passenger,682,290,972,23722,24694,3.94
October 31 2023,Ferry,WA,Passenger,23,4,27,4300,4327,0.62
March 31 2024,Oldham,KY,Passenger,0,1,1,2,3,33.33
November 30 2017,Chelan,WA,Passenger,83,36,119,52837,52956,0.22
May 31 2018,Pacific,WA,Passenger,16,19,35,15543,15578,0.22
January 31 2020,Klickitat,WA,Truck,0,0,0,8297,8297,0.00
September 30 2021,Yamhill,OR,Passenger,1,0,1,37,38,2.63
May 31 2022,Clallam,WA,Passenger,411,244,655,49755,50410,1.30
December 31 2019,Virginia Beach,VA,Passenger,1,0,1,694,695,0.14
July 31 2019,Klickitat,WA,Truck,0,0,0,8251,8251,0.00
April 30 2022,Chelan,WA,Truck,0,0,0,23050,23050,0.00
September 30 2021,St. Mary's,MD,Passenger,1,0,1,207,208,0.48
November 30 2021,New London,CT,Passenger,1,3,4,214,218,1.83
November 30 2018,Sedgwick,KS,Passenger,0,1,1,102,103,0.97
April 30 2020,Grays Harbor,WA,Passenger,106,110,216,48061,48277,0.45
April 30 2022,DeKalb,GA,Passenger,1,0,1,54,55,1.82
February 28 2018,New London,CT,Passenger,1,0,1,247,248,0.40
February 28 2023,Polk,OR,Passenger,1,1,2,18,20,10.00
June 30 2017,Sumter,FL,Passenger,0,1,1,10,11,9.09
September 30 2018,Whitman,WA,Passenger,20,32,52,22680,22732,0.23
March 31 2022,Denton,TX,Passenger,2,0,2,69,71,2.82
January 31 2019,Jefferson,WA,Truck,0,0,0,9614,9614,0.00
October 31 2021,Sonoma,CA,Passenger,0,1,1,93,94,1.06
January 31 2024,Polk,OR,Passenger,1,1,2,11,13,15.38
July 31 2020,Bradley,TN,Passenger,1,0,1,3,4,25.00
October 31 2019,Jefferson,WA,Truck,0,0,0,9669,9669,0.00
June 30 2023,St. Louis,MO,Passenger,1,0,1,54,55,1.82
March 31 2018,Skamania,WA,Truck,0,0,0,3926,3926,0.00
May 31 2017,Pinal,AZ,Passenger,2,0,2,256,258,0.78
November 30 2023,Gwinnett,GA,Passenger,1,0,1,36,37,2.70
September 30 2018,Flathead,MT,Passenger,1,0,1,55,56,1.79
February 28 2023,Middlesex,MA,Passenger,2,0,2,80,82,2.44
January 31 2024,Meade,KY,Passenger,1,0,1,16,17,5.88
February 28 2023,Montgomery,PA,Passenger,1,0,1,22,23,4.35
April 30 2022,Clinton,PA,Passenger,1,0,1,1,2,50.00
December 31 2017,Richland,SC,Passenger,0,1,1,173,174,0.57
January 31 2019,Denver,CO,Passenger,1,0,1,134,135,0.74
June 30 2022,DuPage,IL,Passenger,3,1,4,49,53,7.55
May 31 2022,St. Louis,MO,Passenger,2,0,2,72,74,2.70
October 31 2020,Kern,CA,Passenger,0,1,1,223,224,0.45
December 31 2022,Hudson,NJ,Passenger,1,0,1,32,33,3.03
July 31 2022,Leavenworth,KS,Passenger,0,1,1,96,97,1.03
January 31 2017,San Juan,WA,Passenger,84,31,115,13347,13462,0.85
February 28 2021,Jefferson,WA,Passenger,295,168,463,24779,25242,1.83
December 31 2020,King,WA,Truck,6,1,7,184308,184315,0.00
February 29 2024,San Juan,WA,Truck,31,0,31,5821,5852,0.53
August 31 2020,Broward,FL,Passenger,2,1,3,112,115,2.61
January 31 2024,Tooele,UT,Passenger,2,0,2,7,9,22.22
August 31 2017,Skagit,WA,Truck,1,0,1,31507,31508,0.00
May 31 2020,Skagit,WA,Passenger,400,216,616,91141,91757,0.67
August 31 2019,Orange,CA,Passenger,6,3,9,546,555,1.62
February 29 2020,Calvert,MD,Passenger,0,2,2,91,93,2.15
September 30 2023,Essex,MA,Passenger,1,0,1,11,12,8.33
September 30 2022,District of Columbia,DC,Passenger,2,0,2,162,164,1.22
March 31 2019,Bexar,TX,Passenger,2,4,6,690,696,0.86
April 30 2020,Kent,MI,Passenger,0,1,1,25,26,3.85
September 30 2021,Skamania,WA,Truck,0,0,0,4037,4037,0.00
September 30 2023,Pacific,WA,Truck,5,0,5,7831,7836,0.06
August 31 2023,Muscogee,GA,Passenger,0,1,1,96,97,1.03
December 31 2022,Lincoln,OR,Passenger,0,1,1,18,19,5.26
March 31 2020,Grays Harbor,WA,Truck,0,0,0,20781,20781,0.00
December 31 2021,Pima,AZ,Passenger,1,1,2,276,278,0.72
March 31 2022,Monterey,CA,Passenger,0,3,3,147,150,2.00
March 31 2023,Duval,FL,Passenger,1,0,1,266,267,0.37
April 30 2022,Richland,SC,Passenger,0,2,2,139,141,1.42
September 30 2021,New York,NY,Passenger,2,0,2,45,47,4.26
August 31 2017,Hamilton,IN,Passenger,1,0,1,58,59,1.69
October 31 2023,Pulaski,MO,Passenger,2,0,2,90,92,2.17
April 30 2022,Powhatan,VA,Passenger,1,0,1,2,3,33.33
May 31 2018,Spokane,WA,Passenger,324,302,626,302400,303026,0.21
May 31 2019,Island,WA,Passenger,315,235,550,63311,63861,0.86
October 31 2019,Whatcom,WA,Truck,2,0,2,43093,43095,0.00
April 30 2018,Tarrant,TX,Passenger,1,0,1,216,217,0.46
February 28 2022,Newport,RI,Passenger,0,1,1,75,76,1.32
December 31 2022,Washington,MD,Passenger,2,0,2,12,14,14.29
February 28 2021,Pennington,SD,Passenger,1,0,1,35,36,2.78
January 31 2017,Hawaii,HI,Passenger,1,0,1,93,94,1.06
May 31 2022,Collier,FL,Passenger,1,0,1,20,21,4.76
October 31 2019,Rogers,OK,Passenger,1,0,1,6,7,14.29
November 30 2022,Ulster,NY,Passenger,1,0,1,9,10,10.00
December 31 2018,Clark,WA,Passenger,1246,841,2087,311343,313430,0.67
March 31 2024,Pacific,WA,Passenger,102,100,202,15346,15548,1.30
April 30 2020,El Paso,CO,Passenger,2,0,2,734,736,0.27
May 31 2020,Monterey,CA,Passenger,0,1,1,178,179,0.56
October 31 2017,Maui,HI,Passenger,1,0,1,70,71,1.41
January 31 2022,Escambia,FL,Passenger,0,1,1,148,149,0.67
April 30 2020,Hillsborough,FL,Passenger,0,1,1,189,190,0.53
March 31 2020,Fulton,GA,Passenger,1,3,4,111,115,3.48
May 31 2022,Stafford,VA,Passenger,2,1,3,95,98,3.06
March 31 2024,Skamania,WA,Passenger,140,55,195,7770,7965,2.45
April 30 2017,San Mateo,CA,Passenger,0,1,1,158,159,0.63
September 30 2020,Solano,CA,Passenger,1,0,1,206,207,0.48
January 31 2022,New York,NY,Passenger,2,0,2,43,45,4.44
July 31 2023,Sarpy,NE,Passenger,1,0,1,58,59,1.69
December 31 2018,San Diego,CA,Passenger,9,2,11,2581,2592,0.42
January 31 2017,Kittitas,WA,Passenger,15,16,31,27154,27185,0.11
February 28 2021,Clallam,WA,Passenger,282,195,477,49979,50456,0.95
January 31 2022,Sumter,SC,Passenger,0,1,1,32,33,3.03
September 30 2019,Clackamas,OR,Passenger,2,1,3,214,217,1.38
February 29 2020,Solano,CA,Passenger,1,0,1,213,214,0.47
December 31 2022,District of Columbia,DC,Passenger,2,0,2,159,161,1.24
September 30 2021,Larimer,CO,Passenger,1,0,1,46,47,2.13
August 31 2022,Rockingham,NH,Passenger,1,0,1,16,17,5.88
December 31 2023,Marion,IA,Passenger,1,0,1,0,1,100.00
October 31 2023,Douglas,WA,Passenger,237,77,314,28788,29102,1.08
October 31 2022,Skamania,WA,Truck,0,0,0,3896,3896,0.00
November 30 2020,Klamath,OR,Passenger,1,0,1,34,35,2.86
September 30 2022,DuPage,IL,Passenger,2,1,3,46,49,6.12
January 31 2022,Honolulu,HI,Passenger,4,4,8,393,401,2.00
January 31 2023,New London,CT,Passenger,3,2,5,181,186,2.69
September 30 2018,Ferry,WA,Passenger,2,2,4,4408,4412,0.09
January 31 2019,Alexandria,VA,Passenger,1,0,1,159,160,0.62
May 31 2021,Washington,MD,Passenger,1,0,1,11,12,8.33
September 30 2019,San Juan,WA,Passenger,229,73,302,14424,14726,2.05
September 30 2018,Morris,NJ,Passenger,1,0,1,17,18,5.56
December 31 2019,Osceola,FL,Passenger,1,0,1,44,45,2.22
March 31 2019,Manatee,FL,Passenger,1,0,1,33,34,2.94
February 28 2023,Allen,IN,Passenger,1,0,1,18,19,5.26
August 31 2017,Spokane,WA,Passenger,268,220,488,297368,297856,0.16
April 30 2022,Lincoln,WA,Passenger,7,18,25,7663,7688,0.33
January 31 2018,Ferry,WA,Passenger,1,3,4,4409,4413,0.09
October 31 2023,El Paso,TX,Passenger,3,0,3,267,270,1.11
March 31 2024,Sedgwick,KS,Passenger,1,0,1,40,41,2.44
October 31 2021,Platte,MO,Passenger,1,0,1,20,21,4.76
May 31 2022,Platte,MO,Passenger,1,0,1,22,23,4.35
February 28 2022,Rockingham,NH,Passenger,1,0,1,18,19,5.26
February 28 2021,Yakima,WA,Truck,0,0,0,61135,61135,0.00
September 30 2020,Gwinnett,GA,Passenger,1,0,1,73,74,1.35
December 31 2023,Honolulu,HI,Passenger,4,2,6,246,252,2.38
June 30 2023,Kern,CA,Passenger,1,1,2,177,179,1.12
January 31 2024,Pulaski,MO,Passenger,2,0,2,84,86,2.33
March 31 2021,Lee,FL,Passenger,1,0,1,42,43,2.33
February 29 2020,Adams,WA,Truck,0,0,0,5219,5219,0.00
April 30 2023,San Juan,WA,Passenger,600,175,775,13816,14591,5.31
July 31 2021,Riverside,CA,Passenger,5,1,6,561,567,1.06
February 28 2019,Mecklenburg,NC,Passenger,1,0,1,81,82,1.22
January 31 2021,Utah,UT,Passenger,0,1,1,134,135,0.74
December 31 2019,Stevens,WA,Passenger,32,31,63,31588,31651,0.20
February 28 2019,Deschutes,OR,Passenger,3,0,3,172,175,1.71
August 31 2020,Kings,NY,Passenger,1,0,1,66,67,1.49
March 31 2018,Adams,WA,Passenger,5,4,9,12464,12473,0.07
November 30 2022,Sumter,SC,Passenger,0,1,1,34,35,2.86
April 30 2023,Henrico,VA,Passenger,0,1,1,8,9,11.11
February 29 2020,Benton,WA,Truck,0,0,0,42572,42572,0.00
October 31 2021,Santa Clara,CA,Passenger,8,2,10,271,281,3.56
May 31 2019,Pacific,WA,Truck,0,0,0,7656,7656,0.00
January 31 2023,Monterey,CA,Passenger,0,4,4,140,144,2.78
November 30 2018,Dale,AL,Passenger,0,1,1,54,55,1.82
July 31 2021,Pend Oreille,WA,Truck,0,0,0,5743,5743,0.00
September 30 2019,Portsmouth,VA,Passenger,0,1,1,78,79,1.27
March 31 2024,Okanogan,WA,Passenger,177,81,258,25694,25952,0.99
April 30 2019,DuPage,IL,Passenger,1,0,1,63,64,1.56
December 31 2023,Portsmouth,VA,Passenger,0,1,1,60,61,1.64
November 30 2022,Henrico,VA,Passenger,0,1,1,11,12,8.33
January 31 2017,Walla Walla,WA,Truck,0,0,0,13170,13170,0.00
February 28 2022,Placer,CA,Passenger,2,0,2,77,79,2.53
December 31 2021,Escambia,FL,Passenger,0,1,1,145,146,0.68
February 28 2022,Williamson,TX,Passenger,1,2,3,100,103,2.91
April 30 2024,Muscogee,GA,Passenger,0,1,1,76,77,1.30
January 31 2021,Clallam,WA,Passenger,281,190,471,49962,50433,0.93
March 31 2021,San Diego,CA,Passenger,15,3,18,2658,2676,0.67
October 31 2021,Salt Lake,UT,Passenger,0,1,1,181,182,0.55
March 31 2018,Queens,NY,Passenger,1,0,1,64,65,1.54
May 31 2018,Bexar,TX,Passenger,2,3,5,775,780,0.64
July 31 2017,King,WA,Truck,8,1,9,187222,187231,0.00
May 31 2021,Chelan,WA,Truck,0,0,0,23087,23087,0.00
February 28 2022,Mason,WA,Passenger,278,164,442,47698,48140,0.92
March 31 2021,Richland,SC,Passenger,0,1,1,141,142,0.70
April 30 2021,Nueces,TX,Passenger,1,0,1,81,82,1.22
May 31 2021,Clinton,PA,Passenger,1,0,1,0,1,100.00
February 29 2024,Spokane,WA,Truck,77,0,77,100606,100683,0.08
May 31 2017,Okanogan,WA,Passenger,3,16,19,25680,25699,0.07
June 30 2018,Virginia Beach,VA,Passenger,2,1,3,683,686,0.44
November 30 2023,Mason,WA,Passenger,536,224,760,46129,46889,1.62
July 31 2018,San Francisco,CA,Passenger,1,1,2,127,129,1.55
August 31 2023,Kings,CA,Passenger,2,2,4,275,279,1.43
September 30 2021,Williams,ND,Passenger,0,1,1,8,9,11.11
March 31 2019,Klickitat,WA,Passenger,32,31,63,15421,15484,0.41
April 30 2022,Santa Clara,CA,Passenger,12,1,13,258,271,4.80
January 31 2020,Honolulu,HI,Passenger,4,2,6,496,502,1.20
April 30 2024,Kent,DE,Passenger,1,0,1,32,33,3.03
October 31 2019,Prince George's,MD,Passenger,1,1,2,182,184,1.09
December 31 2022,Meade,KY,Passenger,1,0,1,21,22,4.55
January 31 2022,Denton,TX,Passenger,2,0,2,73,75,2.67
December 31 2021,Hawaii,HI,Passenger,1,0,1,45,46,2.17
January 31 2023,Hamilton,OH,Truck,1,0,1,4,5,20.00
April 30 2018,Kitsap,WA,Truck,1,0,1,52992,52993,0.00
January 31 2020,Yakima,WA,Truck,0,0,0,59628,59628,0.00
March 31 2021,Wahkiakum,WA,Truck,0,0,0,1787,1787,0.00
October 31 2020,Leavenworth,KS,Passenger,0,1,1,116,117,0.85
August 31 2023,Travis,TX,Passenger,2,1,3,87,90,3.33
August 31 2022,Essex,NJ,Passenger,2,0,2,12,14,14.29
February 28 2017,Lewis,WA,Truck,0,0,0,24788,24788,0.00
September 30 2020,Jefferson,WA,Truck,0,0,0,9538,9538,0.00
July 31 2019,Franklin,WA,Truck,0,0,0,19363,19363,0.00
December 31 2017,Dallas,TX,Passenger,0,1,1,190,191,0.52
May 31 2021,Marion,IA,Passenger,1,0,1,1,2,50.00
February 29 2020,Island,WA,Passenger,401,264,665,63401,64066,1.04
September 30 2020,Montgomery,OH,Passenger,0,1,1,47,48,2.08
November 30 2019,Columbia,WA,Passenger,3,2,5,2444,2449,0.20
August 31 2021,Frederick,MD,Passenger,1,1,2,70,72,2.78
March 31 2022,New York,NY,Passenger,2,0,2,43,45,4.44
June 30 2019,Mecklenburg,NC,Passenger,1,0,1,89,90,1.11
May 31 2023,Bartow,GA,Passenger,0,1,1,5,6,16.67
September 30 2023,Shelby,AL,Passenger,1,0,1,5,6,16.67
February 28 2018,Benton,WA,Truck,0,0,0,40756,40756,0.00
August 31 2022,Skamania,WA,Truck,0,0,0,3900,3900,0.00
May 31 2018,Grant,WA,Passenger,30,44,74,63013,63087,0.12
November 30 2023,Chesapeake,VA,Passenger,2,1,3,280,283,1.06
November 30 2023,Kern,CA,Passenger,1,1,2,154,156,1.28
December 31 2022,Sedgwick,KS,Passenger,1,1,2,71,73,2.74
November 30 2020,Bucks,PA,Passenger,1,0,1,21,22,4.55
July 31 2022,San Juan,WA,Truck,4,0,4,5943,5947,0.07
August 31 2017,Collin,TX,Passenger,0,1,1,146,147,0.68
April 30 2022,Arlington,VA,Passenger,1,0,1,137,138,0.72
September 30 2021,Carroll,NH,Passenger,0,1,1,5,6,16.67
June 30 2017,Grant,WA,Truck,0,0,0,25218,25218,0.00
February 29 2020,Arlington,VA,Passenger,0,2,2,157,159,1.26
September 30 2020,Maui,HI,Passenger,2,0,2,33,35,5.71
July 31 2023,Calvert,MD,Passenger,1,1,2,75,77,2.60
February 28 2022,San Diego,CA,Passenger,17,6,23,2497,2520,0.91
June 30 2021,Whitman,WA,Truck,0,0,0,8586,8586,0.00
September 30 2020,Lake,IL,Passenger,1,0,1,173,174,0.57
April 30 2022,Mercer,NJ,Passenger,0,1,1,14,15,6.67
April 30 2024,Larimer,CO,Passenger,1,0,1,18,19,5.26
July 31 2021,Clark,WA,Truck,0,0,0,84227,84227,0.00
October 31 2017,Benton,WA,Truck,0,0,0,40389,40389,0.00
September 30 2023,Ferry,WA,Truck,0,0,0,3544,3544,0.00
August 31 2023,Sarpy,NE,Passenger,1,0,1,56,57,1.75
August 31 2017,Riverside,CA,Passenger,1,2,3,776,779,0.39
September 30 2022,Deschutes,OR,Passenger,1,0,1,84,85,1.18
June 30 2022,Lincoln,OR,Passenger,0,1,1,29,30,3.33
September 30 2020,Sedgwick,KS,Passenger,1,1,2,96,98,2.04
December 31 2023,El Dorado,CA,Passenger,1,0,1,18,19,5.26
February 28 2018,Kitsap,WA,Passenger,717,418,1135,176354,177489,0.64
April 30 2017,Bexar,TX,Passenger,1,0,1,1034,1035,0.10
May 31 2021,Fresno,CA,Passenger,1,0,1,190,191,0.52
March 31 2024,Miami-Dade,FL,Passenger,1,0,1,47,48,2.08
February 28 2017,Manatee,FL,Passenger,1,0,1,55,56,1.79
September 30 2022,Brown,WI,Passenger,1,0,1,9,10,10.00
February 28 2021,King,WA,Passenger,28221,8447,36668,1364092,1400760,2.62
July 31 2019,Whitman,WA,Truck,0,0,0,8629,8629,0.00
November 30 2022,Klickitat,WA,Passenger,119,53,172,15085,15257,1.13
June 30 2018,Ventura,CA,Passenger,0,2,2,330,332,0.60
February 28 2022,Virginia Beach,VA,Passenger,2,0,2,565,567,0.35
December 31 2019,Pinellas,FL,Passenger,1,1,2,117,119,1.68
November 30 2023,Asotin,WA,Truck,0,0,0,6603,6603,0.00
March 31 2019,Saratoga,NY,Passenger,1,0,1,55,56,1.79
June 30 2017,Clark,WA,Truck,0,0,0,77634,77634,0.00
May 31 2023,Spokane,WA,Passenger,2228,1059,3287,322318,325605,1.01
October 31 2017,Travis,TX,Passenger,1,1,2,199,201,1.00
August 31 2019,Kern,CA,Passenger,0,1,1,227,228,0.44
March 31 2018,Broward,FL,Passenger,0,1,1,134,135,0.74
September 30 2023,Ray,MO,Passenger,0,1,1,0,1,100.00
May 31 2022,Island,WA,Passenger,796,372,1168,61827,62995,1.85
August 31 2019,Kitsap,WA,Truck,1,0,1,54152,54153,0.00
July 31 2022,Okanogan,WA,Truck,1,0,1,16572,16573,0.01
May 31 2018,Lincoln,WA,Truck,0,0,0,4536,4536,0.00
May 31 2019,Douglas,WA,Passenger,56,36,92,28002,28094,0.33
November 30 2020,Santa Clara,CA,Passenger,7,2,9,293,302,2.98
March 31 2024,Fulton,GA,Passenger,0,1,1,45,46,2.17
October 31 2019,Pacific,WA,Passenger,30,29,59,16103,16162,0.37
March 31 2024,El Dorado,CA,Passenger,1,0,1,14,15,6.67
August 31 2020,Jefferson,WA,Truck,0,0,0,9536,9536,0.00
March 31 2021,Washoe,NV,Passenger,1,0,1,101,102,0.98
May 31 2023,Pierce,WA,Passenger,7411,2714,10125,531222,541347,1.87
April 30 2018,Snohomish,WA,Passenger,2190,1193,3383,518720,522103,0.65
January 31 2017,Ferry,WA,Passenger,2,1,3,4388,4391,0.07
September 30 2020,Williamson,TX,Passenger,0,2,2,139,141,1.42
August 31 2023,Collin,TX,Passenger,3,0,3,45,48,6.25
May 31 2022,Douglas,NE,Passenger,1,2,3,47,50,6.00
October 31 2019,Putnam,TN,Passenger,0,1,1,3,4,25.00
July 31 2020,Lewis,WA,Passenger,107,117,224,58123,58347,0.38
November 30 2017,Clallam,WA,Passenger,98,86,184,48869,49053,0.38
May 31 2023,Franklin,WA,Truck,4,0,4,20859,20863,0.02
November 30 2021,Ferry,WA,Truck,0,0,0,3602,3602,0.00
December 31 2019,Duval,FL,Passenger,1,2,3,370,373,0.80
January 31 2017,Clackamas,OR,Passenger,1,2,3,424,427,0.70
July 31 2022,Lane,OR,Passenger,0,2,2,101,103,1.94
November 30 2022,Houston,GA,Passenger,1,0,1,29,30,3.33
November 30 2022,Danville,VA,Passenger,1,0,1,0,1,100.00
October 31 2021,Shelby,OH,Passenger,0,1,1,3,4,25.00
March 31 2019,King,WA,Passenger,17676,6779,24455,1380896,1405351,1.74
January 31 2017,Orange,CA,Passenger,2,1,3,713,716,0.42
February 28 2021,Skagit,WA,Truck,1,0,1,32842,32843,0.00
July 31 2021,Hennepin,MN,Passenger,3,0,3,78,81,3.70
July 31 2023,Pulaski,MO,Passenger,3,0,3,96,99,3.03
November 30 2023,Yellowstone,MT,Passenger,0,1,1,10,11,9.09
June 30 2017,Clark,WA,Passenger,787,504,1291,299518,300809,0.43
November 30 2017,Stevens,WA,Truck,0,0,0,18329,18329,0.00
March 31 2023,Wake,NC,Passenger,2,0,2,86,88,2.27
January 31 2017,Marin,CA,Passenger,1,0,1,57,58,1.72
December 31 2021,Allen,IN,Passenger,1,0,1,20,21,4.76
October 31 2018,Thurston,WA,Truck,0,0,0,54798,54798,0.00
October 31 2018,Skamania,WA,Truck,0,0,0,3983,3983,0.00
June 30 2019,Lewis,WA,Passenger,99,94,193,59113,59306,0.33
March 31 2023,Orange,FL,Passenger,1,0,1,67,68,1.47
July 31 2020,Allegheny,PA,Passenger,2,0,2,83,85,2.35
June 30 2022,Marion,IA,Passenger,1,0,1,0,1,100.00
August 31 2017,Adams,WA,Truck,0,0,0,5097,5097,0.00
October 31 2019,Kittitas,WA,Truck,0,0,0,14622,14622,0.00
April 30 2021,Plaquemines,LA,Passenger,0,1,1,17,18,5.56
December 31 2018,Deschutes,OR,Passenger,3,0,3,174,177,1.69
August 31 2021,Alexandria,VA,Passenger,3,0,3,121,124,2.42
May 31 2018,Ada,ID,Passenger,0,2,2,341,343,0.58
November 30 2019,New Haven,CT,Passenger,0,2,2,46,48,4.17
August 31 2023,Benton,WA,Passenger,1206,593,1799,135336,137135,1.31
March 31 2024,Ferry,WA,Passenger,26,4,30,4204,4234,0.71
October 31 2021,Garfield,WA,Truck,0,0,0,998,998,0.00
January 31 2022,Yamhill,OR,Passenger,1,0,1,37,38,2.63
February 28 2019,Prince George's,MD,Passenger,1,1,2,187,189,1.06
April 30 2022,Ray,MO,Passenger,0,1,1,1,2,50.00
June 30 2017,Lewis,WA,Passenger,51,36,87,55546,55633,0.16
August 31 2022,Monterey,CA,Passenger,0,3,3,147,150,2.00
November 30 2017,Walla Walla,WA,Truck,0,0,0,13312,13312,0.00
December 31 2018,Stevens,WA,Truck,0,0,0,18758,18758,0.00
January 31 2017,Duval,FL,Passenger,1,1,2,376,378,0.53
April 30 2017,Chelan,WA,Passenger,55,31,86,51700,51786,0.17
November 30 2021,Yamhill,OR,Passenger,1,0,1,39,40,2.50
August 31 2017,Franklin,MA,Passenger,0,1,1,4,5,20.00
October 31 2018,Kalamazoo,MI,Passenger,1,0,1,17,18,5.56
February 28 2021,Dallas,IA,Passenger,0,1,1,10,11,9.09
June 30 2023,Geary,KS,Passenger,1,0,1,67,68,1.47
May 31 2020,Twin Falls,ID,Passenger,0,1,1,28,29,3.45
November 30 2018,Eagle,CO,Passenger,1,0,1,5,6,16.67
December 31 2020,Benton,WA,Passenger,439,355,794,134926,135720,0.59
October 31 2018,Pacific,WA,Truck,0,0,0,7627,7627,0.00
December 31 2020,Skamania,WA,Truck,0,0,0,4002,4002,0.00
February 28 2019,Marion,OR,Passenger,1,0,1,120,121,0.83
March 31 2023,Rockdale,GA,Passenger,1,0,1,5,6,16.67
February 29 2024,Galveston,TX,Passenger,0,1,1,12,13,7.69
July 31 2017,Douglas,WA,Truck,0,0,0,11515,11515,0.00
March 31 2017,Polk,FL,Passenger,1,0,1,67,68,1.47
May 31 2022,Clark,WA,Truck,5,0,5,82861,82866,0.01
April 30 2019,Cascade,MT,Passenger,0,1,1,63,64,1.56
June 30 2017,Utah,UT,Passenger,0,1,1,164,165,0.61
November 30 2020,Franklin,WA,Truck,0,0,0,20372,20372,0.00
December 31 2021,Miami-Dade,FL,Passenger,1,0,1,96,97,1.03
August 31 2018,Skamania,WA,Truck,0,0,0,3949,3949,0.00
April 30 2020,St. Louis,MO,Passenger,1,0,1,103,104,0.96
August 31 2018,Sumter,FL,Passenger,0,1,1,10,11,9.09
June 30 2018,Northampton,PA,Passenger,0,1,1,66,67,1.49
June 30 2018,Arlington,VA,Passenger,1,2,3,173,176,1.70
April 30 2023,Skagit,WA,Truck,18,0,18,31952,31970,0.06
April 30 2018,Pend Oreille,WA,Truck,0,0,0,5656,5656,0.00
October 31 2023,Clallam,WA,Truck,23,0,23,21617,21640,0.11
April 30 2018,Pima,AZ,Passenger,1,1,2,437,439,0.46
November 30 2022,Beaufort,SC,Passenger,1,0,1,30,31,3.23
January 31 2020,Powhatan,VA,Passenger,1,0,1,1,2,50.00
August 31 2017,Whatcom,WA,Truck,2,0,2,41765,41767,0.00
February 28 2022,Yamhill,OR,Passenger,1,0,1,39,40,2.50
March 31 2024,Berkeley,SC,Passenger,1,1,2,76,78,2.56
April 30 2019,Kent,MI,Passenger,0,1,1,24,25,4.00
June 30 2017,Stevens,WA,Truck,0,0,0,18270,18270,0.00
August 31 2017,Mason,WA,Truck,0,0,0,19323,19323,0.00
April 30 2020,New London,CT,Passenger,1,1,2,236,238,0.84
June 30 2020,Nassau,FL,Passenger,1,0,1,35,36,2.78
November 30 2023,Douglas,CO,Passenger,0,2,2,47,49,4.08
March 31 2022,Sarasota,FL,Passenger,2,0,2,35,37,5.41
November 30 2022,Williamsburg,VA,Passenger,0,1,1,7,8,12.50
June 30 2022,Thurston,WA,Truck,7,0,7,55411,55418,0.01
March 31 2017,Mason,WA,Passenger,50,63,113,42922,43035,0.26
February 28 2019,Alexandria,VA,Passenger,1,0,1,155,156,0.64
April 30 2022,Escambia,FL,Passenger,0,1,1,149,150,0.67
May 31 2022,Sarasota,FL,Passenger,2,0,2,36,38,5.26
April 30 2020,Whatcom,WA,Truck,3,0,3,42830,42833,0.01
August 31 2018,Saratoga,NY,Passenger,1,0,1,60,61,1.64
February 28 2023,Plaquemines,LA,Passenger,1,1,2,19,21,9.52
January 31 2017,Wahkiakum,WA,Passenger,0,1,1,2861,2862,0.03
September 30 2021,Washington,OR,Passenger,1,0,1,384,385,0.26
March 31 2018,Whitman,WA,Truck,0,0,0,8457,8457,0.00
December 31 2019,St. Mary's,MD,Passenger,1,0,1,215,216,0.46
December 31 2018,Boulder,CO,Passenger,1,0,1,52,53,1.89
December 31 2022,Montgomery,AL,Passenger,0,1,1,36,37,2.70
April 30 2019,Manatee,FL,Passenger,1,0,1,33,34,2.94
March 31 2024,Marion,IA,Passenger,1,0,1,0,1,100.00
April 30 2018,Whitman,WA,Passenger,20,24,44,22551,22595,0.19
August 31 2017,Skagit,WA,Passenger,140,112,252,88466,88718,0.28
October 31 2018,Douglas,WA,Truck,0,0,0,12076,12076,0.00
May 31 2021,Broward,FL,Passenger,1,0,1,108,109,0.92
May 31 2019,San Mateo,CA,Passenger,2,1,3,128,131,2.29
July 31 2023,Thurston,WA,Passenger,3186,1254,4440,190120,194560,2.28
November 30 2022,Marion,OR,Passenger,1,0,1,83,84,1.19
February 29 2020,Clallam,WA,Truck,1,0,1,21831,21832,0.00
January 31 2021,Philadelphia,PA,Passenger,1,0,1,61,62,1.61
April 30 2022,Yellowstone,MT,Passenger,0,1,1,26,27,3.70
June 30 2021,Pierce,WA,Truck,0,0,0,145968,145968,0.00
February 28 2018,Utah,UT,Passenger,0,1,1,142,143,0.70
December 31 2017,Okaloosa,FL,Passenger,1,0,1,186,187,0.53
June 30 2017,Polk,FL,Passenger,1,0,1,67,68,1.47
May 31 2022,Plaquemines,LA,Passenger,1,1,2,19,21,9.52
November 30 2020,Eagle,CO,Passenger,1,0,1,7,8,12.50
March 31 2020,Alameda,CA,Passenger,3,1,4,294,298,1.34
June 30 2019,Oklahoma,OK,Passenger,0,1,1,131,132,0.76
September 30 2023,Santa Cruz,CA,Passenger,1,0,1,21,22,4.55
August 31 2017,Grant,WA,Truck,0,0,0,25350,25350,0.00
February 29 2020,Grays Harbor,WA,Truck,0,0,0,20804,20804,0.00
August 31 2017,Adams,WA,Passenger,3,3,6,12180,12186,0.05
May 31 2018,Lincoln,WA,Passenger,2,6,8,7644,7652,0.10
September 30 2017,Norfolk,VA,Passenger,1,1,2,315,317,0.63
January 31 2022,Nueces,TX,Passenger,1,1,2,64,66,3.03
January 31 2020,Hawaii,HI,Passenger,1,0,1,64,65,1.54
December 31 2022,Stafford,VA,Passenger,3,1,4,88,92,4.35
June 30 2022,El Paso,TX,Passenger,3,0,3,358,361,0.83
November 30 2020,Stafford,VA,Passenger,1,1,2,102,104,1.92
December 31 2018,Garfield,OK,Passenger,1,0,1,14,15,6.67
November 30 2021,Lake,IN,Passenger,0,1,1,9,10,10.00
September 30 2019,Chelan,WA,Truck,0,0,0,22417,22417,0.00
January 31 2021,San Juan,WA,Truck,0,0,0,5863,5863,0.00
July 31 2017,Moore,NC,Passenger,0,1,1,197,198,0.51
September 30 2017,St. Clair,IL,Passenger,0,1,1,168,169,0.59
February 28 2021,Richland,SC,Passenger,0,1,1,144,145,0.69
November 30 2022,Collin,TX,Passenger,3,0,3,76,79,3.80
November 30 2017,Nueces,TX,Passenger,1,1,2,91,93,2.15
December 31 2019,Rogers,OK,Passenger,1,0,1,7,8,12.50
June 30 2021,Douglas,WA,Passenger,94,48,142,28516,28658,0.50
February 28 2021,Skamania,WA,Passenger,37,24,61,8283,8344,0.73
June 30 2022,San Bernardino,CA,Passenger,2,1,3,359,362,0.83
October 31 2020,Boone,MO,Passenger,0,1,1,11,12,8.33
February 29 2024,Texas,MO,Passenger,1,0,1,1,2,50.00
January 31 2017,Hood River,OR,Passenger,1,0,1,43,44,2.27
May 31 2023,Providence,RI,Passenger,1,0,1,17,18,5.56
June 30 2020,San Mateo,CA,Passenger,0,1,1,120,121,0.83
April 30 2022,Douglas,CO,Passenger,0,1,1,86,87,1.15
October 31 2017,Orleans,LA,Passenger,0,1,1,46,47,2.13
July 31 2019,Kitsap,WA,Truck,1,0,1,54119,54120,0.00
December 31 2023,Kittitas,WA,Passenger,466,117,583,29300,29883,1.95
January 31 2021,Skagit,WA,Passenger,517,243,760,91392,92152,0.82
July 31 2020,Franklin,WA,Truck,0,0,0,20090,20090,0.00
October 31 2023,Orange,CA,Truck,1,0,1,61,62,1.61
June 30 2021,Vigo,IN,Passenger,1,0,1,5,6,16.67
October 31 2023,Lake,IN,Passenger,0,1,1,5,6,16.67
April 30 2019,Whatcom,WA,Passenger,824,393,1217,150038,151255,0.80
July 31 2021,Pacific,WA,Passenger,46,53,99,16015,16114,0.61
April 30 2018,Jefferson,NY,Passenger,1,0,1,222,223,0.45
October 31 2019,King,WA,Truck,6,1,7,182353,182360,0.00
July 31 2021,Klickitat,WA,Truck,0,0,0,8305,8305,0.00
March 31 2023,Cowlitz,WA,Passenger,435,196,631,70063,70694,0.89
November 30 2021,Douglas,NE,Passenger,1,1,2,50,52,3.85
October 31 2020,Charles,MD,Passenger,1,1,2,80,82,2.44
February 28 2023,Frederick,MD,Passenger,1,0,1,60,61,1.64
December 31 2018,Nassau,NY,Passenger,3,0,3,38,41,7.32
July 31 2018,Douglas,WA,Passenger,43,32,75,27722,27797,0.27
August 31 2017,Thurston,WA,Passenger,421,359,780,187722,188502,0.41
January 31 2021,Lincoln,WA,Truck,0,0,0,4692,4692,0.00
February 29 2024,DeKalb,GA,Passenger,1,0,1,30,31,3.23
March 31 2024,Clark,WA,Truck,174,0,174,79215,79389,0.22
April 30 2018,Grant,WA,Truck,0,0,0,25855,25855,0.00
November 30 2018,Saratoga,NY,Passenger,1,0,1,59,60,1.67
November 30 2023,Fredericksburg,VA,Passenger,1,0,1,5,6,16.67
February 28 2021,Columbia,OR,Passenger,1,0,1,23,24,4.17
September 30 2019,Saginaw,MI,Passenger,1,0,1,12,13,7.69
October 31 2021,Okanogan,WA,Truck,0,0,0,16664,16664,0.00
August 31 2020,Chelan,WA,Passenger,248,80,328,54172,54500,0.60
August 31 2023,Skagit,WA,Passenger,1189,434,1623,88681,90304,1.80
March 31 2024,Stevens,WA,Passenger,145,73,218,29156,29374,0.74
January 31 2019,Thurston,WA,Truck,0,0,0,54915,54915,0.00
August 31 2019,Bucks,PA,Passenger,1,0,1,25,26,3.85
August 31 2022,Stevens,WA,Truck,1,0,1,18887,18888,0.01
November 30 2019,Kittitas,WA,Truck,0,0,0,14623,14623,0.00
July 31 2021,Contra Costa,CA,Passenger,2,3,5,257,262,1.91
February 28 2022,Wilson,TX,Passenger,0,1,1,3,4,25.00
January 31 2018,Chelan,WA,Passenger,94,38,132,53237,53369,0.25
September 30 2020,Orange,CA,Passenger,5,3,8,492,500,1.60
October 31 2020,Sedgwick,KS,Passenger,1,1,2,95,97,2.06
December 31 2021,Louisa,VA,Passenger,0,1,1,1,2,50.00
September 30 2020,San Mateo,CA,Passenger,0,1,1,115,116,0.86
April 30 2020,Charleston,SC,Passenger,1,0,1,110,111,0.90
May 31 2021,Nassau,FL,Passenger,1,0,1,29,30,3.33
March 31 2021,Fort Bend,TX,Passenger,1,0,1,38,39,2.56
April 30 2022,Hillsborough,FL,Passenger,0,3,3,137,140,2.14
November 30 2019,St. Mary's,MD,Passenger,1,0,1,216,217,0.46
January 31 2023,Portsmouth,VA,Passenger,0,1,1,69,70,1.43
June 30 2022,Saratoga,NY,Passenger,1,0,1,42,43,2.33
December 31 2019,RÃ­o Grande,PR,Passenger,1,0,1,1,2,50.00
May 31 2023,St. Louis,MN,Passenger,0,1,1,8,9,11.11
September 30 2022,Cumberland,NC,Passenger,1,4,5,364,369,1.36
August 31 2021,Harnett,NC,Passenger,1,1,2,178,180,1.11
September 30 2019,New London,CT,Passenger,0,1,1,237,238,0.42
June 30 2021,Champaign,IL,Passenger,1,0,1,12,13,7.69
January 31 2019,Twin Falls,ID,Passenger,0,1,1,21,22,4.55
March 31 2024,Monterey,CA,Truck,1,0,1,27,28,3.57
July 31 2019,San Juan,WA,Truck,0,0,0,5888,5888,0.00
March 31 2023,Montgomery,MD,Passenger,5,3,8,190,198,4.04
July 31 2022,San Bernardino,CA,Passenger,2,1,3,351,354,0.85
November 30 2023,Meade,KY,Passenger,1,0,1,16,17,5.88
May 31 2018,Collier,FL,Passenger,1,0,1,23,24,4.17
July 31 2022,Snohomish,WA,Passenger,8656,2562,11218,531010,542228,2.07
December 31 2018,Whitman,WA,Passenger,24,38,62,22802,22864,0.27
May 31 2020,Pacific,WA,Passenger,31,33,64,15696,15760,0.41
January 31 2018,Deschutes,OR,Passenger,1,0,1,185,186,0.54
January 31 2022,Currituck,NC,Passenger,1,0,1,23,24,4.17
December 31 2018,Lee,FL,Passenger,1,0,1,52,53,1.89
June 30 2020,Washtenaw,MI,Passenger,1,0,1,35,36,2.78
April 30 2018,Virginia Beach,VA,Passenger,2,1,3,677,680,0.44
February 29 2020,Penobscot,ME,Passenger,0,1,1,16,17,5.88
August 31 2019,Thurston,WA,Truck,0,0,0,55433,55433,0.00
October 31 2017,El Paso,CO,Passenger,2,0,2,777,779,0.26
June 30 2020,Pima,AZ,Passenger,3,1,4,364,368,1.09
February 28 2021,Harrison,MS,Passenger,2,0,2,58,60,3.33
July 31 2018,Duval,FL,Passenger,1,2,3,384,387,0.78
December 31 2018,Palm Beach,FL,Passenger,0,2,2,94,96,2.08
July 31 2020,Ferry,WA,Passenger,7,3,10,4332,4342,0.23
August 31 2022,Harris,TX,Passenger,1,0,1,162,163,0.61
January 31 2018,Eagle,CO,Passenger,1,0,1,6,7,14.29
December 31 2020,Ramsey,MN,Passenger,1,0,1,37,38,2.63
June 30 2022,Snohomish,WA,Truck,12,0,12,123820,123832,0.01
August 31 2023,Yakima,WA,Truck,15,0,15,61067,61082,0.02
August 31 2020,Wahkiakum,WA,Truck,0,0,0,1745,1745,0.00
October 31 2021,El Paso,CO,Passenger,3,0,3,683,686,0.44
June 30 2021,Virginia Beach,VA,Passenger,2,0,2,624,626,0.32
December 31 2022,Randolph,NC,Passenger,1,0,1,5,6,16.67
March 31 2020,San Juan,WA,Passenger,291,86,377,14272,14649,2.57
November 30 2022,Washoe,NV,Passenger,1,0,1,64,65,1.54
February 28 2022,Carroll,NH,Passenger,0,1,1,5,6,16.67
August 31 2018,Santa Rosa,FL,Passenger,1,0,1,96,97,1.03
October 31 2021,Greene,MO,Passenger,0,1,1,32,33,3.03
September 30 2022,Montgomery,AL,Passenger,0,1,1,38,39,2.56
April 30 2023,Ray,MO,Passenger,0,1,1,0,1,100.00
July 31 2019,Pacific,WA,Truck,0,0,0,7664,7664,0.00
October 31 2022,Clackamas,OR,Passenger,1,0,1,135,136,0.74
March 31 2017,District of Columbia,DC,Passenger,0,3,3,221,224,1.34
August 31 2019,Klamath,OR,Passenger,1,0,1,41,42,2.38
April 30 2023,Lee,AL,Passenger,1,0,1,15,16,6.25
November 30 2019,Clark,NV,Passenger,5,2,7,706,713,0.98
April 30 2017,Chelan,WA,Truck,0,0,0,21206,21206,0.00
January 31 2020,Alexandria,VA,Passenger,1,0,1,144,145,0.69
December 31 2021,Sedgwick,KS,Passenger,1,1,2,84,86,2.33
January 31 2017,Northampton,PA,Passenger,2,0,2,259,261,0.77
August 31 2020,New London,CT,Passenger,1,1,2,233,235,0.85
April 30 2021,Clallam,WA,Passenger,309,206,515,50392,50907,1.01
August 31 2022,Cowlitz,WA,Passenger,353,172,525,70374,70899,0.74
June 30 2019,Okanogan,WA,Truck,0,0,0,16479,16479,0.00
June 30 2022,Montgomery,MD,Passenger,4,2,6,206,212,2.83
February 28 2022,Hamilton,OH,Passenger,1,0,1,37,38,2.63
October 31 2021,Lake,IN,Passenger,0,1,1,9,10,10.00
October 31 2023,Adams,WA,Passenger,29,13,42,13136,13178,0.32
March 31 2023,Mason,WA,Passenger,401,200,601,46414,47015,1.28
December 31 2022,Pend Oreille,WA,Truck,0,0,0,5584,5584,0.00
January 31 2024,Riverside,CA,Passenger,5,0,5,341,346,1.45
September 30 2018,Lincoln,WA,Truck,0,0,0,4579,4579,0.00
April 30 2019,New Haven,CT,Passenger,0,2,2,49,51,3.92
November 30 2019,Eagle,CO,Passenger,1,0,1,6,7,14.29
July 31 2021,King,WA,Truck,5,1,6,184280,184286,0.00
July 31 2019,Lewis,WA,Passenger,100,98,198,59359,59557,0.33
June 30 2023,Riverside,CA,Passenger,7,0,7,397,404,1.73
August 31 2020,Ramsey,MN,Passenger,1,0,1,39,40,2.50
December 31 2021,Prince George's,MD,Passenger,2,1,3,154,157,1.91
July 31 2019,Harrison,MS,Passenger,1,0,1,65,66,1.52
April 30 2019,Polk,FL,Passenger,1,0,1,71,72,1.39
December 31 2023,Gwinnett,GA,Passenger,1,0,1,36,37,2.70
January 31 2024,Maui,HI,Passenger,1,0,1,20,21,4.76
November 30 2023,Parker,TX,Passenger,0,1,1,13,14,7.14
January 31 2024,Wichita,TX,Passenger,2,0,2,33,35,5.71
November 30 2019,Saginaw,MI,Passenger,1,0,1,12,13,7.69
May 31 2018,Asotin,WA,Passenger,8,6,14,12598,12612,0.11
March 31 2022,Stevens,WA,Truck,0,0,0,18983,18983,0.00
November 30 2019,Camden,NJ,Passenger,0,1,1,22,23,4.35
October 31 2019,Arlington,VA,Passenger,0,2,2,154,156,1.28
September 30 2022,,,Passenger,4,1,5,310,315,1.59
July 31 2022,Denton,TX,Passenger,2,0,2,63,65,3.08
October 31 2023,Palm Beach,FL,Passenger,0,1,1,43,44,2.27
September 30 2020,Twin Falls,ID,Passenger,0,1,1,25,26,3.85
August 31 2018,Eagle,CO,Passenger,1,0,1,5,6,16.67
February 29 2020,Oldham,KY,Passenger,0,1,1,4,5,20.00
July 31 2020,Pierce,WA,Truck,0,0,0,142869,142869,0.00
May 31 2018,Skagit,WA,Truck,1,0,1,32040,32041,0.00
July 31 2020,Columbia,WA,Truck,0,0,0,1540,1540,0.00
April 30 2018,Jefferson,CO,Passenger,0,1,1,67,68,1.47
January 31 2022,Cumberland,NC,Passenger,1,4,5,407,412,1.21
April 30 2021,Larimer,CO,Passenger,1,0,1,51,52,1.92
October 31 2023,Autauga,AL,Passenger,2,0,2,10,12,16.67
September 30 2017,Polk,FL,Passenger,1,0,1,65,66,1.52
February 28 2019,Charleston,SC,Passenger,1,0,1,124,125,0.80
January 31 2022,Plaquemines,LA,Passenger,0,1,1,19,20,5.00
September 30 2023,Walla Walla,WA,Truck,7,0,7,13676,13683,0.05
August 31 2018,Skagit,WA,Passenger,220,169,389,90831,91220,0.43
February 28 2019,Walla Walla,WA,Passenger,43,54,97,36063,36160,0.27
May 31 2020,DeKalb,GA,Passenger,1,0,1,82,83,1.20
June 30 2023,Hamilton,OH,Truck,1,0,1,4,5,20.00
June 30 2022,Owyhee,ID,Passenger,1,0,1,2,3,33.33
April 30 2018,Carroll,NH,Passenger,0,1,1,1,2,50.00
September 30 2019,Whitman,WA,Truck,0,0,0,8603,8603,0.00
October 31 2021,Columbia,WA,Truck,0,0,0,1536,1536,0.00
February 28 2018,Mason,WA,Passenger,64,78,142,45045,45187,0.31
December 31 2018,Honolulu,HI,Passenger,1,3,4,524,528,0.76
October 31 2019,Montgomery,AL,Passenger,0,1,1,40,41,2.44
September 30 2023,Skagit,WA,Passenger,1235,447,1682,88678,90360,1.86
February 29 2020,Whatcom,WA,Passenger,1043,486,1529,151555,153084,1.00
April 30 2023,Plaquemines,LA,Passenger,1,1,2,18,20,10.00
September 30 2017,Essex,NJ,Passenger,1,0,1,15,16,6.25
April 30 2020,Saginaw,MI,Passenger,1,0,1,12,13,7.69
April 30 2017,Hawaii,HI,Passenger,1,0,1,87,88,1.14
December 31 2022,Autauga,AL,Passenger,2,0,2,13,15,13.33
October 31 2020,Bucks,PA,Passenger,1,0,1,21,22,4.55
December 31 2022,Columbia,OR,Passenger,1,0,1,12,13,7.69
October 31 2022,Los Angeles,CA,Passenger,5,6,11,785,796,1.38
May 31 2022,Salt Lake,UT,Passenger,1,1,2,156,158,1.27
September 30 2019,Ada,ID,Passenger,0,2,2,314,316,0.63
February 28 2023,Sarasota,FL,Passenger,1,0,1,28,29,3.45
January 31 2017,Essex,NJ,Passenger,1,0,1,18,19,5.26
May 31 2019,Vigo,IN,Passenger,1,0,1,6,7,14.29
July 31 2017,Cowlitz,WA,Passenger,52,61,113,69772,69885,0.16
March 31 2021,Klickitat,WA,Passenger,65,46,111,15021,15132,0.73
September 30 2021,San Juan,WA,Passenger,462,143,605,14178,14783,4.09
August 31 2021,Douglas,CO,Passenger,0,1,1,82,83,1.20
September 30 2021,Klickitat,WA,Truck,0,0,0,8330,8330,0.00
March 31 2018,Portsmouth,VA,Passenger,0,1,1,71,72,1.39
January 31 2019,Shelby,TN,Passenger,0,1,1,100,101,0.99
August 31 2018,Collier,FL,Passenger,1,0,1,21,22,4.55
August 31 2022,El Paso,CO,Passenger,2,2,4,610,614,0.65
May 31 2019,Maricopa,AZ,Passenger,6,4,10,1614,1624,0.62
January 31 2017,Travis,TX,Passenger,1,1,2,217,219,0.91
February 28 2021,Bucks,PA,Passenger,1,0,1,21,22,4.55
November 30 2018,St. Lucie,FL,Passenger,1,0,1,28,29,3.45
November 30 2023,Columbia,OR,Passenger,1,0,1,7,8,12.50
March 31 2019,Montgomery,AL,Passenger,0,1,1,44,45,2.22
April 30 2021,Shelby,OH,Passenger,0,1,1,2,3,33.33
November 30 2020,Benton,WA,Passenger,425,348,773,134730,135503,0.57
July 31 2017,Kittitas,WA,Passenger,25,19,44,27675,27719,0.16
February 29 2020,Cumberland,NC,Passenger,0,2,2,491,493,0.41
February 29 2020,Placer,CA,Passenger,2,0,2,100,102,1.96
January 31 2024,Travis,TX,Passenger,2,1,3,71,74,4.05
March 31 2018,Clark,WA,Passenger,918,641,1559,305960,307519,0.51
January 31 2022,Grant,WA,Passenger,140,100,240,66775,67015,0.36
January 31 2021,Harnett,NC,Passenger,1,0,1,197,198,0.51
February 28 2021,Garfield,WA,Truck,0,0,0,1004,1004,0.00
December 31 2022,Camden,NJ,Passenger,0,1,1,13,14,7.14
April 30 2017,Mercer,NJ,Passenger,0,1,1,20,21,4.76
August 31 2019,Berkshire,MA,Passenger,0,1,1,4,5,20.00
September 30 2022,Snohomish,WA,Truck,59,0,59,122969,123028,0.05
October 31 2021,Garfield,WA,Passenger,0,3,3,1350,1353,0.22
August 31 2023,El Paso,CO,Passenger,4,1,5,482,487,1.03
December 31 2019,Grays Harbor,WA,Passenger,105,100,205,48383,48588,0.42
March 31 2020,Douglas,WA,Passenger,71,40,111,28169,28280,0.39
December 31 2020,Cowlitz,WA,Truck,0,0,0,28928,28928,0.00
August 31 2023,Salt Lake,UT,Passenger,2,1,3,103,106,2.83
September 30 2023,Clallam,WA,Passenger,614,301,915,48987,49902,1.83
July 31 2020,Lake,FL,Passenger,1,0,1,24,25,4.00
November 30 2022,Brown,WI,Passenger,1,0,1,9,10,10.00
December 31 2021,Ray,MO,Passenger,0,1,1,1,2,50.00
July 31 2023,Texas,MO,Passenger,1,0,1,1,2,50.00
July 31 2019,Chelan,WA,Passenger,161,68,229,54428,54657,0.42
February 28 2019,Chelan,WA,Truck,0,0,0,22093,22093,0.00
October 31 2021,Norfolk,MA,Passenger,1,0,1,26,27,3.70
August 31 2023,Kent,DE,Passenger,1,0,1,41,42,2.38
January 31 2021,Ulster,NY,Passenger,1,0,1,12,13,7.69
August 31 2020,Clallam,WA,Passenger,239,171,410,49941,50351,0.81
May 31 2020,Riverside,CA,Passenger,3,1,4,637,641,0.62
September 30 2022,Santa Clara,CA,Passenger,13,2,15,241,256,5.86
May 31 2021,Thurston,WA,Passenger,1542,851,2393,197829,200222,1.20
June 30 2020,San Diego,CA,Passenger,15,4,19,2748,2767,0.69
March 31 2022,Benton,WA,Passenger,696,443,1139,135638,136777,0.83
June 30 2020,Fresno,CA,Passenger,1,0,1,198,199,0.50
September 30 2017,San Mateo,CA,Passenger,0,1,1,149,150,0.67
August 31 2020,Monterey,CA,Passenger,0,2,2,169,171,1.17
September 30 2020,Saginaw,MI,Passenger,1,0,1,11,12,8.33
March 31 2018,Franklin,WA,Truck,0,0,0,18614,18614,0.00
March 31 2022,Wahkiakum,WA,Truck,0,0,0,1813,1813,0.00
July 31 2018,Fairfax,VA,Passenger,3,2,5,837,842,0.59
September 30 2021,Pinellas,FL,Passenger,0,1,1,96,97,1.03
September 30 2023,Onslow,NC,Passenger,0,1,1,135,136,0.74
February 28 2018,Pacific,WA,Truck,0,0,0,7559,7559,0.00
June 30 2017,Skamania,WA,Passenger,9,7,16,8563,8579,0.19
January 31 2023,New York,NY,Passenger,1,0,1,37,38,2.63
August 31 2022,Las Animas,CO,Passenger,1,0,1,1,2,50.00
May 31 2022,Williams,ND,Passenger,0,1,1,7,8,12.50
August 31 2017,Whitman,WA,Passenger,11,22,33,22123,22156,0.15
June 30 2019,Caddo,LA,Passenger,0,1,1,24,25,4.00
August 31 2021,Tarrant,TX,Passenger,2,0,2,147,149,1.34
May 31 2017,Clark,WA,Passenger,770,489,1259,298765,300024,0.42
June 30 2023,Clark,NV,Passenger,9,2,11,414,425,2.59
November 30 2022,Collier,FL,Passenger,1,0,1,18,19,5.26
May 31 2021,Penobscot,ME,Passenger,0,1,1,10,11,9.09
September 30 2022,Whatcom,WA,Passenger,1951,770,2721,148599,151320,1.80
January 31 2020,Stevens,WA,Passenger,34,32,66,31479,31545,0.21
August 31 2023,Klickitat,WA,Truck,11,0,11,8229,8240,0.13
October 31 2022,Ferry,WA,Truck,0,0,0,3592,3592,0.00
February 28 2017,Eagle,CO,Passenger,1,0,1,8,9,11.11
April 30 2024,Douglas,NE,Passenger,0,1,1,24,25,4.00
December 31 2023,Maricopa,AZ,Passenger,8,2,10,594,604,1.66
October 31 2023,Albemarle,VA,Passenger,2,0,2,15,17,11.76
July 31 2023,Douglas,CO,Passenger,0,2,2,59,61,3.28
November 30 2021,Manassas,VA,Passenger,0,1,1,7,8,12.50
August 31 2021,Ferry,WA,Passenger,9,3,12,4388,4400,0.27
April 30 2022,Larimer,CO,Passenger,1,0,1,47,48,2.08
April 30 2024,Oldham,KY,Passenger,0,1,1,2,3,33.33
February 29 2020,Clark,WA,Truck,0,0,0,81959,81959,0.00
June 30 2022,Skagit,WA,Truck,3,0,3,32326,32329,0.01
February 28 2021,Walla Walla,WA,Passenger,105,69,174,36119,36293,0.48
November 30 2020,Island,WA,Passenger,480,288,768,62853,63621,1.21
January 31 2018,Prince George's,MD,Passenger,0,1,1,182,183,0.55
March 31 2020,Prince William,VA,Passenger,2,4,6,231,237,2.53
February 29 2024,Wichita,TX,Passenger,2,0,2,32,34,5.88
February 28 2023,Marion,OR,Passenger,1,0,1,81,82,1.22
April 30 2021,Leavenworth,KS,Passenger,0,1,1,112,113,0.88
August 31 2023,New London,CT,Passenger,2,2,4,167,171,2.34
June 30 2018,Island,WA,Truck,0,0,0,20946,20946,0.00
February 28 2022,Carson City,NV,Passenger,1,0,1,8,9,11.11
March 31 2022,Providence,RI,Passenger,1,0,1,23,24,4.17
May 31 2018,Flathead,MT,Passenger,1,0,1,54,55,1.82
August 31 2023,Deschutes,OR,Passenger,1,0,1,61,62,1.61
December 31 2021,Lincoln,OR,Passenger,0,1,1,34,35,2.86
August 31 2022,Louisa,VA,Passenger,0,1,1,1,2,50.00
February 28 2023,Benton,WA,Passenger,986,519,1505,135656,137161,1.10
May 31 2023,Jefferson,NY,Passenger,2,0,2,194,196,1.02
October 31 2022,Saratoga,NY,Passenger,1,0,1,40,41,2.44
July 31 2017,New London,CT,Passenger,1,0,1,247,248,0.40
July 31 2023,Pacific,WA,Truck,4,0,4,7835,7839,0.05
August 31 2020,Stevens,WA,Truck,0,0,0,18648,18648,0.00
July 31 2018,Stevens,WA,Truck,0,0,0,18644,18644,0.00
June 30 2018,San Mateo,CA,Passenger,1,1,2,134,136,1.47
March 31 2023,Garfield,WA,Passenger,1,3,4,1314,1318,0.30
May 31 2019,Honolulu,HI,Passenger,2,3,5,515,520,0.96
April 30 2021,Frederick,MD,Passenger,1,1,2,70,72,2.78
December 31 2022,Rockdale,GA,Passenger,1,0,1,7,8,12.50
August 31 2019,DeKalb,GA,Passenger,1,0,1,81,82,1.22
April 30 2024,Otero,NM,Passenger,0,1,1,21,22,4.55
February 28 2023,Stevens,WA,Passenger,99,58,157,29903,30060,0.52
January 31 2024,Muscogee,GA,Passenger,0,1,1,83,84,1.19
July 31 2019,Broward,FL,Passenger,2,1,3,128,131,2.29
May 31 2022,Pacific,WA,Truck,0,0,0,7943,7943,0.00
May 31 2018,Adams,WA,Truck,0,0,0,5156,5156,0.00
April 30 2021,Wichita,TX,Passenger,1,0,1,44,45,2.22
February 29 2020,Kittitas,WA,Passenger,94,49,143,30016,30159,0.47
May 31 2023,Okanogan,WA,Passenger,123,62,185,26172,26357,0.70
December 31 2021,Norfolk,VA,Passenger,2,3,5,319,324,1.54
May 31 2017,Kittitas,WA,Truck,0,0,0,13535,13535,0.00
October 31 2021,Anne Arundel,MD,Passenger,3,1,4,368,372,1.08
July 31 2020,Lewis,WA,Truck,0,0,0,26288,26288,0.00
July 31 2023,Whitman,WA,Passenger,160,79,239,21976,22215,1.08
April 30 2020,Clark,WA,Passenger,1992,1056,3048,318646,321694,0.95
February 28 2021,Lane,OR,Passenger,0,1,1,137,138,0.72
May 31 2019,Collin,TX,Passenger,2,1,3,147,150,2.00
May 31 2021,Arlington,VA,Passenger,0,1,1,144,145,0.69
December 31 2023,Douglas,CO,Passenger,0,2,2,47,49,4.08
June 30 2021,Harrison,MS,Passenger,2,0,2,56,58,3.45
January 31 2024,Rockdale,GA,Passenger,1,0,1,5,6,16.67
December 31 2018,Kent,MI,Passenger,0,1,1,25,26,3.85
October 31 2022,Louisa,VA,Passenger,0,1,1,1,2,50.00
December 31 2018,St. Lucie,FL,Passenger,1,0,1,29,30,3.33
March 31 2022,Wilson,TX,Passenger,0,1,1,3,4,25.00
September 30 2021,Okanogan,WA,Truck,0,0,0,16687,16687,0.00
March 31 2018,Yakima,WA,Truck,0,0,0,58165,58165,0.00
May 31 2023,Grant,WA,Passenger,277,122,399,67051,67450,0.59
January 31 2021,Palm Beach,FL,Passenger,0,2,2,79,81,2.47
November 30 2021,Lincoln,WA,Passenger,7,16,23,7690,7713,0.30
October 31 2017,Prince George's,MD,Passenger,0,1,1,182,183,0.55
January 31 2020,Arapahoe,CO,Passenger,1,0,1,147,148,0.68
April 30 2022,San Mateo,CA,Passenger,2,0,2,87,89,2.25
January 31 2020,Chesapeake,VA,Passenger,0,1,1,444,445,0.22
March 31 2023,Hawaii,HI,Passenger,1,0,1,30,31,3.23
May 31 2021,Randolph,NC,Passenger,1,0,1,8,9,11.11
October 31 2017,DeKalb,IN,Passenger,1,0,1,1,2,50.00
September 30 2020,Spokane,WA,Passenger,796,512,1308,318619,319927,0.41
January 31 2021,,,Passenger,5,1,6,370,376,1.60
August 31 2020,Carroll,MD,Passenger,0,1,1,17,18,5.56
January 31 2022,Kitsap,WA,Passenger,2189,968,3157,179603,182760,1.73
January 31 2019,Pinal,AZ,Passenger,2,0,2,209,211,0.95
June 30 2019,Anne Arundel,MD,Passenger,1,1,2,437,439,0.46
September 30 2022,Alameda,CA,Passenger,6,1,7,192,199,3.52
July 31 2022,Pulaski,MO,Passenger,2,0,2,113,115,1.74
December 31 2022,Yellowstone,MT,Passenger,0,1,1,17,18,5.56
February 28 2022,Skamania,WA,Truck,0,0,0,3995,3995,0.00
March 31 2019,Washoe,NV,Passenger,2,0,2,112,114,1.75
November 30 2023,Travis,TX,Passenger,2,1,3,76,79,3.80
June 30 2019,Richland,SC,Passenger,0,1,1,162,163,0.61
November 30 2023,Douglas,NE,Passenger,1,1,2,25,27,7.41
January 31 2021,Fulton,GA,Passenger,0,3,3,95,98,3.06
January 31 2022,Island,WA,Truck,1,0,1,21438,21439,0.00
May 31 2022,Chelan,WA,Truck,2,0,2,23050,23052,0.01
November 30 2020,Lane,OR,Passenger,0,1,1,145,146,0.68
December 31 2020,Missoula,MT,Passenger,1,0,1,69,70,1.43
January 31 2021,Orange,CA,Passenger,4,3,7,470,477,1.47
November 30 2020,Honolulu,HI,Passenger,5,2,7,464,471,1.49
October 31 2017,New Haven,CT,Passenger,0,1,1,53,54,1.85
November 30 2020,Pulaski,MO,Passenger,1,0,1,149,150,0.67
January 31 2023,Polk,OR,Passenger,1,1,2,18,20,10.00
May 31 2017,Volusia,FL,Passenger,0,1,1,48,49,2.04
May 31 2019,Whatcom,WA,Truck,2,0,2,42819,42821,0.00
August 31 2022,Pacific,WA,Truck,0,0,0,7851,7851,0.00
July 31 2023,Jackson,OK,Passenger,0,1,1,33,34,2.94
November 30 2017,Howard,MD,Passenger,0,2,2,92,94,2.13
November 30 2020,Penobscot,ME,Passenger,0,1,1,11,12,8.33
January 31 2018,Clark,WA,Passenger,873,599,1472,305261,306733,0.48
June 30 2022,Spokane,WA,Passenger,1597,847,2444,324903,327347,0.75
December 31 2017,Honolulu,HI,Passenger,2,2,4,571,575,0.70
January 31 2017,Collin,TX,Passenger,0,1,1,160,161,0.62
August 31 2020,Thurston,WA,Truck,0,0,0,55959,55959,0.00
January 31 2022,Jefferson,WA,Truck,0,0,0,9570,9570,0.00
March 31 2018,San Juan,WA,Truck,0,0,0,5656,5656,0.00
May 31 2017,Dale,AL,Passenger,0,1,1,63,64,1.56
March 31 2017,Wayne,MI,Passenger,0,1,1,74,75,1.33
November 30 2021,Boulder,CO,Passenger,2,1,3,46,49,6.12
February 28 2022,District of Columbia,DC,Passenger,4,0,4,186,190,2.11
December 31 2018,Anne Arundel,MD,Passenger,0,1,1,451,452,0.22
September 30 2022,Fort Bend,TX,Passenger,1,0,1,24,25,4.00
March 31 2022,Island,WA,Passenger,757,359,1116,62189,63305,1.76
September 30 2017,Franklin,OH,Passenger,0,1,1,111,112,0.89
May 31 2020,Maricopa,AZ,Passenger,5,9,14,1531,1545,0.91
November 30 2019,Pend Oreille,WA,Passenger,7,7,14,9512,9526,0.15
July 31 2020,Benton,WA,Truck,0,0,0,42875,42875,0.00
November 30 2019,Snohomish,WA,Truck,0,0,0,123145,123145,0.00
February 29 2020,San Juan,WA,Truck,0,0,0,5923,5923,0.00
February 29 2024,Orange,CA,Passenger,6,2,8,254,262,3.05
May 31 2023,Douglas,WA,Passenger,199,60,259,28737,28996,0.89
October 31 2023,District of Columbia,DC,Passenger,2,0,2,143,145,1.38
October 31 2022,Hennepin,MN,Passenger,1,0,1,54,55,1.82
February 28 2023,Mercer,NJ,Passenger,0,1,1,15,16,6.25
August 31 2021,Suffolk,VA,Passenger,1,0,1,126,127,0.79
July 31 2021,Saratoga,NY,Passenger,1,0,1,42,43,2.33
January 31 2021,Kent,MI,Passenger,0,1,1,26,27,3.70
November 30 2020,Clallam,WA,Truck,1,0,1,21775,21776,0.00
April 30 2020,Pacific,WA,Truck,0,0,0,7663,7663,0.00
June 30 2023,Arlington,VA,Passenger,1,0,1,110,111,0.90
November 30 2022,Douglas,CO,Passenger,0,1,1,73,74,1.35
January 31 2019,DeKalb,GA,Passenger,1,0,1,79,80,1.25
June 30 2021,Platte,MO,Passenger,1,0,1,19,20,5.00
August 31 2020,Pierce,WA,Passenger,2518,1703,4221,552141,556362,0.76
September 30 2020,Island,WA,Truck,1,0,1,21236,21237,0.00
August 31 2020,Saginaw,MI,Passenger,1,0,1,11,12,8.33
October 31 2019,Skagit,WA,Passenger,336,210,546,92587,93133,0.59
December 31 2018,San Juan,WA,Truck,0,0,0,5817,5817,0.00
March 31 2017,Ferry,WA,Truck,0,0,0,3555,3555,0.00
March 31 2023,Benton,WA,Truck,16,0,16,43355,43371,0.04
October 31 2017,Norfolk,MA,Passenger,1,0,1,38,39,2.56
December 31 2017,Grant,WA,Passenger,26,35,61,62094,62155,0.10
May 31 2022,Stevens,WA,Passenger,65,54,119,30040,30159,0.39
July 31 2022,Lincoln,WA,Passenger,9,16,25,7706,7731,0.32
July 31 2019,Jefferson,WA,Truck,0,0,0,9680,9680,0.00
June 30 2023,Moore,NC,Passenger,0,1,1,107,108,0.93
September 30 2023,Collin,TX,Passenger,3,0,3,43,46,6.52
May 31 2023,Island,WA,Passenger,1043,431,1474,61090,62564,2.36
February 28 2022,Washtenaw,MI,Passenger,0,1,1,30,31,3.23
November 30 2018,Snohomish,WA,Truck,1,0,1,121939,121940,0.00
November 30 2023,Chesterfield,VA,Passenger,1,0,1,35,36,2.78
April 30 2021,Maui,HI,Passenger,2,0,2,31,33,6.06
January 31 2023,Maui,HI,Passenger,1,0,1,27,28,3.57
October 31 2022,Howard,MD,Passenger,0,2,2,62,64,3.12
August 31 2018,Norfolk,MA,Passenger,1,0,1,36,37,2.70
March 31 2020,Kootenai,ID,Passenger,1,2,3,228,231,1.30
February 29 2024,Los Angeles,CA,Passenger,5,4,9,523,532,1.69
March 31 2021,Stafford,VA,Passenger,2,1,3,106,109,2.75
September 30 2023,Wichita,TX,Passenger,2,0,2,35,37,5.41
July 31 2020,Santa Cruz,CA,Passenger,1,0,1,35,36,2.78
January 31 2023,Lane,OR,Passenger,0,2,2,92,94,2.13
April 30 2023,Randolph,NC,Passenger,1,0,1,3,4,25.00
August 31 2021,Mason,WA,Passenger,226,145,371,48050,48421,0.77
August 31 2019,District of Columbia,DC,Passenger,1,1,2,207,209,0.96
August 31 2023,Platte,MO,Passenger,2,0,2,21,23,8.70
May 31 2017,Madison,ID,Passenger,1,0,1,40,41,2.44
April 30 2020,Boone,MO,Passenger,0,1,1,13,14,7.14
May 31 2023,Wahkiakum,WA,Truck,2,0,2,1777,1779,0.11
July 31 2023,Hillsborough,FL,Passenger,1,2,3,110,113,2.65
June 30 2021,Washington,MD,Passenger,1,0,1,11,12,8.33
November 30 2019,Yakima,WA,Truck,0,0,0,59578,59578,0.00
February 28 2018,Ferry,WA,Passenger,1,3,4,4396,4400,0.09
July 31 2018,Saratoga,NY,Passenger,1,1,2,61,63,3.17
June 30 2020,Santa Clara,CA,Passenger,8,2,10,316,326,3.07
May 31 2023,Skagit,WA,Truck,19,0,19,31925,31944,0.06
September 30 2020,Skamania,WA,Passenger,32,22,54,8365,8419,0.64
April 30 2024,Lane,OR,Passenger,0,1,1,49,50,2.00
July 31 2022,District of Columbia,DC,Passenger,2,0,2,169,171,1.17
June 30 2022,Larimer,CO,Passenger,1,0,1,44,45,2.22
January 31 2020,Valencia,NM,Passenger,1,0,1,7,8,12.50
November 30 2018,Island,WA,Truck,0,0,0,21167,21167,0.00
February 28 2017,Stevens,WA,Truck,0,0,0,18330,18330,0.00
October 31 2022,Queens,NY,Passenger,1,0,1,38,39,2.56
May 31 2021,Santa Cruz,CA,Passenger,1,0,1,30,31,3.23
July 31 2022,Fairfax,VA,Passenger,6,3,9,643,652,1.38
June 30 2021,Hillsborough,FL,Passenger,0,2,2,155,157,1.27
April 30 2021,San Bernardino,CA,Passenger,1,0,1,402,403,0.25
March 31 2024,Klickitat,WA,Truck,17,0,17,8084,8101,0.21
January 31 2020,San Mateo,CA,Passenger,1,1,2,125,127,1.57
May 31 2022,Pinal,AZ,Passenger,0,1,1,134,135,0.74
August 31 2021,Milwaukee,WI,Passenger,1,0,1,42,43,2.33
August 31 2018,Howard,MD,Passenger,0,1,1,90,91,1.10
August 31 2023,Monterey,CA,Passenger,0,3,3,121,124,2.42
November 30 2017,Canyon,ID,Passenger,0,1,1,94,95,1.05
July 31 2021,Suffolk,MA,Passenger,0,2,2,32,34,5.88
March 31 2024,Allen,IN,Passenger,1,1,2,11,13,15.38
September 30 2023,Palm Beach,FL,Passenger,0,1,1,46,47,2.13
January 31 2018,San Juan,WA,Passenger,137,46,183,13919,14102,1.30
October 31 2017,Whatcom,WA,Passenger,511,202,713,144286,144999,0.49
July 31 2018,El Paso,CO,Passenger,2,1,3,763,766,0.39
October 31 2017,St. Lucie,FL,Passenger,1,0,1,27,28,3.57
February 28 2019,Asotin,WA,Truck,0,0,0,6641,6641,0.00
November 30 2018,Pima,AZ,Passenger,1,1,2,421,423,0.47
June 30 2023,Mercer,NJ,Passenger,0,1,1,13,14,7.14
July 31 2021,Shelby,OH,Passenger,0,1,1,2,3,33.33
July 31 2020,Kittitas,WA,Passenger,104,47,151,29759,29910,0.50
January 31 2021,St. Louis,MO,Passenger,1,0,1,101,102,0.98
June 30 2023,Charles,MD,Passenger,1,1,2,55,57,3.51
June 30 2018,Marion,IN,Passenger,1,0,1,120,121,0.83
March 31 2022,Clallam,WA,Passenger,403,240,643,49954,50597,1.27
September 30 2020,Anne Arundel,MD,Passenger,1,1,2,401,403,0.50
August 31 2021,San Juan,WA,Passenger,452,141,593,14200,14793,4.01
November 30 2017,St. Clair,IL,Passenger,0,1,1,164,165,0.61
June 30 2019,Calvert,MD,Passenger,0,2,2,86,88,2.27
June 30 2022,Klickitat,WA,Passenger,102,55,157,15226,15383,1.02
March 31 2024,Adams,WA,Passenger,33,15,48,12912,12960,0.37
September 30 2022,Clallam,WA,Truck,6,0,6,21872,21878,0.03
July 31 2023,Kitsap,WA,Truck,80,0,80,52171,52251,0.15
September 30 2017,Montgomery,TN,Passenger,1,0,1,280,281,0.36
June 30 2021,Burlington,NJ,Passenger,0,1,1,129,130,0.77
January 31 2018,Adams,WA,Passenger,4,4,8,12438,12446,0.06
March 31 2018,Asotin,WA,Truck,0,0,0,6591,6591,0.00
September 30 2019,Pinal,AZ,Passenger,2,0,2,198,200,1.00
October 31 2017,Collier,FL,Passenger,1,0,1,23,24,4.17
January 31 2024,Platte,MO,Passenger,2,0,2,19,21,9.52
November 30 2019,Powhatan,VA,Passenger,1,0,1,1,2,50.00
March 31 2019,Whatcom,WA,Passenger,793,385,1178,149704,150882,0.78
March 31 2017,Clark,WA,Passenger,718,454,1172,298243,299415,0.39
May 31 2023,Pinal,AZ,Passenger,0,1,1,91,92,1.09
April 30 2024,Douglas,CO,Passenger,0,2,2,40,42,4.76
March 31 2021,DuPage,IL,Passenger,4,1,5,58,63,7.94
May 31 2022,Houston,GA,Passenger,1,0,1,36,37,2.70
July 31 2023,Orange,NC,Passenger,0,1,1,5,6,16.67
October 31 2021,Saratoga,NY,Passenger,1,0,1,42,43,2.33
June 30 2021,Jones,GA,Passenger,1,0,1,1,2,50.00
December 31 2021,Carson City,NV,Passenger,1,0,1,9,10,10.00
October 31 2017,Douglas,WA,Passenger,36,32,68,26970,27038,0.25
March 31 2021,Collin,TX,Passenger,2,1,3,129,132,2.27
November 30 2020,Sarasota,FL,Passenger,2,0,2,37,39,5.13
June 30 2022,Hamilton,IN,Passenger,1,0,1,25,26,3.85
October 31 2021,Carroll,MD,Passenger,0,1,1,16,17,5.88
November 30 2021,Stevens,WA,Truck,0,0,0,18906,18906,0.00
September 30 2019,Harris,TX,Passenger,1,1,2,278,280,0.71
March 31 2023,Sonoma,CA,Passenger,3,1,4,72,76,5.26
April 30 2022,Hennepin,MN,Passenger,3,0,3,66,69,4.35
April 30 2024,Calvert,MD,Passenger,1,1,2,65,67,2.99
October 31 2023,Mercer,NJ,Passenger,0,1,1,9,10,10.00
May 31 2020,Thurston,WA,Truck,0,0,0,55485,55485,0.00
December 31 2022,San Juan,WA,Truck,8,0,8,5911,5919,0.14
February 28 2022,Sedgwick,KS,Passenger,1,1,2,86,88,2.27
February 28 2018,Monterey,CA,Passenger,0,2,2,196,198,1.01
January 31 2024,Anchorage,AK,Passenger,1,0,1,86,87,1.15
March 31 2022,District of Columbia,DC,Passenger,3,0,3,187,190,1.58
January 31 2023,Norfolk,MA,Passenger,1,0,1,20,21,4.76
July 31 2022,Solano,CA,Passenger,1,0,1,165,166,0.60
July 31 2017,Twin Falls,ID,Passenger,0,1,1,24,25,4.00
November 30 2018,Nantucket,MA,Passenger,1,0,1,4,5,20.00
June 30 2018,Wahkiakum,WA,Truck,0,0,0,1675,1675,0.00
May 31 2018,Pierce,WA,Truck,0,0,0,137505,137505,0.00
November 30 2020,Pend Oreille,WA,Passenger,9,4,13,9141,9154,0.14
March 31 2022,Kitsap,WA,Truck,1,0,1,53911,53912,0.00
August 31 2022,Benton,WA,Truck,5,0,5,43396,43401,0.01
July 31 2019,Whitman,WA,Passenger,33,45,78,22691,22769,0.34
December 31 2020,Pulaski,MO,Passenger,1,0,1,149,150,0.67
August 31 2020,Salt Lake,UT,Passenger,0,1,1,199,200,0.50
December 31 2021,Skagit,WA,Truck,1,0,1,32682,32683,0.00
February 28 2017,Kitsap,WA,Passenger,562,280,842,172096,172938,0.49
June 30 2019,Douglas,WA,Passenger,57,37,94,28028,28122,0.33
April 30 2017,Howard,MD,Passenger,0,2,2,92,94,2.13
August 31 2022,Collier,FL,Passenger,1,0,1,18,19,5.26
January 31 2022,Columbia,WA,Passenger,6,2,8,2449,2457,0.33
May 31 2022,Sacramento,CA,Passenger,1,1,2,228,230,0.87
February 28 2021,Milwaukee,WI,Passenger,1,0,1,45,46,2.17
September 30 2022,Marion,IA,Passenger,1,0,1,0,1,100.00
October 31 2022,Grant,WA,Truck,2,0,2,27994,27996,0.01
August 31 2019,Ferry,WA,Truck,0,0,0,3580,3580,0.00
June 30 2022,Washington,MD,Passenger,2,0,2,13,15,13.33
December 31 2018,Tarrant,TX,Passenger,1,0,1,205,206,0.49
November 30 2018,Morris,NJ,Passenger,1,0,1,18,19,5.26
June 30 2017,Ramsey,MN,Passenger,1,0,1,43,44,2.27
March 31 2024,Benton,WA,Truck,38,0,38,42175,42213,0.09
March 31 2023,Grays Harbor,WA,Passenger,279,179,458,48445,48903,0.94
October 31 2022,Garfield,WA,Truck,0,0,0,974,974,0.00
March 31 2019,Riverside,CA,Passenger,2,2,4,671,675,0.59
June 30 2020,Osceola,FL,Passenger,1,0,1,41,42,2.38
January 31 2021,Camden,NJ,Passenger,0,1,1,19,20,5.00
January 31 2024,Douglas,NE,Passenger,0,1,1,24,25,4.00
May 31 2022,Lake,IN,Passenger,0,1,1,9,10,10.00
July 31 2022,Williams,ND,Passenger,0,1,1,6,7,14.29
December 31 2018,San Juan,WA,Passenger,183,69,252,14215,14467,1.74
April 30 2018,Klickitat,WA,Truck,0,0,0,8063,8063,0.00
August 31 2020,Eagle,CO,Passenger,1,0,1,7,8,12.50
July 31 2019,Dallas,TX,Passenger,1,0,1,210,211,0.47
November 30 2017,Dale,AL,Passenger,0,1,1,62,63,1.59
November 30 2018,Kent,MI,Passenger,0,1,1,25,26,3.85
September 30 2018,Sacramento,CA,Passenger,0,1,1,319,320,0.31
May 31 2023,Mason,WA,Truck,10,0,10,20715,20725,0.05
October 31 2021,Solano,CA,Passenger,1,0,1,181,182,0.55
April 30 2023,Hamilton,OH,Passenger,1,0,1,31,32,3.12
November 30 2021,Carroll,MD,Passenger,0,1,1,16,17,5.88
June 30 2018,Howard,MD,Passenger,0,1,1,92,93,1.08
April 30 2018,St. Lucie,FL,Passenger,1,0,1,26,27,3.70
March 31 2023,Kootenai,ID,Truck,1,0,1,31,32,3.12
August 31 2022,St. Lawrence,NY,Passenger,1,0,1,2,3,33.33
April 30 2020,Hawaii,HI,Passenger,1,0,1,60,61,1.64
January 31 2023,Whitman,WA,Passenger,120,70,190,21954,22144,0.86
December 31 2018,Harnett,NC,Passenger,1,0,1,234,235,0.43
January 31 2020,Lee,FL,Passenger,1,0,1,52,53,1.89
October 31 2020,Pacific,WA,Passenger,34,34,68,15716,15784,0.43
September 30 2020,Arlington,VA,Passenger,0,2,2,148,150,1.33
January 31 2017,New Haven,CT,Passenger,0,1,1,65,66,1.52
March 31 2020,Flathead,MT,Passenger,1,0,1,69,70,1.43
April 30 2023,Yuba,CA,Passenger,1,0,1,52,53,1.89
February 28 2023,Suffolk,VA,Passenger,1,0,1,116,117,0.85
July 31 2022,Maricopa,AZ,Passenger,9,3,12,1019,1031,1.16
March 31 2021,Platte,MO,Passenger,1,0,1,20,21,4.76
March 31 2023,Clark,WA,Passenger,5290,2159,7449,313637,321086,2.32
November 30 2017,Island,WA,Passenger,147,157,304,61314,61618,0.49
September 30 2020,El Paso,TX,Passenger,3,0,3,423,426,0.70
February 28 2018,Montgomery,MD,Passenger,1,0,1,299,300,0.33
April 30 2022,Albemarle,VA,Passenger,3,0,3,22,25,12.00
February 28 2018,Manassas,VA,Passenger,0,1,1,9,10,10.00
March 31 2020,Randolph,NC,Passenger,1,0,1,8,9,11.11
January 31 2020,San Joaquin,CA,Passenger,1,0,1,142,143,0.70
August 31 2018,Ferry,WA,Truck,0,0,0,3550,3550,0.00
May 31 2023,New York,NY,Passenger,1,0,1,34,35,2.86
May 31 2023,Fredericksburg,VA,Passenger,1,0,1,5,6,16.67
June 30 2018,Beaufort,SC,Passenger,1,0,1,41,42,2.38
March 31 2023,Clark,NV,Passenger,9,2,11,452,463,2.38
May 31 2021,Suffolk,VA,Passenger,1,0,1,127,128,0.78
January 31 2020,Arlington,VA,Passenger,0,2,2,156,158,1.27
February 28 2022,Pennington,SD,Passenger,2,0,2,33,35,5.71
September 30 2020,Fort Bend,TX,Passenger,1,0,1,42,43,2.33
July 31 2019,Palm Beach,FL,Passenger,0,2,2,86,88,2.27
January 31 2024,Yakima,WA,Truck,17,0,17,60527,60544,0.03
December 31 2021,Clark,WA,Truck,1,0,1,83948,83949,0.00
December 31 2017,Garfield,WA,Truck,0,0,0,941,941,0.00
March 31 2023,Island,WA,Passenger,983,421,1404,61209,62613,2.24
December 31 2019,El Paso,CO,Passenger,2,1,3,753,756,0.40
August 31 2021,Randolph,NC,Passenger,1,0,1,6,7,14.29
May 31 2023,Prince William,VA,Passenger,1,2,3,169,172,1.74
February 28 2023,Cass,MN,Passenger,0,1,1,1,2,50.00
May 31 2021,Kitsap,WA,Passenger,1795,831,2626,180270,182896,1.44
October 31 2021,Dorchester,SC,Passenger,1,0,1,76,77,1.30
October 31 2020,Harrison,MS,Passenger,1,0,1,54,55,1.82
February 29 2024,Shelby,AL,Passenger,1,0,1,5,6,16.67
May 31 2017,King,WA,Passenger,9793,3989,13782,1376814,1390596,0.99
August 31 2021,San Diego,CA,Passenger,19,5,24,2582,2606,0.92
January 31 2023,Chelan,WA,Truck,15,0,15,23090,23105,0.06
March 31 2018,Los Angeles,CA,Passenger,4,4,8,1206,1214,0.66
March 31 2020,New London,CT,Passenger,1,1,2,238,240,0.83
April 30 2022,Moore,NC,Passenger,0,1,1,120,121,0.83
September 30 2022,Walla Walla,WA,Truck,2,0,2,13938,13940,0.01
November 30 2017,Franklin,OH,Passenger,0,1,1,108,109,0.92
June 30 2023,Duval,FL,Passenger,1,0,1,247,248,0.40
October 31 2023,Frederick,MD,Passenger,2,1,3,52,55,5.45
July 31 2023,Oldham,KY,Passenger,0,1,1,3,4,25.00
November 30 2020,Adams,WA,Passenger,10,6,16,12938,12954,0.12
September 30 2021,Walla Walla,WA,Truck,0,0,0,14074,14074,0.00
March 31 2022,Tarrant,TX,Passenger,3,0,3,142,145,2.07
May 31 2018,Wahkiakum,WA,Truck,0,0,0,1674,1674,0.00
August 31 2020,Alameda,CA,Passenger,2,0,2,281,283,0.71
June 30 2019,Polk,FL,Passenger,1,0,1,75,76,1.32
February 28 2023,Nassau,NY,Passenger,2,0,2,30,32,6.25
July 31 2020,Snohomish,WA,Passenger,4583,1774,6357,535447,541804,1.17
November 30 2022,Grays Harbor,WA,Passenger,242,161,403,48612,49015,0.82
November 30 2017,Pinal,AZ,Passenger,2,0,2,226,228,0.88
March 31 2021,Greene,MO,Passenger,0,1,1,37,38,2.63
July 31 2021,Louisa,VA,Passenger,0,1,1,1,2,50.00
August 31 2021,Owyhee,ID,Passenger,1,0,1,2,3,33.33
February 29 2020,Franklin,WA,Truck,0,0,0,19893,19893,0.00
December 31 2017,Lewis,WA,Passenger,54,42,96,56568,56664,0.17
October 31 2021,Suffolk,VA,Passenger,1,0,1,124,125,0.80
November 30 2017,Clay,FL,Passenger,0,1,1,109,110,0.91
May 31 2018,San Mateo,CA,Passenger,1,1,2,137,139,1.44
July 31 2023,York,VA,Passenger,1,0,1,72,73,1.37
November 30 2020,Pierce,WA,Passenger,2758,1755,4513,554540,559053,0.81
February 28 2019,Whitman,WA,Passenger,25,40,65,22746,22811,0.28
June 30 2023,Adams,CO,Passenger,1,0,1,22,23,4.35
May 31 2018,Essex,NJ,Passenger,1,0,1,12,13,7.69
March 31 2017,Los Angeles,CA,Passenger,2,1,3,1384,1387,0.22
August 31 2020,Whatcom,WA,Truck,3,0,3,43273,43276,0.01
February 29 2024,Orange,FL,Passenger,1,0,1,39,40,2.50
March 31 2018,Columbia,WA,Truck,0,0,0,1532,1532,0.00
August 31 2017,Hamilton,TN,Passenger,1,0,1,20,21,4.76
January 31 2018,Thurston,WA,Passenger,487,407,894,190600,191494,0.47
May 31 2022,Brown,WI,Passenger,1,0,1,9,10,10.00
January 31 2017,Cobb,GA,Passenger,0,1,1,84,85,1.18
August 31 2021,Honolulu,HI,Passenger,5,3,8,410,418,1.91
January 31 2019,Santa Fe,NM,Passenger,0,1,1,42,43,2.33
November 30 2021,Denton,TX,Passenger,1,0,1,76,77,1.30
October 31 2022,Platte,MO,Passenger,1,0,1,21,22,4.55
December 31 2019,DeKalb,IN,Passenger,1,0,1,1,2,50.00
June 30 2022,Santa Clara,CA,Passenger,13,2,15,259,274,5.47
May 31 2017,Multnomah,OR,Passenger,1,3,4,1036,1040,0.38
December 31 2021,Lake,IL,Passenger,3,0,3,161,164,1.83
October 31 2017,Whatcom,WA,Truck,2,0,2,41877,41879,0.00
June 30 2022,Lincoln,WA,Passenger,8,18,26,7701,7727,0.34
September 30 2023,Henrico,VA,Passenger,0,1,1,8,9,11.11
March 31 2019,San Juan,WA,Passenger,197,70,267,14284,14551,1.83
March 31 2021,Asotin,WA,Truck,0,0,0,6721,6721,0.00
April 30 2017,Dakota,MN,Passenger,0,1,1,41,42,2.38
August 31 2022,Manassas,VA,Passenger,0,1,1,8,9,11.11
January 31 2018,King,WA,Passenger,11614,4877,16491,1370443,1386934,1.19
November 30 2020,Whitman,WA,Passenger,51,44,95,21946,22041,0.43
January 31 2021,Contra Costa,CA,Passenger,3,3,6,275,281,2.14
November 30 2018,Honolulu,HI,Passenger,1,3,4,526,530,0.75
September 30 2018,Spokane,WA,Passenger,359,344,703,305087,305790,0.23
February 28 2022,King,WA,Passenger,37195,10519,47714,1353009,1400723,3.41
January 31 2021,Franklin,WA,Passenger,89,84,173,61480,61653,0.28
May 31 2018,San Diego,CA,Passenger,7,1,8,2588,2596,0.31
August 31 2021,Palm Beach,FL,Passenger,0,1,1,70,71,1.41
March 31 2021,Arapahoe,CO,Passenger,1,0,1,127,128,0.78
March 31 2020,Henrico,VA,Passenger,0,1,1,20,21,4.76
August 31 2023,San Francisco,CA,Passenger,1,0,1,56,57,1.75
September 30 2018,Travis,TX,Passenger,1,0,1,207,208,0.48
October 31 2017,Lewis,WA,Truck,0,0,0,25215,25215,0.00
March 31 2018,Santa Clara,CA,Passenger,6,1,7,388,395,1.77
March 31 2022,Pend Oreille,WA,Truck,0,0,0,5683,5683,0.00
November 30 2022,Hawaii,HI,Passenger,1,0,1,33,34,2.94
July 31 2023,Clark,WA,Passenger,6057,2383,8440,313551,321991,2.62
June 30 2023,Lincoln,WA,Passenger,17,19,36,7658,7694,0.47
October 31 2022,Yellowstone,MT,Passenger,0,1,1,18,19,5.26
August 31 2020,Randolph,NC,Passenger,1,0,1,8,9,11.11
April 30 2017,Essex,NJ,Passenger,1,0,1,18,19,5.26
June 30 2018,Pierce,WA,Passenger,1228,1173,2401,532131,534532,0.45
October 31 2018,Island,WA,Truck,0,0,0,21120,21120,0.00
November 30 2018,Collier,FL,Passenger,1,0,1,21,22,4.55
January 31 2018,Douglas,WA,Truck,0,0,0,11790,11790,0.00
November 30 2017,Pend Oreille,WA,Truck,0,0,0,5596,5596,0.00
December 31 2023,Chesapeake,VA,Passenger,2,1,3,274,277,1.08
October 31 2021,Nassau,NY,Passenger,3,0,3,34,37,8.11
November 30 2020,King,WA,Truck,6,1,7,184122,184129,0.00
October 31 2017,Douglas,WA,Truck,0,0,0,11658,11658,0.00
March 31 2024,Los Angeles,CA,Passenger,5,4,9,509,518,1.74
March 31 2018,Monterey,CA,Passenger,0,2,2,191,193,1.04
August 31 2019,Houston,GA,Passenger,1,0,1,57,58,1.72
September 30 2023,Washington,MD,Passenger,1,0,1,12,13,7.69
April 30 2018,Richland,SC,Passenger,0,1,1,175,176,0.57
February 28 2017,Pacific,WA,Passenger,5,6,11,14989,15000,0.07
April 30 2022,Harrison,MS,Passenger,2,0,2,52,54,3.70
August 31 2020,Pacific,WA,Truck,0,0,0,7721,7721,0.00
June 30 2018,District of Columbia,DC,Passenger,0,3,3,187,190,1.58
August 31 2019,Lake,FL,Passenger,1,0,1,22,23,4.35
September 30 2021,Dallas,IA,Passenger,0,1,1,9,10,10.00
December 31 2020,Riverside,CA,Passenger,4,1,5,606,611,0.82
October 31 2021,New York,NY,Passenger,2,0,2,44,46,4.35
April 30 2024,Lewis,WA,Truck,15,0,15,24772,24787,0.06
June 30 2019,Allegheny,PA,Passenger,1,0,1,85,86,1.16
April 30 2021,Kings,NY,Passenger,1,0,1,71,72,1.39
January 31 2022,Klamath,OR,Passenger,1,0,1,31,32,3.12
July 31 2019,Pierce,WA,Truck,0,0,0,139981,139981,0.00
June 30 2018,Stevens,WA,Passenger,11,25,36,31632,31668,0.11
August 31 2018,Duval,FL,Passenger,1,2,3,381,384,0.78
October 31 2019,Santa Rosa,FL,Passenger,1,0,1,93,94,1.06
July 31 2023,Miami-Dade,FL,Passenger,1,0,1,59,60,1.67
July 31 2020,Williams,ND,Passenger,0,1,1,11,12,8.33
October 31 2023,Lewis,WA,Truck,8,0,8,25739,25747,0.03
April 30 2020,Thurston,WA,Truck,0,0,0,55490,55490,0.00
October 31 2022,Whatcom,WA,Passenger,1993,784,2777,148530,151307,1.84
May 31 2021,Charles,MD,Passenger,1,1,2,72,74,2.70
November 30 2019,Tulsa,OK,Passenger,1,1,2,55,57,3.51
December 31 2020,Allegheny,PA,Passenger,2,1,3,77,80,3.75
September 30 2021,Montgomery,PA,Passenger,2,0,2,23,25,8.00
May 31 2022,Harrison,MS,Passenger,2,0,2,52,54,3.70
January 31 2021,Hillsborough,FL,Passenger,0,1,1,172,173,0.58
January 31 2023,Boulder,CO,Passenger,2,0,2,42,44,4.55
October 31 2020,Mason,WA,Truck,0,0,0,20825,20825,0.00
August 31 2022,Washtenaw,MI,Passenger,0,1,1,27,28,3.57
February 29 2020,Columbia,OR,Passenger,1,0,1,27,28,3.57
June 30 2020,Yakima,WA,Truck,0,0,0,59883,59883,0.00
May 31 2022,Essex,NJ,Passenger,2,0,2,13,15,13.33
March 31 2021,Vigo,IN,Passenger,1,0,1,5,6,16.67
December 31 2017,Lake,CA,Passenger,0,1,1,10,11,9.09
September 30 2021,Yakima,WA,Passenger,258,164,422,168891,169313,0.25
March 31 2020,Fairfax,VA,Passenger,5,3,8,761,769,1.04
May 31 2020,Houston,GA,Passenger,1,0,1,56,57,1.75
August 31 2017,Sedgwick,KS,Passenger,0,1,1,106,107,0.93
September 30 2022,Fairfax,VA,Passenger,7,3,10,634,644,1.55
October 31 2019,Hudson,NJ,Passenger,1,0,1,41,42,2.38
March 31 2023,Yakima,WA,Passenger,456,238,694,165936,166630,0.42
May 31 2018,Benton,WA,Passenger,188,195,383,131286,131669,0.29
June 30 2018,Benton,WA,Passenger,192,199,391,131460,131851,0.30
August 31 2018,Multnomah,OR,Passenger,3,5,8,788,796,1.01
June 30 2018,Skamania,WA,Truck,0,0,0,3947,3947,0.00
August 31 2021,Deschutes,OR,Passenger,1,0,1,123,124,0.81
March 31 2019,Polk,FL,Passenger,1,0,1,71,72,1.39
August 31 2022,Geary,KS,Passenger,1,0,1,80,81,1.23
February 29 2020,Harrison,MS,Passenger,1,0,1,63,64,1.56
September 30 2020,Fresno,CA,Passenger,1,0,1,193,194,0.52
March 31 2020,Pinal,AZ,Passenger,1,0,1,198,199,0.50
January 31 2020,Larimer,CO,Passenger,1,0,1,55,56,1.79
April 30 2017,Morris,NJ,Passenger,1,0,1,22,23,4.35
April 30 2018,Beaufort,SC,Passenger,1,0,1,41,42,2.38
October 31 2022,Denton,TX,Passenger,2,0,2,60,62,3.23
November 30 2018,Valencia,NM,Passenger,1,0,1,12,13,7.69
May 31 2020,King,WA,Passenger,24013,7687,31700,1374299,1405999,2.25
January 31 2017,Marion,OR,Passenger,1,0,1,243,244,0.41
September 30 2021,Alexandria,VA,Passenger,3,0,3,123,126,2.38
April 30 2022,Columbia,OR,Passenger,1,0,1,24,25,4.00
December 31 2019,Cascade,MT,Passenger,0,1,1,60,61,1.64
September 30 2018,Lee,FL,Passenger,1,0,1,57,58,1.72
September 30 2017,Stevens,WA,Passenger,8,22,30,31541,31571,0.10
March 31 2021,Chelan,WA,Passenger,304,94,398,54533,54931,0.72
June 30 2018,Garfield,WA,Passenger,1,1,2,1316,1318,0.15
August 31 2023,Marion,OR,Passenger,1,0,1,56,57,1.75
August 31 2023,Kauai,HI,Passenger,0,1,1,14,15,6.67
October 31 2022,Essex,NJ,Passenger,2,0,2,12,14,14.29
August 31 2022,Thurston,WA,Truck,17,0,17,55058,55075,0.03
August 31 2018,Jefferson,WA,Truck,0,0,0,9616,9616,0.00
April 30 2018,Franklin,WA,Truck,0,0,0,18594,18594,0.00
January 31 2022,Douglas,WA,Passenger,119,56,175,28575,28750,0.61
October 31 2023,Stevens,WA,Passenger,132,73,205,29567,29772,0.69
June 30 2017,Honolulu,HI,Passenger,3,2,5,601,606,0.83
January 31 2018,Palm Beach,FL,Passenger,0,2,2,87,89,2.25
September 30 2021,Hennepin,MN,Passenger,3,0,3,79,82,3.66
October 31 2018,Snohomish,WA,Passenger,2638,1378,4016,525835,529851,0.76
May 31 2023,Klickitat,WA,Truck,11,0,11,8254,8265,0.13
September 30 2021,Cowlitz,WA,Truck,0,1,1,29025,29026,0.00
November 30 2020,Lewis,WA,Truck,0,0,0,26548,26548,0.00
July 31 2019,Ada,ID,Passenger,0,2,2,318,320,0.62
March 31 2023,Maui,HI,Passenger,1,0,1,24,25,4.00
September 30 2017,Frederick,MD,Passenger,0,1,1,84,85,1.18
September 30 2017,Yakima,WA,Passenger,57,69,126,160597,160723,0.08
September 30 2019,Okanogan,WA,Passenger,24,26,50,26226,26276,0.19
June 30 2021,Clallam,WA,Passenger,329,217,546,50481,51027,1.07
March 31 2021,Douglas,CO,Passenger,0,1,1,83,84,1.19
April 30 2021,Denver,CO,Passenger,1,0,1,121,122,0.82
December 31 2019,Goochland,VA,Passenger,2,1,3,272,275,1.09
September 30 2017,New London,CT,Passenger,1,0,1,243,244,0.41
January 31 2023,Yavapai,AZ,Passenger,0,1,1,22,23,4.35
November 30 2017,Adams,WA,Passenger,3,5,8,12354,12362,0.06
November 30 2018,Mason,WA,Truck,0,0,0,20182,20182,0.00
February 28 2021,Norfolk,VA,Passenger,2,3,5,331,336,1.49
February 28 2022,Nueces,TX,Passenger,1,1,2,62,64,3.12
August 31 2023,Lee,AL,Passenger,1,0,1,13,14,7.14
October 31 2019,Monroe,IL,Passenger,1,0,1,4,5,20.00
October 31 2018,Nantucket,MA,Passenger,1,0,1,4,5,20.00
November 30 2021,Island,WA,Passenger,700,342,1042,62813,63855,1.63
June 30 2018,Pacific,WA,Passenger,17,20,37,15563,15600,0.24
January 31 2020,Island,WA,Truck,1,0,1,21347,21348,0.00
January 31 2017,Pend Oreille,WA,Passenger,1,4,5,9344,9349,0.05
April 30 2023,New London,CT,Passenger,2,2,4,172,176,2.27
May 31 2022,Honolulu,HI,Passenger,5,4,9,376,385,2.34
August 31 2023,Wichita,TX,Passenger,2,0,2,36,38,5.26
July 31 2018,Twin Falls,ID,Passenger,0,1,1,24,25,4.00
August 31 2022,Sevier,AR,Passenger,0,1,1,0,1,100.00
May 31 2021,Skamania,WA,Passenger,43,32,75,8384,8459,0.89
July 31 2022,Newport,RI,Passenger,0,1,1,67,68,1.47
June 30 2018,Island,WA,Passenger,197,189,386,62503,62889,0.61
February 28 2018,Portsmouth,VA,Passenger,0,1,1,71,72,1.39
November 30 2017,Whitman,WA,Truck,0,0,0,8438,8438,0.00
February 28 2018,Frederick,MD,Passenger,0,1,1,90,91,1.10
October 31 2021,DeKalb,GA,Passenger,1,0,1,61,62,1.61
October 31 2023,Hardin,KY,Passenger,1,0,1,55,56,1.79
February 28 2021,Kootenai,ID,Passenger,0,1,1,206,207,0.48
July 31 2019,Harnett,NC,Passenger,1,1,2,220,222,0.90
December 31 2023,Garfield,OK,Passenger,1,0,1,14,15,6.67
January 31 2020,Walla Walla,WA,Truck,0,0,0,13708,13708,0.00
January 31 2019,Grant,WA,Passenger,33,53,86,64361,64447,0.13
September 30 2021,Multnomah,OR,Passenger,2,6,8,659,667,1.20
March 31 2023,Currituck,NC,Passenger,1,0,1,19,20,5.00
April 30 2017,Dale,AL,Passenger,0,1,1,64,65,1.54
November 30 2019,Dallas,TX,Passenger,1,0,1,214,215,0.47
February 28 2021,Miami-Dade,FL,Passenger,1,0,1,101,102,0.98
May 31 2021,Pend Oreille,WA,Truck,0,0,0,5745,5745,0.00
January 31 2020,Charles,MD,Passenger,0,1,1,85,86,1.16
December 31 2018,Carroll,NH,Passenger,0,1,1,1,2,50.00
January 31 2024,Thurston,WA,Passenger,3906,1422,5328,188543,193871,2.75
October 31 2022,Ferry,WA,Passenger,24,4,28,4380,4408,0.64
August 31 2022,Coryell,TX,Passenger,1,0,1,93,94,1.06
July 31 2019,Lake,IL,Passenger,1,0,1,175,176,0.57
November 30 2022,Norfolk,MA,Passenger,1,0,1,23,24,4.17
October 31 2023,DuPage,IL,Passenger,2,1,3,31,34,8.82
March 31 2021,Clallam,WA,Passenger,299,199,498,50111,50609,0.98
January 31 2019,Goochland,VA,Passenger,0,1,1,249,250,0.40
May 31 2017,Klickitat,WA,Truck,0,0,0,7959,7959,0.00
December 31 2023,St. Mary's,MD,Passenger,1,0,1,169,170,0.59
December 31 2021,Hillsborough,FL,Passenger,0,2,2,147,149,1.34
March 31 2017,Missoula,MT,Passenger,1,0,1,80,81,1.23
September 30 2018,Oldham,KY,Passenger,0,1,1,5,6,16.67
September 30 2023,Cowlitz,WA,Passenger,539,233,772,69934,70706,1.09
November 30 2019,Clallam,WA,Passenger,195,153,348,50903,51251,0.68
April 30 2018,Collier,FL,Passenger,1,0,1,21,22,4.55
August 31 2020,Pulaski,MO,Passenger,1,0,1,146,147,0.68
July 31 2019,Prince George's,MD,Passenger,1,1,2,179,181,1.10
June 30 2018,Tarrant,TX,Passenger,1,0,1,220,221,0.45
November 30 2021,Champaign,IL,Passenger,1,0,1,11,12,8.33
August 31 2017,Orange,FL,Passenger,1,1,2,145,147,1.36
April 30 2023,Wichita,TX,Passenger,2,0,2,36,38,5.26
April 30 2021,Boulder,CO,Passenger,1,1,2,51,53,3.77
February 28 2019,Owyhee,ID,Passenger,1,0,1,5,6,16.67
July 31 2022,Norfolk,MA,Passenger,1,0,1,24,25,4.00
December 31 2017,Skagit,WA,Passenger,167,138,305,89550,89855,0.34
July 31 2022,Franklin,WA,Truck,1,0,1,20854,20855,0.00
June 30 2019,New London,CT,Passenger,0,1,1,234,235,0.43
March 31 2018,Duval,FL,Passenger,1,2,3,373,376,0.80
July 31 2020,Pulaski,MO,Passenger,1,0,1,146,147,0.68
February 28 2021,Jones,GA,Passenger,1,0,1,1,2,50.00
April 30 2017,Grant,WA,Truck,0,0,0,25090,25090,0.00
August 31 2022,Okanogan,WA,Truck,1,0,1,16525,16526,0.01
July 31 2022,Benton,WA,Truck,3,0,3,43468,43471,0.01
August 31 2017,Garfield,WA,Passenger,1,0,1,1302,1303,0.08
November 30 2022,Chesapeake,VA,Passenger,2,2,4,329,333,1.20
January 31 2017,San Mateo,CA,Passenger,0,1,1,177,178,0.56
March 31 2022,Lake,IL,Passenger,3,0,3,153,156,1.92
February 29 2024,Alexandria,VA,Passenger,3,0,3,77,80,3.75
February 28 2019,Dale,AL,Passenger,0,1,1,54,55,1.82
August 31 2021,Juneau,AK,Passenger,0,1,1,27,28,3.57
February 28 2023,Island,WA,Truck,20,0,20,21063,21083,0.09
June 30 2019,Skagit,WA,Truck,1,0,1,32437,32438,0.00
March 31 2018,Riverside,CA,Passenger,2,2,4,711,715,0.56
August 31 2023,Miami-Dade,FL,Passenger,1,0,1,59,60,1.67
December 31 2018,New London,CT,Passenger,0,1,1,247,248,0.40
September 30 2019,Travis,TX,Passenger,4,1,5,217,222,2.25
June 30 2023,DeKalb,GA,Passenger,2,0,2,42,44,4.55
November 30 2023,Cache,UT,Passenger,1,0,1,10,11,9.09
March 31 2024,Lincoln,WA,Passenger,26,26,52,7475,7527,0.69
July 31 2022,Kootenai,ID,Passenger,0,1,1,158,159,0.63
November 30 2022,St. Clair,IL,Passenger,1,0,1,115,116,0.86
May 31 2022,Boulder,CO,Passenger,2,0,2,47,49,4.08
September 30 2023,Yakima,WA,Truck,15,0,15,60978,60993,0.02
January 31 2021,Lewis,WA,Passenger,126,133,259,58891,59150,0.44
June 30 2020,Stevens,WA,Passenger,37,33,70,30636,30706,0.23
May 31 2021,Deschutes,OR,Passenger,2,0,2,127,129,1.55
October 31 2023,Coryell,TX,Passenger,1,0,1,68,69,1.45
August 31 2023,Orange,NC,Passenger,0,1,1,5,6,16.67
April 30 2023,Stevens,WA,Passenger,108,62,170,29734,29904,0.57
September 30 2020,Pulaski,MO,Passenger,1,0,1,147,148,0.68
December 31 2023,Monterey,CA,Passenger,0,4,4,119,123,3.25
March 31 2021,Kittitas,WA,Passenger,146,55,201,29887,30088,0.67
May 31 2018,,,Passenger,4,2,6,434,440,1.36
February 29 2020,Harford,MD,Passenger,0,1,1,58,59,1.69
July 31 2021,New London,CT,Passenger,1,1,2,215,217,0.92
December 31 2019,Cowlitz,WA,Truck,0,0,0,29030,29030,0.00
October 31 2023,Berkeley,SC,Passenger,1,1,2,93,95,2.11
March 31 2018,Allegheny,PA,Passenger,1,0,1,81,82,1.22
December 31 2020,Montgomery,OH,Passenger,0,1,1,52,53,1.89
April 30 2020,Brevard,FL,Passenger,0,1,1,91,92,1.09
October 31 2018,DeKalb,IN,Passenger,1,0,1,1,2,50.00
July 31 2023,Grant,WA,Passenger,296,131,427,67174,67601,0.63
September 30 2018,Deschutes,OR,Passenger,2,0,2,171,173,1.16
February 28 2022,Alameda,CA,Passenger,5,0,5,223,228,2.19
July 31 2021,Newport,RI,Passenger,0,1,1,78,79,1.27
September 30 2017,Santa Rosa,FL,Passenger,1,0,1,114,115,0.87
September 30 2022,Sumter,SC,Passenger,0,1,1,33,34,2.94
June 30 2023,Camden,NJ,Passenger,0,1,1,13,14,7.14
April 30 2022,,,Passenger,5,1,6,325,331,1.81
January 31 2020,Goochland,VA,Passenger,2,1,3,273,276,1.09
November 30 2019,Calvert,MD,Passenger,0,2,2,91,93,2.15
October 31 2023,Sheridan,WY,Passenger,1,0,1,3,4,25.00
September 30 2023,Sonoma,CA,Passenger,3,1,4,63,67,5.97
July 31 2023,Grays Harbor,WA,Passenger,320,194,514,48240,48754,1.05
January 31 2018,Hardin,KY,Passenger,0,1,1,113,114,0.88
July 31 2021,Benton,WA,Truck,0,0,0,43648,43648,0.00
January 31 2021,Allegheny,PA,Passenger,2,1,3,76,79,3.80
May 31 2023,Boulder,CO,Passenger,2,0,2,37,39,5.13
June 30 2019,Benton,WA,Passenger,258,279,537,133757,134294,0.40
January 31 2020,Stafford,VA,Passenger,1,1,2,98,100,2.00
November 30 2023,Yakima,WA,Truck,16,0,16,60776,60792,0.03
December 31 2017,Asotin,WA,Truck,0,0,0,6542,6542,0.00
March 31 2019,Columbia,WA,Truck,0,0,0,1527,1527,0.00
February 28 2023,Chesterfield,VA,Passenger,1,0,1,38,39,2.56
May 31 2018,Skagit,WA,Passenger,198,163,361,90250,90611,0.40
August 31 2017,Kitsap,WA,Passenger,638,336,974,173815,174789,0.56
February 29 2024,Skamania,WA,Passenger,140,55,195,7848,8043,2.42
July 31 2022,Prince George's,MD,Passenger,3,1,4,132,136,2.94
March 31 2021,Kent,MI,Passenger,0,1,1,28,29,3.45
August 31 2022,Meade,KY,Passenger,1,0,1,23,24,4.17
June 30 2018,Cook,IL,Passenger,1,0,1,268,269,0.37
March 31 2023,Nassau,NY,Passenger,2,0,2,30,32,6.25
August 31 2022,Columbia,WA,Truck,0,0,0,1572,1572,0.00
May 31 2021,Montgomery,OH,Passenger,0,1,1,57,58,1.72
February 28 2023,DeKalb,GA,Passenger,2,0,2,45,47,4.26
July 31 2021,RÃ­o Grande,PR,Passenger,1,0,1,0,1,100.00
November 30 2023,Benton,WA,Truck,35,0,35,42984,43019,0.08
October 31 2019,Fresno,CA,Passenger,1,0,1,205,206,0.49
March 31 2024,Wichita,TX,Passenger,2,0,2,31,33,6.06
May 31 2023,Newport,RI,Passenger,0,1,1,56,57,1.75
January 31 2022,Orange,CA,Passenger,6,3,9,423,432,2.08
February 28 2022,Garfield,WA,Passenger,0,3,3,1348,1351,0.22
May 31 2023,Calvert,MD,Passenger,1,1,2,77,79,2.53
November 30 2021,Snohomish,WA,Truck,2,0,2,125637,125639,0.00
March 31 2019,Pinal,AZ,Passenger,2,0,2,204,206,0.97
December 31 2021,Pulaski,MO,Passenger,2,0,2,128,130,1.54
July 31 2019,DeKalb,IN,Passenger,1,0,1,1,2,50.00
August 31 2017,Kittitas,WA,Passenger,28,21,49,27885,27934,0.18
November 30 2023,Skamania,WA,Truck,1,0,1,3807,3808,0.03
December 31 2018,Cumberland,NC,Passenger,0,1,1,534,535,0.19
January 31 2023,Prince William,VA,Passenger,1,2,3,187,190,1.58
February 28 2018,Dallas,TX,Passenger,0,1,1,192,193,0.52
July 31 2022,Albemarle,VA,Passenger,3,0,3,21,24,12.50
July 31 2021,Salt Lake,UT,Passenger,0,1,1,183,184,0.54
July 31 2020,Nassau,NY,Passenger,4,0,4,35,39,10.26
February 28 2021,King,WA,Truck,6,1,7,184259,184266,0.00
June 30 2021,Okanogan,WA,Truck,0,0,0,16744,16744,0.00
October 31 2018,Whitman,WA,Truck,0,0,0,8535,8535,0.00
December 31 2018,,,Passenger,4,2,6,427,433,1.39
October 31 2018,Honolulu,HI,Passenger,1,2,3,526,529,0.57
November 30 2019,Collier,FL,Passenger,1,0,1,20,21,4.76
July 31 2020,Twin Falls,ID,Passenger,0,1,1,24,25,4.00
May 31 2018,Whatcom,WA,Passenger,613,281,894,147164,148058,0.60
August 31 2017,Albemarle,VA,Passenger,0,1,1,32,33,3.03
April 30 2018,Montgomery,TN,Passenger,1,0,1,275,276,0.36
July 31 2020,Hudson,NJ,Passenger,1,0,1,39,40,2.50
November 30 2020,Saginaw,MI,Passenger,1,0,1,11,12,8.33
September 30 2019,Stafford,VA,Passenger,1,1,2,101,103,1.94
March 31 2023,Cochise,AZ,Passenger,1,0,1,63,64,1.56
October 31 2023,Island,WA,Truck,35,0,35,20903,20938,0.17
June 30 2022,Middlesex,MA,Passenger,2,0,2,92,94,2.13
April 30 2021,Dakota,MN,Passenger,0,1,1,28,29,3.45
August 31 2021,Pennington,SD,Passenger,1,0,1,33,34,2.94
August 31 2017,Manatee,FL,Passenger,1,0,1,42,43,2.33
April 30 2021,Jones,GA,Passenger,1,0,1,1,2,50.00
April 30 2017,Clallam,WA,Passenger,80,68,148,48126,48274,0.31
June 30 2021,Kings,CA,Passenger,1,0,1,323,324,0.31
August 31 2019,Stafford,VA,Passenger,1,1,2,102,104,1.92
July 31 2023,DuPage,IL,Passenger,2,1,3,34,37,8.11
October 31 2021,Rockingham,NH,Passenger,1,0,1,20,21,4.76
October 31 2020,San Diego,CA,Passenger,15,2,17,2730,2747,0.62
July 31 2021,Fairfax,VA,Passenger,5,4,9,713,722,1.25
October 31 2020,Suffolk,VA,Passenger,1,0,1,126,127,0.79
March 31 2021,Anne Arundel,MD,Passenger,3,1,4,394,398,1.01
November 30 2017,Orange,FL,Passenger,1,1,2,145,147,1.36
August 31 2017,Norfolk,MA,Passenger,1,0,1,39,40,2.50
June 30 2021,Orange,NC,Passenger,0,1,1,13,14,7.14
September 30 2018,Mason,WA,Passenger,94,98,192,46175,46367,0.41
May 31 2023,Whitman,WA,Truck,4,0,4,8592,8596,0.05
March 31 2019,Santa Cruz,CA,Passenger,1,0,1,44,45,2.22
February 29 2020,Douglas,NE,Passenger,0,1,1,59,60,1.67
March 31 2022,Juneau,AK,Passenger,0,1,1,32,33,3.03
February 29 2024,Charles,MD,Passenger,1,1,2,48,50,4.00
January 31 2024,Lewis,WA,Passenger,412,320,732,59270,60002,1.22
February 28 2018,Clark,NV,Passenger,2,2,4,752,756,0.53
January 31 2020,Denton,TX,Passenger,1,0,1,95,96,1.04
November 30 2019,Douglas,NE,Passenger,0,1,1,61,62,1.61
March 31 2018,Morris,NJ,Passenger,1,0,1,19,20,5.00
May 31 2021,Lewis,WA,Passenger,157,137,294,59785,60079,0.49
January 31 2017,Grant,WA,Truck,0,0,0,25040,25040,0.00
May 31 2018,Kittitas,WA,Truck,0,0,0,14028,14028,0.00
September 30 2019,St. Mary's,MD,Passenger,1,0,1,217,218,0.46
August 31 2023,Burlington,NJ,Passenger,2,2,4,86,90,4.44
March 31 2020,Thurston,WA,Truck,0,0,0,55672,55672,0.00
May 31 2018,Wahkiakum,WA,Passenger,1,2,3,2902,2905,0.10
January 31 2019,Pend Oreille,WA,Passenger,5,5,10,9535,9545,0.10
November 30 2021,Alexandria,VA,Passenger,3,0,3,118,121,2.48
March 31 2022,Charleston,SC,Passenger,2,1,3,71,74,4.05
October 31 2019,Yakima,WA,Truck,0,0,0,59481,59481,0.00
May 31 2021,Anchorage,AK,Passenger,1,0,1,147,148,0.68
August 31 2020,San Francisco,CA,Passenger,2,1,3,97,100,3.00
November 30 2017,Multnomah,OR,Passenger,3,3,6,909,915,0.66
December 31 2020,Garfield,WA,Passenger,0,2,2,1366,1368,0.15
July 31 2021,Whitman,WA,Truck,0,0,0,8591,8591,0.00
February 28 2021,Solano,CA,Passenger,1,0,1,199,200,0.50
June 30 2020,Guadalupe,TX,Passenger,1,0,1,69,70,1.43
May 31 2021,Pierce,WA,Passenger,3380,1940,5320,559491,564811,0.94
January 31 2022,Lewis,WA,Passenger,211,167,378,59471,59849,0.63
December 31 2018,Jefferson,WA,Passenger,168,106,274,24835,25109,1.09
April 30 2020,Ferry,WA,Passenger,5,3,8,4333,4341,0.18
November 30 2018,Whatcom,WA,Truck,2,0,2,42655,42657,0.00
March 31 2020,Mason,WA,Truck,0,0,0,20570,20570,0.00
December 31 2018,Fairfax,VA,Passenger,4,2,6,814,820,0.73
March 31 2019,St. Clair,IL,Passenger,0,1,1,165,166,0.60
February 28 2021,Dakota,MN,Passenger,0,1,1,27,28,3.57
June 30 2020,Cascade,MT,Passenger,0,1,1,59,60,1.67
March 31 2024,Chesterfield,VA,Passenger,1,0,1,31,32,3.12
January 31 2021,Hamilton,IN,Passenger,2,0,2,38,40,5.00
April 30 2021,Nassau,FL,Passenger,1,0,1,31,32,3.12
May 31 2019,Berkshire,MA,Passenger,0,1,1,4,5,20.00
March 31 2019,Grant,WA,Passenger,34,55,89,64205,64294,0.14
November 30 2018,Ventura,CA,Passenger,0,2,2,328,330,0.61
December 31 2019,Kittitas,WA,Truck,0,0,0,14627,14627,0.00
July 31 2023,Douglas,WA,Truck,6,0,6,13042,13048,0.05
April 30 2022,Charles,MD,Passenger,0,1,1,61,62,1.61
March 31 2022,Currituck,NC,Passenger,1,0,1,23,24,4.17
May 31 2019,Pacific,WA,Passenger,24,28,52,15945,15997,0.33
November 30 2022,Columbia,WA,Truck,0,0,0,1586,1586,0.00
November 30 2018,Bergen,NJ,Passenger,1,0,1,28,29,3.45
July 31 2022,Pierce,WA,Truck,20,0,20,141082,141102,0.01
September 30 2019,Alameda,CA,Passenger,3,1,4,302,306,1.31
February 29 2020,Washoe,NV,Passenger,1,0,1,117,118,0.85
October 31 2021,Whatcom,WA,Passenger,1582,646,2228,150313,152541,1.46
September 30 2022,Lincoln,WA,Passenger,10,16,26,7712,7738,0.34
January 31 2020,Brevard,FL,Passenger,0,1,1,92,93,1.08
June 30 2022,Brown,WI,Passenger,1,0,1,10,11,9.09
September 30 2021,Essex,NJ,Passenger,2,0,2,13,15,13.33
February 28 2017,Walla Walla,WA,Passenger,17,21,38,34783,34821,0.11
November 30 2021,Bexar,TX,Passenger,2,4,6,528,534,1.12
August 31 2019,Sedgwick,KS,Passenger,1,1,2,101,103,1.94
December 31 2023,Franklin,WA,Passenger,383,161,544,62237,62781,0.87
February 28 2017,Clackamas,OR,Passenger,1,2,3,358,361,0.83
February 28 2017,Pend Oreille,WA,Truck,0,0,0,5574,5574,0.00
May 31 2022,Charleston,SC,Passenger,2,1,3,67,70,4.29
August 31 2022,Adams,CO,Passenger,1,0,1,36,37,2.70
February 28 2018,Snohomish,WA,Passenger,2089,1118,3207,517192,520399,0.62
May 31 2023,Benton,WA,Passenger,1118,561,1679,135512,137191,1.22
April 30 2019,Fresno,CA,Passenger,1,0,1,197,198,0.51
June 30 2020,Adams,WA,Truck,0,0,0,5261,5261,0.00
October 31 2019,Garfield,WA,Truck,0,0,0,961,961,0.00
March 31 2022,Yellowstone,MT,Passenger,0,1,1,28,29,3.45
February 28 2023,Mason,WA,Passenger,393,197,590,46619,47209,1.25
December 31 2018,Okanogan,WA,Passenger,16,22,38,26061,26099,0.15
May 31 2017,Whatcom,WA,Passenger,456,167,623,142659,143282,0.43
July 31 2023,Riverside,CA,Passenger,7,0,7,386,393,1.78
February 28 2021,Platte,MO,Passenger,1,0,1,20,21,4.76
November 30 2019,El Paso,CO,Passenger,2,1,3,752,755,0.40
June 30 2018,Sangamon,IL,Passenger,1,0,1,11,12,8.33
March 31 2022,Skamania,WA,Truck,0,0,0,3967,3967,0.00
January 31 2023,York,VA,Passenger,1,0,1,78,79,1.27
December 31 2022,Bryan,GA,Passenger,0,1,1,36,37,2.70
November 30 2017,Clark,WA,Truck,0,0,0,78229,78229,0.00
November 30 2023,Thurston,WA,Truck,81,0,81,53511,53592,0.15
June 30 2022,Columbia,WA,Truck,0,0,0,1578,1578,0.00
February 28 2019,Travis,TX,Passenger,4,1,5,213,218,2.29
August 31 2019,Cook,IL,Passenger,1,0,1,252,253,0.40
November 30 2023,Berkeley,SC,Passenger,1,1,2,90,92,2.17
March 31 2020,Arapahoe,CO,Passenger,1,0,1,146,147,0.68
August 31 2022,Nassau,NY,Passenger,3,0,3,33,36,8.33
October 31 2021,Wilson,NC,Passenger,1,0,1,0,1,100.00
September 30 2023,Clark,WA,Truck,118,0,118,81257,81375,0.15
April 30 2023,Clallam,WA,Passenger,520,279,799,49099,49898,1.60
March 31 2019,Douglas,WA,Passenger,53,34,87,27887,27974,0.31
December 31 2022,Penobscot,ME,Passenger,0,1,1,9,10,10.00
August 31 2019,Eagle,CO,Passenger,1,0,1,6,7,14.29
January 31 2022,Danville,VA,Passenger,1,0,1,0,1,100.00
December 31 2023,Yellowstone,MT,Passenger,0,1,1,10,11,9.09
December 31 2022,Broward,FL,Passenger,1,0,1,72,73,1.37
July 31 2021,Portsmouth,VA,Passenger,0,1,1,80,81,1.23
September 30 2022,Kings,CA,Passenger,2,1,3,299,302,0.99
November 30 2017,Queens,NY,Passenger,1,0,1,61,62,1.61
March 31 2023,Goochland,VA,Passenger,2,2,4,78,82,4.88
November 30 2019,Spokane,WA,Passenger,630,469,1099,314541,315640,0.35
May 31 2021,Walla Walla,WA,Truck,0,0,0,14039,14039,0.00
November 30 2021,Deschutes,OR,Passenger,2,0,2,114,116,1.72
July 31 2019,Vigo,IN,Passenger,1,0,1,6,7,14.29
November 30 2021,Orange,NC,Passenger,0,1,1,12,13,7.69
October 31 2017,Eagle,CO,Passenger,1,0,1,7,8,12.50
May 31 2022,Sonoma,CA,Passenger,0,1,1,87,88,1.14
January 31 2022,San Francisco,CA,Passenger,1,1,2,97,99,2.02
January 31 2017,Lincoln,WA,Truck,0,0,0,4462,4462,0.00
May 31 2023,Hardin,KY,Passenger,1,0,1,57,58,1.72
September 30 2021,San Joaquin,CA,Passenger,1,1,2,105,107,1.87
September 30 2017,Manatee,FL,Passenger,1,0,1,41,42,2.38
August 31 2022,Multnomah,OR,Passenger,0,3,3,542,545,0.55
February 28 2023,San Juan,WA,Truck,10,0,10,5897,5907,0.17
July 31 2022,Harris,TX,Passenger,1,0,1,164,165,0.61
July 31 2019,Richland,SC,Passenger,0,1,1,162,163,0.61
March 31 2020,Tulsa,OK,Passenger,1,1,2,53,55,3.64
April 30 2022,Marion,IA,Passenger,1,0,1,0,1,100.00
August 31 2021,Wilson,TX,Passenger,0,1,1,4,5,20.00
December 31 2023,Multnomah,OR,Passenger,1,1,2,371,373,0.54
June 30 2019,Tarrant,TX,Passenger,3,0,3,204,207,1.45
July 31 2018,Garfield,WA,Passenger,1,1,2,1320,1322,0.15
June 30 2021,Washtenaw,MI,Passenger,0,1,1,28,29,3.45
September 30 2018,Virginia Beach,VA,Passenger,2,1,3,693,696,0.43
January 31 2019,El Paso,TX,Passenger,2,0,2,499,501,0.40
March 31 2019,Lewis,WA,Truck,0,0,0,25755,25755,0.00
April 30 2017,Canyon,ID,Passenger,0,1,1,104,105,0.95
October 31 2021,Orange,FL,Passenger,2,0,2,115,117,1.71
January 31 2021,Frederick,MD,Passenger,1,1,2,67,69,2.90
July 31 2022,Sheridan,WY,Passenger,1,0,1,8,9,11.11
September 30 2021,Owyhee,ID,Passenger,1,0,1,2,3,33.33
January 31 2023,Cowlitz,WA,Truck,7,0,7,28330,28337,0.02
May 31 2023,Kitsap,WA,Truck,69,0,69,52383,52452,0.13
August 31 2022,Kings,CA,Passenger,2,1,3,302,305,0.98
November 30 2023,Norfolk,VA,Passenger,1,1,2,257,259,0.77
January 31 2020,Newport,RI,Passenger,0,1,1,88,89,1.12
March 31 2017,Kitsap,WA,Passenger,573,289,862,172467,173329,0.50
April 30 2018,Skagit,WA,Passenger,182,155,337,90032,90369,0.37
March 31 2018,Asotin,WA,Passenger,8,5,13,12621,12634,0.10
May 31 2019,Island,WA,Truck,0,0,0,21237,21237,0.00
July 31 2018,Skamania,WA,Truck,0,0,0,3961,3961,0.00
March 31 2024,Saratoga,NY,Passenger,1,1,2,24,26,7.69
March 31 2020,Sarasota,FL,Passenger,2,0,2,37,39,5.13
August 31 2023,New Haven,CT,Passenger,0,2,2,25,27,7.41
June 30 2018,Orange,FL,Passenger,2,1,3,175,178,1.69
February 28 2019,Tarrant,TX,Passenger,2,0,2,207,209,0.96
January 31 2020,Montgomery,OH,Passenger,0,1,1,50,51,1.96
April 30 2023,Columbia,OR,Passenger,1,0,1,12,13,7.69
February 28 2023,Benton,WA,Truck,15,0,15,43343,43358,0.03
August 31 2023,Benton,WA,Truck,27,0,27,43217,43244,0.06
February 29 2024,Cowlitz,WA,Passenger,623,261,884,68933,69817,1.27
September 30 2022,Grays Harbor,WA,Passenger,224,166,390,48735,49125,0.79
August 31 2023,Wake,NC,Passenger,3,0,3,80,83,3.61
November 30 2023,Kitsap,WA,Passenger,3828,1473,5301,175138,180439,2.94
December 31 2021,Travis,TX,Passenger,4,0,4,147,151,2.65
May 31 2021,San Diego,CA,Passenger,18,4,22,2631,2653,0.83
February 28 2017,Hardin,KY,Passenger,0,1,1,123,124,0.81
June 30 2023,Tooele,UT,Passenger,1,0,1,8,9,11.11
October 31 2020,Tarrant,TX,Passenger,1,0,1,172,173,0.58
January 31 2018,Allegheny,PA,Passenger,1,0,1,86,87,1.15
January 31 2024,Harris,TX,Passenger,2,1,3,108,111,2.70
August 31 2021,Louisa,VA,Passenger,0,1,1,1,2,50.00
February 29 2020,Spokane,WA,Truck,1,0,1,97140,97141,0.00
March 31 2024,Montgomery,MD,Passenger,6,2,8,160,168,4.76
December 31 2019,San Mateo,CA,Passenger,1,1,2,128,130,1.54
May 31 2017,Nassau,NY,Passenger,0,1,1,40,41,2.44
April 30 2018,Hawaii,HI,Passenger,1,0,1,79,80,1.25
October 31 2021,Currituck,NC,Passenger,1,0,1,23,24,4.17
October 31 2022,Mason,WA,Passenger,348,185,533,46913,47446,1.12
May 31 2019,Snohomish,WA,Passenger,3372,1572,4944,530199,535143,0.92
April 30 2018,Ferry,WA,Truck,0,0,0,3500,3500,0.00
April 30 2017,Harnett,NC,Passenger,1,0,1,262,263,0.38
October 31 2019,New London,CT,Passenger,0,1,1,239,240,0.42
February 28 2017,Allegheny,PA,Passenger,1,0,1,92,93,1.08
May 31 2018,Clark,WA,Truck,0,0,0,78906,78906,0.00
October 31 2019,Sangamon,IL,Passenger,1,0,1,5,6,16.67
December 31 2023,Rockdale,GA,Passenger,1,0,1,5,6,16.67
January 31 2022,Yakima,WA,Passenger,294,177,471,168215,168686,0.28
November 30 2018,Chelan,WA,Passenger,135,60,195,54061,54256,0.36
February 28 2019,Pend Oreille,WA,Passenger,5,5,10,9480,9490,0.11
September 30 2017,Duval,FL,Passenger,1,1,2,364,366,0.55
December 31 2023,Contra Costa,CA,Passenger,1,2,3,154,157,1.91
September 30 2019,Sacramento,CA,Passenger,0,1,1,309,310,0.32
September 30 2020,El Paso,CO,Passenger,2,0,2,718,720,0.28
March 31 2024,Kauai,HI,Passenger,0,1,1,13,14,7.14
June 30 2017,Volusia,FL,Passenger,0,1,1,49,50,2.00
March 31 2018,Montgomery,TX,Passenger,1,0,1,64,65,1.54
April 30 2024,Miami-Dade,FL,Passenger,1,0,1,45,46,2.17
October 31 2019,Okanogan,WA,Passenger,24,28,52,26240,26292,0.20
August 31 2023,Pierce,WA,Truck,181,0,181,136301,136482,0.13
March 31 2024,Franklin,WA,Truck,11,0,11,20523,20534,0.05
September 30 2020,Skamania,WA,Truck,0,0,0,4002,4002,0.00
April 30 2022,New London,CT,Passenger,3,3,6,199,205,2.93
March 31 2023,Moore,NC,Passenger,0,1,1,107,108,0.93
January 31 2024,Dallas,TX,Passenger,1,0,1,66,67,1.49
April 30 2019,Walla Walla,WA,Truck,0,0,0,13604,13604,0.00
November 30 2023,San Juan,WA,Passenger,676,190,866,13617,14483,5.98
September 30 2017,Contra Costa,CA,Passenger,0,1,1,499,500,0.20
October 31 2021,Nueces,TX,Passenger,1,0,1,67,68,1.47
October 31 2021,Pima,AZ,Passenger,1,1,2,284,286,0.70
April 30 2021,Alameda,CA,Passenger,4,0,4,259,263,1.52
April 30 2021,Montgomery,OH,Passenger,0,1,1,57,58,1.72
August 31 2019,Snohomish,WA,Truck,0,0,0,122845,122845,0.00
August 31 2017,Chelan,WA,Truck,0,0,0,21363,21363,0.00
January 31 2023,Douglas,WA,Passenger,172,57,229,28570,28799,0.80
August 31 2021,Onslow,NC,Passenger,0,1,1,180,181,0.55
May 31 2019,Montgomery,TX,Passenger,2,0,2,62,64,3.12
November 30 2022,Garfield,WA,Truck,0,0,0,977,977,0.00
May 31 2017,Santa Clara,CA,Passenger,5,2,7,412,419,1.67
October 31 2017,Chelan,WA,Truck,0,0,0,21489,21489,0.00
April 30 2020,DeKalb,IN,Passenger,1,0,1,1,2,50.00
January 31 2018,Franklin,WA,Passenger,31,51,82,57012,57094,0.14
August 31 2020,Hudson,NJ,Passenger,1,0,1,40,41,2.44
November 30 2023,Cochise,AZ,Passenger,1,0,1,54,55,1.82
April 30 2021,Spokane,WA,Truck,0,0,0,101883,101883,0.00
February 28 2018,San Juan,WA,Truck,0,0,0,5639,5639,0.00
April 30 2023,Tarrant,TX,Passenger,1,0,1,86,87,1.15
January 31 2022,Kern,CA,Passenger,0,1,1,201,202,0.50
September 30 2020,DuPage,IL,Passenger,4,1,5,58,63,7.94
March 31 2019,Ramsey,MN,Passenger,1,0,1,44,45,2.22
February 29 2020,Lake,CA,Passenger,0,1,1,10,11,9.09
April 30 2023,Beaufort,SC,Passenger,1,0,1,29,30,3.33
September 30 2019,Wilson,TX,Passenger,0,1,1,7,8,12.50
June 30 2023,El Paso,TX,Passenger,3,0,3,286,289,1.04
June 30 2023,Lake,IL,Passenger,3,0,3,121,124,2.42
November 30 2017,Fulton,GA,Passenger,1,0,1,111,112,0.89
November 30 2021,Washtenaw,MI,Passenger,0,1,1,30,31,3.23
February 29 2024,Washtenaw,MI,Passenger,0,2,2,16,18,11.11
January 31 2020,Juneau,AK,Passenger,0,2,2,30,32,6.25
September 30 2023,Island,WA,Truck,34,0,34,20937,20971,0.16
May 31 2023,King,WA,Truck,685,2,687,175807,176494,0.39
May 31 2020,Columbia,WA,Passenger,4,3,7,2406,2413,0.29
March 31 2023,Mercer,NJ,Passenger,0,1,1,14,15,6.67
August 31 2020,Maui,HI,Passenger,2,0,2,34,36,5.56
March 31 2023,Spokane,WA,Passenger,2096,1001,3097,322084,325181,0.95
August 31 2021,,,Passenger,4,2,6,351,357,1.68
September 30 2022,El Paso,CO,Passenger,2,2,4,600,604,0.66
October 31 2022,El Paso,TX,Passenger,3,0,3,334,337,0.89
June 30 2021,King,WA,Truck,6,1,7,184563,184570,0.00
September 30 2022,Spokane,WA,Truck,12,0,12,101810,101822,0.01
December 31 2017,Pacific,WA,Passenger,15,13,28,15398,15426,0.18
September 30 2023,Pend Oreille,WA,Passenger,31,17,48,8850,8898,0.54
April 30 2023,Anchorage,AK,Passenger,1,0,1,106,107,0.93
February 29 2024,Allen,IN,Passenger,1,1,2,11,13,15.38
November 30 2020,Hampshire,MA,Passenger,1,0,1,10,11,9.09
February 28 2021,Clallam,WA,Truck,1,0,1,21892,21893,0.00
October 31 2022,Honolulu,HI,Passenger,4,3,7,354,361,1.94
November 30 2020,Chesapeake,VA,Passenger,0,2,2,421,423,0.47
October 31 2019,Nassau,NY,Passenger,4,0,4,43,47,8.51
April 30 2023,Fairfax,VA,Truck,1,0,1,90,91,1.10
May 31 2017,Chelan,WA,Passenger,60,36,96,51880,51976,0.18
May 31 2019,Arlington,VA,Passenger,1,2,3,161,164,1.83
May 31 2020,Kootenai,ID,Passenger,1,1,2,223,225,0.89
November 30 2020,New London,CT,Passenger,1,1,2,235,237,0.84
August 31 2020,Pend Oreille,WA,Truck,0,0,0,5745,5745,0.00
September 30 2022,Orange,CA,Passenger,6,3,9,373,382,2.36
October 31 2023,Middlesex,NJ,Passenger,1,0,1,17,18,5.56
March 31 2024,Charleston,SC,Passenger,1,2,3,38,41,7.32
February 29 2020,Kootenai,ID,Passenger,1,2,3,228,231,1.30
April 30 2018,Alameda,CA,Passenger,0,1,1,358,359,0.28
May 31 2023,Pima,AZ,Passenger,1,0,1,206,207,0.48
May 31 2017,Fulton,GA,Passenger,1,0,1,119,120,0.83
February 28 2021,Polk,FL,Passenger,1,0,1,65,66,1.52
March 31 2021,Kern,CA,Passenger,0,1,1,218,219,0.46
January 31 2024,Providence,RI,Passenger,1,0,1,14,15,6.67
March 31 2024,Whatcom,WA,Truck,99,0,99,41685,41784,0.24
February 28 2019,Kitsap,WA,Passenger,988,571,1559,179739,181298,0.86
October 31 2020,Riverside,CA,Passenger,4,1,5,615,620,0.81
July 31 2023,Yolo,CA,Passenger,1,0,1,23,24,4.17
September 30 2021,Bexar,TX,Passenger,2,4,6,538,544,1.10
December 31 2018,Suffolk,MA,Passenger,0,1,1,43,44,2.27
May 31 2021,Carson City,NV,Passenger,1,0,1,11,12,8.33
July 31 2017,Grant,WA,Passenger,19,30,49,61001,61050,0.08
November 30 2022,Ferry,WA,Passenger,24,4,28,4367,4395,0.64
April 30 2018,Maricopa,AZ,Passenger,2,2,4,1630,1634,0.24
December 31 2019,Anne Arundel,MD,Passenger,1,1,2,433,435,0.46
December 31 2021,Sarpy,NE,Passenger,1,0,1,72,73,1.37
May 31 2021,Milwaukee,WI,Passenger,1,0,1,43,44,2.27
June 30 2023,Benton,WA,Truck,25,0,25,43220,43245,0.06
March 31 2023,Adams,WA,Truck,2,0,2,5355,5357,0.04
April 30 2022,Loudoun,VA,Passenger,2,1,3,67,70,4.29
September 30 2017,Walla Walla,WA,Passenger,27,28,55,35034,35089,0.16
July 31 2021,El Paso,CO,Passenger,3,0,3,692,695,0.43
December 31 2023,Adams,WA,Passenger,29,15,44,13092,13136,0.33
March 31 2017,Anne Arundel,MD,Passenger,0,1,1,503,504,0.20
November 30 2023,Jefferson,NY,Passenger,2,0,2,175,177,1.13
January 31 2021,Mercer,NJ,Passenger,0,1,1,14,15,6.67
March 31 2024,Sacramento,CA,Truck,1,0,1,28,29,3.45
July 31 2017,Eagle,CO,Passenger,1,0,1,7,8,12.50
January 31 2019,Oldham,KY,Passenger,0,1,1,5,6,16.67
January 31 2017,Lake,IL,Passenger,1,0,1,192,193,0.52
November 30 2022,Wahkiakum,WA,Truck,1,0,1,1802,1803,0.06
December 31 2022,DuPage,IL,Passenger,2,1,3,38,41,7.32
November 30 2021,Harrison,MS,Passenger,2,0,2,52,54,3.70
October 31 2017,,,Passenger,3,0,3,447,450,0.67
May 31 2021,Jefferson,WA,Truck,0,0,0,9612,9612,0.00
January 31 2019,Sumter,FL,Passenger,0,1,1,10,11,9.09
November 30 2020,Clallam,WA,Passenger,262,176,438,49862,50300,0.87
October 31 2021,Island,WA,Truck,0,0,0,21530,21530,0.00
November 30 2017,Monterey,CA,Passenger,0,2,2,199,201,1.00
January 31 2023,Hamilton,OH,Passenger,1,0,1,32,33,3.03
April 30 2020,Chelan,WA,Passenger,224,80,304,54225,54529,0.56
January 31 2021,Spokane,WA,Passenger,910,551,1461,320811,322272,0.45
February 28 2021,Los Angeles,CA,Passenger,9,10,19,971,990,1.92
January 31 2017,Adams,WA,Truck,0,0,0,5076,5076,0.00
February 28 2023,Sacramento,CA,Truck,1,0,1,36,37,2.70
November 30 2019,Grant,WA,Truck,0,0,0,26946,26946,0.00
December 31 2020,Whitman,WA,Truck,0,0,0,8508,8508,0.00
July 31 2017,New Haven,CT,Passenger,0,1,1,57,58,1.72
February 28 2021,Saginaw,MI,Passenger,2,0,2,11,13,15.38
November 30 2022,Bartow,GA,Passenger,0,1,1,5,6,16.67
January 31 2019,Marion,IN,Passenger,1,0,1,120,121,0.83
December 31 2020,Hampshire,MA,Passenger,1,0,1,10,11,9.09
February 28 2019,Juneau,AK,Passenger,0,1,1,39,40,2.50
March 31 2024,Skagit,WA,Passenger,1410,503,1913,86959,88872,2.15
May 31 2023,Sarpy,NE,Passenger,1,0,1,61,62,1.61
November 30 2019,Moore,NC,Passenger,0,1,1,175,176,0.57
January 31 2017,Adams,WA,Passenger,1,1,2,12174,12176,0.02
August 31 2019,Clark,NV,Passenger,5,2,7,707,714,0.98
July 31 2018,Lane,OR,Passenger,0,1,1,186,187,0.53
September 30 2018,Ferry,WA,Truck,0,0,0,3558,3558,0.00
December 31 2023,Williamson,TX,Passenger,0,1,1,42,43,2.33
December 31 2022,Middlesex,MA,Passenger,2,0,2,80,82,2.44
January 31 2017,Saratoga,NY,Passenger,1,1,2,78,80,2.50
June 30 2017,Fulton,GA,Passenger,1,0,1,117,118,0.85
November 30 2021,Arlington,VA,Passenger,1,1,2,135,137,1.46
July 31 2022,Jefferson,WA,Passenger,442,219,661,24526,25187,2.62
April 30 2021,El Paso,CO,Passenger,3,0,3,705,708,0.42
October 31 2020,Bartow,GA,Passenger,0,1,1,6,7,14.29
August 31 2020,Owyhee,ID,Passenger,1,0,1,3,4,25.00
May 31 2023,Henrico,VA,Passenger,0,1,1,8,9,11.11
April 30 2018,Kitsap,WA,Passenger,743,441,1184,177347,178531,0.66
June 30 2021,Clark,WA,Passenger,2841,1422,4263,322380,326643,1.31
July 31 2020,San Juan,WA,Truck,0,0,0,5842,5842,0.00
May 31 2019,Williamson,TX,Passenger,0,1,1,149,150,0.67
March 31 2023,Norfolk,MA,Passenger,1,0,1,20,21,4.76
December 31 2018,Rogers,OK,Passenger,1,0,1,6,7,14.29
November 30 2017,Garfield,WA,Passenger,1,0,1,1313,1314,0.08
November 30 2023,Cowlitz,WA,Truck,13,0,13,27968,27981,0.05
July 31 2020,Bartow,GA,Passenger,0,1,1,6,7,14.29
February 29 2024,Charleston,SC,Passenger,1,2,3,38,41,7.32
April 30 2024,Cache,UT,Passenger,1,0,1,7,8,12.50
February 28 2019,Wahkiakum,WA,Passenger,1,1,2,3018,3020,0.07
January 31 2024,El Dorado,CA,Passenger,1,0,1,17,18,5.56
June 30 2018,Douglas,WA,Truck,0,0,0,11947,11947,0.00
October 31 2021,Collier,FL,Passenger,1,0,1,21,22,4.55
March 31 2024,Texas,MO,Passenger,1,0,1,1,2,50.00
August 31 2021,Salt Lake,UT,Passenger,0,1,1,179,180,0.56
December 31 2021,Jefferson,NY,Passenger,1,0,1,221,222,0.45
January 31 2024,Prince William,VA,Passenger,1,2,3,143,146,2.05
June 30 2023,DuPage,IL,Passenger,2,1,3,32,35,8.57
June 30 2023,Anchorage,AK,Passenger,1,0,1,101,102,0.98
September 30 2019,Oklahoma,OK,Passenger,0,1,1,134,135,0.74
December 31 2021,Yamhill,OR,Passenger,1,0,1,38,39,2.56
June 30 2018,Snohomish,WA,Truck,1,0,1,121643,121644,0.00
April 30 2019,Yakima,WA,Truck,0,0,0,58939,58939,0.00
April 30 2022,Cumberland,NC,Passenger,1,4,5,394,399,1.25
September 30 2021,Geary,KS,Passenger,1,0,1,99,100,1.00
June 30 2017,DeKalb,GA,Passenger,1,0,1,87,88,1.14
January 31 2020,DeKalb,IN,Passenger,1,0,1,1,2,50.00
October 31 2018,Chelan,WA,Truck,0,0,0,22054,22054,0.00
July 31 2021,Kitsap,WA,Passenger,1911,869,2780,180467,183247,1.52
August 31 2022,Grant,WA,Passenger,198,106,304,66690,66994,0.45
October 31 2022,Harnett,NC,Passenger,2,0,2,156,158,1.27
September 30 2022,Escambia,FL,Passenger,0,1,1,145,146,0.68
September 30 2018,Lee,AL,Passenger,1,0,1,38,39,2.56
August 31 2020,Bartow,GA,Passenger,0,1,1,6,7,14.29
December 31 2023,Escambia,FL,Passenger,0,1,1,118,119,0.84
November 30 2021,Orange,FL,Passenger,2,0,2,112,114,1.75
December 31 2023,Leavenworth,KS,Passenger,0,1,1,79,80,1.25
September 30 2022,Anchorage,AK,Passenger,2,0,2,126,128,1.56
January 31 2023,Rock Island,IL,Passenger,0,1,1,13,14,7.14
February 28 2023,Marion,IA,Passenger,1,0,1,0,1,100.00
February 29 2020,Jones,GA,Passenger,1,0,1,1,2,50.00
July 31 2020,Clark,NV,Passenger,3,2,5,695,700,0.71
June 30 2017,Asotin,WA,Passenger,6,3,9,12420,12429,0.07
May 31 2019,Clallam,WA,Truck,0,0,0,21741,21741,0.00
March 31 2018,Santa Rosa,FL,Passenger,1,0,1,104,105,0.95
February 29 2020,St. Mary's,MD,Passenger,1,0,1,212,213,0.47
November 30 2021,Houston,GA,Passenger,1,0,1,45,46,2.17
June 30 2017,Salt Lake,UT,Passenger,0,1,1,268,269,0.37
November 30 2023,District of Columbia,DC,Passenger,2,0,2,142,144,1.39
June 30 2023,Yuba,CA,Passenger,1,0,1,50,51,1.96
September 30 2022,Rockdale,GA,Passenger,1,0,1,6,7,14.29
December 31 2023,Chelan,WA,Passenger,754,210,964,54132,55096,1.75
January 31 2020,Allegheny,PA,Passenger,2,0,2,83,85,2.35
February 28 2018,Clallam,WA,Truck,0,0,0,21290,21290,0.00
March 31 2024,Yolo,CA,Passenger,1,0,1,18,19,5.26
July 31 2018,King,WA,Truck,7,1,8,182947,182955,0.00
September 30 2023,Pacific,WA,Passenger,83,97,180,15535,15715,1.15
July 31 2018,Bexar,TX,Passenger,2,4,6,750,756,0.79
August 31 2021,Placer,CA,Passenger,2,0,2,74,76,2.63
September 30 2018,Eagle,CO,Passenger,1,0,1,5,6,16.67
October 31 2023,Franklin,WA,Passenger,372,153,525,62228,62753,0.84
July 31 2019,San Juan,WA,Passenger,220,72,292,14439,14731,1.98
June 30 2022,Walla Walla,WA,Truck,0,0,0,13930,13930,0.00
March 31 2020,Prince George's,MD,Passenger,1,1,2,173,175,1.14
October 31 2017,Manatee,FL,Passenger,1,0,1,41,42,2.38
April 30 2021,Philadelphia,PA,Passenger,1,0,1,56,57,1.75
December 31 2020,Collier,FL,Passenger,1,0,1,20,21,4.76
December 31 2023,Kent,DE,Passenger,1,0,1,35,36,2.78
August 31 2017,Allegheny,PA,Passenger,1,0,1,89,90,1.11
September 30 2020,Grays Harbor,WA,Truck,0,0,0,21085,21085,0.00
February 29 2024,Suffolk,VA,Passenger,1,0,1,86,87,1.15
April 30 2022,Travis,TX,Passenger,3,1,4,126,130,3.08
October 31 2022,Kootenai,ID,Truck,1,0,1,33,34,2.94
May 31 2023,Middlesex,NJ,Passenger,1,0,1,18,19,5.26
June 30 2020,Asotin,WA,Truck,0,0,0,6639,6639,0.00
May 31 2017,Orange,FL,Passenger,1,1,2,144,146,1.37
February 28 2023,Hudson,NJ,Passenger,1,0,1,29,30,3.33
June 30 2021,New York,NY,Passenger,2,0,2,50,52,3.85
January 31 2018,Pierce,WA,Truck,0,0,0,137117,137117,0.00
November 30 2018,Walla Walla,WA,Truck,0,0,0,13520,13520,0.00
March 31 2017,Marion,OR,Passenger,1,0,1,200,201,0.50
April 30 2024,Albemarle,VA,Passenger,2,0,2,15,17,11.76
February 28 2017,Fulton,GA,Passenger,1,1,2,130,132,1.52
April 30 2023,Duval,FL,Passenger,1,0,1,260,261,0.38
October 31 2021,Owyhee,ID,Passenger,1,0,1,2,3,33.33
October 31 2022,San Diego,CA,Passenger,21,7,28,2345,2373,1.18
October 31 2019,Pend Oreille,WA,Truck,0,0,0,5737,5737,0.00
April 30 2021,Missoula,MT,Passenger,1,0,1,66,67,1.49
January 31 2022,Wilson,NC,Passenger,1,0,1,0,1,100.00
May 31 2023,Whatcom,WA,Passenger,2396,870,3266,147826,151092,2.16
August 31 2021,Skagit,WA,Passenger,620,287,907,91661,92568,0.98
December 31 2023,Walla Walla,WA,Passenger,265,133,398,35287,35685,1.12
September 30 2017,Grays Harbor,WA,Truck,0,0,0,19973,19973,0.00
June 30 2023,Fairfax,VA,Truck,1,0,1,88,89,1.12
April 30 2024,Anchorage,AK,Passenger,1,0,1,81,82,1.22
April 30 2021,Hillsborough,FL,Passenger,0,1,1,163,164,0.61
January 31 2020,DuPage,IL,Passenger,4,0,4,66,70,5.71
April 30 2022,Las Animas,CO,Passenger,1,0,1,1,2,50.00
September 30 2020,Bartow,GA,Passenger,0,1,1,6,7,14.29
April 30 2017,Manassas,VA,Passenger,0,1,1,10,11,9.09
August 31 2020,Twin Falls,ID,Passenger,0,1,1,24,25,4.00
April 30 2020,Chelan,WA,Truck,0,0,0,22454,22454,0.00
January 31 2017,Bexar,TX,Passenger,3,3,6,1264,1270,0.47
February 29 2020,Klamath,OR,Passenger,1,0,1,39,40,2.50
January 31 2022,Garfield,WA,Passenger,0,3,3,1351,1354,0.22
June 30 2019,Cook,IL,Passenger,1,0,1,249,250,0.40
December 31 2018,Polk,FL,Passenger,1,0,1,67,68,1.47
October 31 2019,Volusia,FL,Passenger,0,1,1,44,45,2.22
January 31 2020,Skagit,WA,Truck,1,0,1,32587,32588,0.00
August 31 2023,Harnett,NC,Passenger,4,0,4,134,138,2.90
July 31 2021,Dallas,TX,Passenger,1,0,1,160,161,0.62
June 30 2021,Eagle,CO,Passenger,1,0,1,8,9,11.11
May 31 2019,Oldham,KY,Passenger,0,1,1,5,6,16.67
September 30 2022,San Mateo,CA,Passenger,1,0,1,80,81,1.23
October 31 2018,Kittitas,WA,Passenger,58,35,93,29279,29372,0.32
April 30 2021,Lewis,WA,Passenger,146,137,283,59757,60040,0.47
July 31 2018,Orange,CA,Passenger,4,1,5,571,576,0.87
October 31 2023,Harford,MD,Passenger,1,1,2,39,41,4.88
March 31 2022,Sumter,SC,Passenger,0,1,1,29,30,3.33
April 30 2022,Sacramento,CA,Passenger,1,1,2,233,235,0.85
December 31 2022,Cass,MN,Passenger,0,1,1,1,2,50.00
April 30 2019,Clallam,WA,Passenger,160,132,292,50456,50748,0.58
June 30 2020,Jefferson,WA,Passenger,236,139,375,24793,25168,1.49
January 31 2023,Lincoln,WA,Truck,0,0,0,4844,4844,0.00
January 31 2018,Wahkiakum,WA,Truck,0,0,0,1681,1681,0.00
April 30 2023,Virginia Beach,VA,Passenger,4,1,5,458,463,1.08
February 28 2018,Maui,HI,Passenger,1,0,1,66,67,1.49
January 31 2017,Lewis,WA,Truck,0,0,0,24796,24796,0.00
December 31 2020,Jefferson,WA,Passenger,285,155,440,24804,25244,1.74
October 31 2022,Douglas,WA,Passenger,159,59,218,28410,28628,0.76
October 31 2021,Hamilton,IN,Passenger,2,0,2,33,35,5.71
July 31 2020,Washington,OR,Passenger,1,0,1,450,451,0.22
September 30 2020,Lee,FL,Passenger,1,0,1,47,48,2.08
February 29 2020,Benton,WA,Passenger,337,320,657,135271,135928,0.48
July 31 2017,DeKalb,GA,Passenger,1,0,1,86,87,1.15
March 31 2024,Cochise,AZ,Passenger,1,0,1,47,48,2.08
May 31 2017,Skagit,WA,Truck,1,0,1,31384,31385,0.00
September 30 2022,Garfield,WA,Passenger,1,3,4,1314,1318,0.30
January 31 2023,Washington,MD,Passenger,2,0,2,12,14,14.29
June 30 2022,Yavapai,AZ,Passenger,0,1,1,28,29,3.45
January 31 2021,Milwaukee,WI,Passenger,1,0,1,44,45,2.22
January 31 2017,Muscogee,GA,Passenger,0,1,1,266,267,0.37
December 31 2019,Nassau,NY,Passenger,4,0,4,44,48,8.33
November 30 2019,Harnett,NC,Passenger,1,1,2,217,219,0.91
September 30 2023,Salt Lake,UT,Passenger,2,1,3,100,103,2.91
December 31 2022,Fairbanks North Star,AK,Passenger,0,1,1,66,67,1.49
March 31 2018,Garfield,OK,Passenger,1,0,1,21,22,4.55
September 30 2023,Beaufort,SC,Passenger,1,0,1,27,28,3.57
September 30 2023,Sacramento,CA,Truck,1,0,1,29,30,3.33
March 31 2023,Rockingham,NH,Passenger,1,0,1,13,14,7.14
December 31 2021,Snohomish,WA,Passenger,7019,2233,9252,537126,546378,1.69
December 31 2018,Beaufort,SC,Passenger,1,0,1,37,38,2.63
July 31 2022,Alameda,CA,Passenger,5,1,6,199,205,2.93
June 30 2018,Manassas,VA,Passenger,0,1,1,9,10,10.00
August 31 2020,Douglas,WA,Passenger,78,41,119,28006,28125,0.42
June 30 2017,Thurston,WA,Passenger,398,336,734,186597,187331,0.39
March 31 2024,Anne Arundel,MD,Passenger,5,3,8,265,273,2.93
October 31 2023,Hamilton,OH,Passenger,1,0,1,24,25,4.00
February 29 2020,Santa Rosa,FL,Passenger,1,0,1,91,92,1.09
October 31 2023,Otero,NM,Passenger,0,1,1,23,24,4.17
July 31 2019,Berkshire,MA,Passenger,0,1,1,4,5,20.00
September 30 2020,Lincoln,WA,Passenger,5,10,15,7594,7609,0.20
March 31 2022,Fort Bend,TX,Passenger,1,0,1,31,32,3.12
February 28 2023,Jefferson,WA,Passenger,509,242,751,24258,25009,3.00
March 31 2018,Marion,IN,Passenger,1,0,1,119,120,0.83
December 31 2023,Pend Oreille,WA,Truck,2,0,2,5563,5565,0.04
October 31 2023,Pulaski,AR,Passenger,2,0,2,18,20,10.00
July 31 2019,Saginaw,MI,Passenger,1,0,1,12,13,7.69
October 31 2022,Richmond,NY,Passenger,1,0,1,4,5,20.00
March 31 2022,Contra Costa,CA,Passenger,0,3,3,245,248,1.21
March 31 2022,Placer,CA,Passenger,2,0,2,75,77,2.60
October 31 2020,Pulaski,MO,Passenger,1,0,1,148,149,0.67
May 31 2019,Oklahoma,OK,Passenger,0,1,1,127,128,0.78
September 30 2023,Lee,AL,Passenger,1,0,1,12,13,7.69
June 30 2020,Sedgwick,KS,Passenger,1,1,2,96,98,2.04
March 31 2018,Essex,NJ,Passenger,1,0,1,13,14,7.14
March 31 2024,Hamilton,OH,Passenger,2,0,2,21,23,8.70
April 30 2023,Grant,WA,Truck,10,0,10,27977,27987,0.04
January 31 2023,Okanogan,WA,Truck,2,0,2,16429,16431,0.01
April 30 2018,San Francisco,CA,Passenger,0,1,1,136,137,0.73
August 31 2017,Maui,HI,Passenger,1,0,1,70,71,1.41
January 31 2020,Spokane,WA,Truck,1,0,1,96879,96880,0.00
October 31 2022,Fairbanks North Star,AK,Passenger,0,1,1,72,73,1.37
March 31 2024,Douglas,NE,Passenger,0,1,1,25,26,3.85
December 31 2018,Flathead,MT,Passenger,1,0,1,59,60,1.67
March 31 2017,Mason,WA,Truck,0,0,0,19222,19222,0.00
January 31 2017,Klickitat,WA,Truck,0,0,0,7940,7940,0.00
June 30 2021,Skagit,WA,Truck,1,0,1,33008,33009,0.00
June 30 2023,Benton,WA,Passenger,1142,571,1713,135438,137151,1.25
March 31 2018,San Diego,CA,Passenger,6,1,7,2566,2573,0.27
July 31 2017,Kent,MI,Passenger,0,1,1,37,38,2.63
February 28 2019,Montgomery,MD,Passenger,1,0,1,278,279,0.36
February 28 2022,Sarasota,FL,Passenger,2,0,2,37,39,5.13
November 30 2019,Clark,WA,Truck,0,0,0,81261,81261,0.00
July 31 2019,Ferry,WA,Truck,0,0,0,3581,3581,0.00
April 30 2023,Ferry,WA,Passenger,19,4,23,4342,4365,0.53
September 30 2022,Kitsap,WA,Passenger,2566,1109,3675,177389,181064,2.03
May 31 2020,Denver,CO,Passenger,1,0,1,124,125,0.80
June 30 2020,Douglas,WA,Passenger,71,40,111,27998,28109,0.39
November 30 2019,Ferry,WA,Truck,0,0,0,3582,3582,0.00
January 31 2022,Whitman,WA,Truck,0,0,0,8562,8562,0.00
November 30 2019,Henrico,VA,Passenger,0,1,1,20,21,4.76
March 31 2023,Orange,CA,Passenger,10,3,13,346,359,3.62
March 31 2021,Whitman,WA,Passenger,54,44,98,21908,22006,0.45
December 31 2023,Douglas,WA,Truck,11,0,11,12991,13002,0.08
October 31 2017,Klickitat,WA,Passenger,23,27,50,14807,14857,0.34
December 31 2020,Fairfax,VA,Passenger,5,3,8,725,733,1.09
July 31 2022,Jefferson,WA,Truck,3,0,3,9453,9456,0.03
April 30 2018,Portsmouth,VA,Passenger,0,1,1,73,74,1.35
October 31 2019,Shelby,TN,Passenger,0,1,1,100,101,0.99
May 31 2018,Pacific,WA,Truck,0,0,0,7586,7586,0.00
March 31 2017,Benton,WA,Truck,0,0,0,39851,39851,0.00
June 30 2021,Pierce,WA,Passenger,3468,1996,5464,559940,565404,0.97
October 31 2021,San Joaquin,CA,Passenger,1,1,2,104,106,1.89
May 31 2017,Fairfax,VA,Passenger,3,2,5,860,865,0.58
August 31 2018,Fairfax,VA,Passenger,3,2,5,819,824,0.61
January 31 2020,Franklin,WA,Passenger,57,75,132,61077,61209,0.22
March 31 2020,Skamania,WA,Passenger,29,18,47,8708,8755,0.54
March 31 2023,Miami-Dade,FL,Passenger,1,0,1,69,70,1.43
November 30 2019,Contra Costa,CA,Passenger,3,2,5,347,352,1.42
July 31 2020,Hillsborough,FL,Passenger,0,1,1,180,181,0.55
March 31 2022,New London,CT,Passenger,2,3,5,202,207,2.42
July 31 2018,Palm Beach,FL,Passenger,0,2,2,86,88,2.27
September 30 2018,Prince George,VA,Passenger,0,1,1,74,75,1.33
February 28 2017,Mercer,NJ,Passenger,0,1,1,22,23,4.35
December 31 2018,Denver,CO,Passenger,1,0,1,132,133,0.75
May 31 2023,Kootenai,ID,Passenger,0,1,1,125,126,0.79
April 30 2022,Stevens,WA,Passenger,65,52,117,30075,30192,0.39
March 31 2022,Franklin,WA,Truck,0,0,0,20921,20921,0.00
March 31 2023,Napa,CA,Passenger,0,1,1,13,14,7.14
November 30 2018,Thurston,WA,Truck,0,0,0,54917,54917,0.00
February 28 2019,Duval,FL,Passenger,1,2,3,388,391,0.77
February 29 2020,Ada,ID,Passenger,0,1,1,299,300,0.33
December 31 2022,Solano,CA,Passenger,2,0,2,157,159,1.26
March 31 2019,Denver,CO,Passenger,1,0,1,136,137,0.73
May 31 2018,Kitsap,WA,Truck,1,0,1,53095,53096,0.00
January 31 2021,Island,WA,Truck,0,0,0,21379,21379,0.00
April 30 2017,Pend Oreille,WA,Truck,0,0,0,5587,5587,0.00
April 30 2022,Klickitat,WA,Passenger,99,55,154,15226,15380,1.00
April 30 2018,Juneau,AK,Passenger,0,1,1,45,46,2.17
May 31 2019,New Haven,CT,Passenger,0,2,2,47,49,4.08
January 31 2020,Kent,MI,Passenger,0,1,1,26,27,3.70
December 31 2020,Jones,GA,Passenger,1,0,1,1,2,50.00
May 31 2022,Klickitat,WA,Passenger,98,54,152,15227,15379,0.99
April 30 2017,Cumberland,NC,Passenger,1,0,1,620,621,0.16
February 29 2024,Pacific,WA,Truck,6,0,6,7767,7773,0.08
April 30 2018,Dakota,MN,Passenger,0,2,2,38,40,5.00
January 31 2017,Douglas,OR,Passenger,0,1,1,91,92,1.09
February 28 2018,Allegheny,PA,Passenger,1,0,1,84,85,1.18
March 31 2019,Thurston,WA,Truck,0,0,0,54941,54941,0.00
April 30 2019,Harris,TX,Passenger,0,1,1,277,278,0.36
February 28 2019,Penobscot,ME,Passenger,0,1,1,13,14,7.14
September 30 2019,Spokane,WA,Passenger,595,444,1039,313469,314508,0.33
March 31 2020,DeKalb,GA,Passenger,1,0,1,84,85,1.18
January 31 2019,Cumberland,NC,Passenger,0,2,2,533,535,0.37
March 31 2020,New Haven,CT,Passenger,0,2,2,40,42,4.76
October 31 2023,Collin,TX,Passenger,3,0,3,42,45,6.67
October 31 2023,Beaufort,SC,Passenger,1,0,1,27,28,3.57
June 30 2019,Harris,TX,Passenger,1,1,2,276,278,0.72
May 31 2019,Pinal,AZ,Passenger,2,0,2,200,202,0.99
March 31 2024,Walla Walla,WA,Truck,10,0,10,13393,13403,0.07
March 31 2024,Kootenai,ID,Truck,1,0,1,19,20,5.00
November 30 2022,Cumberland,PA,Passenger,1,0,1,44,45,2.22
February 29 2020,Clallam,WA,Passenger,206,163,369,50798,51167,0.72
December 31 2018,Broward,FL,Passenger,2,1,3,129,132,2.27
April 30 2023,Pulaski,MO,Passenger,3,0,3,95,98,3.06
December 31 2019,Ramsey,MN,Passenger,1,0,1,41,42,2.38
February 28 2019,Santa Rosa,FL,Passenger,1,0,1,93,94,1.06
July 31 2021,Ulster,NY,Passenger,1,0,1,13,14,7.14
March 31 2017,Carroll,NH,Passenger,0,1,1,0,1,100.00
September 30 2021,Maricopa,AZ,Passenger,7,6,13,1244,1257,1.03
September 30 2023,Kootenai,ID,Passenger,0,1,1,104,105,0.95
April 30 2020,Twin Falls,ID,Passenger,0,1,1,30,31,3.23
May 31 2023,Ulster,NY,Passenger,1,0,1,8,9,11.11
March 31 2020,Jefferson,WA,Truck,0,0,0,9591,9591,0.00
August 31 2021,Allegheny,PA,Passenger,2,1,3,74,77,3.90
August 31 2020,Walla Walla,WA,Passenger,81,65,146,35877,36023,0.41
August 31 2018,San Francisco,CA,Passenger,1,1,2,124,126,1.59
February 28 2023,San Bernardino,CA,Passenger,3,1,4,323,327,1.22
November 30 2023,Walla Walla,WA,Truck,9,0,9,13655,13664,0.07
November 30 2023,Charleston,SC,Passenger,1,2,3,46,49,6.12
April 30 2018,Maui,HI,Passenger,1,0,1,60,61,1.64
June 30 2022,Miami-Dade,FL,Passenger,1,0,1,83,84,1.19
November 30 2023,Bartow,GA,Passenger,0,1,1,4,5,20.00
August 31 2020,Middlesex,MA,Passenger,1,0,1,95,96,1.04
March 31 2024,Stafford,VA,Passenger,3,0,3,68,71,4.23
December 31 2021,Lake,FL,Passenger,1,0,1,24,25,4.00
July 31 2020,Kitsap,WA,Passenger,1377,696,2073,179792,181865,1.14
October 31 2019,Kittitas,WA,Passenger,87,45,132,29964,30096,0.44
January 31 2018,Columbia,WA,Truck,0,0,0,1545,1545,0.00
December 31 2020,Fulton,GA,Passenger,1,3,4,97,101,3.96
April 30 2022,Howard,IN,Passenger,0,1,1,5,6,16.67
June 30 2023,Calvert,MD,Passenger,1,1,2,75,77,2.60
April 30 2020,Valencia,NM,Passenger,1,0,1,7,8,12.50
December 31 2023,Ulster,NY,Passenger,1,0,1,6,7,14.29
May 31 2022,Miami-Dade,FL,Passenger,1,0,1,83,84,1.19
January 31 2023,Alexandria,VA,Passenger,3,1,4,95,99,4.04
May 31 2021,Goochland,VA,Passenger,4,2,6,248,254,2.36
July 31 2023,Norfolk,VA,Passenger,2,2,4,280,284,1.41
March 31 2018,Tarrant,TX,Passenger,1,0,1,219,220,0.45
April 30 2021,Allegheny,PA,Passenger,2,1,3,75,78,3.85
November 30 2018,Franklin,WA,Truck,0,0,0,18981,18981,0.00
May 31 2023,Portsmouth,VA,Passenger,0,1,1,64,65,1.54
March 31 2023,Cowlitz,WA,Truck,7,0,7,28271,28278,0.02
December 31 2023,Lewis,WA,Truck,10,0,10,25648,25658,0.04
April 30 2017,New London,CT,Passenger,1,0,1,253,254,0.39
July 31 2017,Adams,WA,Truck,0,0,0,5123,5123,0.00
February 28 2022,Portsmouth,VA,Passenger,0,1,1,78,79,1.27
September 30 2021,Kings,NY,Passenger,1,0,1,71,72,1.39
June 30 2023,Kootenai,ID,Truck,1,0,1,28,29,3.45
October 31 2019,San Juan,WA,Passenger,236,76,312,14403,14715,2.12
July 31 2018,Washoe,NV,Passenger,1,0,1,122,123,0.81
April 30 2024,New London,CT,Passenger,2,3,5,142,147,3.40
April 30 2023,DuPage,IL,Passenger,2,1,3,32,35,8.57
July 31 2020,Mercer,NJ,Passenger,0,1,1,16,17,5.88
January 31 2023,Moore,NC,Passenger,0,1,1,108,109,0.92
August 31 2023,Santa Clara,CA,Passenger,12,3,15,176,191,7.85
March 31 2018,Klickitat,WA,Passenger,26,27,53,14972,15025,0.35
April 30 2024,Garfield,WA,Passenger,0,3,3,1282,1285,0.23
May 31 2021,Kootenai,ID,Passenger,0,1,1,202,203,0.49
March 31 2022,Fulton,GA,Passenger,1,1,2,80,82,2.44
June 30 2022,Pend Oreille,WA,Truck,0,0,0,5668,5668,0.00
October 31 2023,Douglas,NE,Passenger,1,1,2,25,27,7.41
May 31 2018,Franklin,MA,Passenger,0,1,1,2,3,33.33
January 31 2021,Clark,WA,Passenger,2459,1211,3670,319276,322946,1.14
July 31 2018,Mason,WA,Truck,0,0,0,20044,20044,0.00
February 29 2020,New London,CT,Passenger,0,1,1,244,245,0.41
July 31 2017,Santa Fe,NM,Passenger,0,1,1,43,44,2.27
February 28 2018,DeKalb,GA,Passenger,1,0,1,86,87,1.15
September 30 2017,Dale,AL,Passenger,0,1,1,62,63,1.59
July 31 2022,Kauai,HI,Passenger,1,0,1,18,19,5.26
January 31 2022,Champaign,IL,Passenger,1,0,1,12,13,7.69
October 31 2021,Clallam,WA,Passenger,365,235,600,50512,51112,1.17
March 31 2021,Franklin,WA,Passenger,100,88,188,61646,61834,0.30
September 30 2023,Bexar,TX,Passenger,2,3,5,361,366,1.37
May 31 2017,San Mateo,CA,Passenger,0,1,1,158,159,0.63
July 31 2019,Duval,FL,Passenger,1,2,3,379,382,0.79
November 30 2022,Cowlitz,WA,Truck,4,0,4,28376,28380,0.01
May 31 2022,Rockingham,NH,Passenger,1,0,1,17,18,5.56
April 30 2023,Ferry,WA,Truck,0,0,0,3569,3569,0.00
September 30 2022,Pulaski,MO,Passenger,2,0,2,110,112,1.79
April 30 2021,Kauai,HI,Passenger,1,0,1,20,21,4.76
June 30 2017,Whitman,WA,Passenger,10,20,30,22034,22064,0.14
August 31 2023,Charleston,SC,Passenger,1,2,3,51,54,5.56
October 31 2019,Multnomah,OR,Passenger,4,6,10,749,759,1.32
February 28 2019,DuPage,IL,Passenger,1,0,1,64,65,1.54
July 31 2020,Deschutes,OR,Passenger,3,0,3,142,145,2.07
February 28 2018,Orleans,LA,Passenger,0,1,1,47,48,2.08
April 30 2022,Galveston,TX,Passenger,0,1,1,20,21,4.76
June 30 2017,Benton,WA,Truck,0,0,0,40055,40055,0.00
March 31 2017,Snohomish,WA,Truck,1,0,1,122194,122195,0.00
April 30 2018,Wahkiakum,WA,Truck,0,0,0,1668,1668,0.00
October 31 2021,Douglas,WA,Truck,0,0,0,12674,12674,0.00
July 31 2023,San Joaquin,CA,Passenger,0,1,1,74,75,1.33
May 31 2020,Dallas,IA,Passenger,0,1,1,10,11,9.09
September 30 2023,Wahkiakum,WA,Passenger,27,19,46,3039,3085,1.49
August 31 2020,Anne Arundel,MD,Passenger,0,1,1,399,400,0.25
December 31 2020,Jefferson,WA,Truck,0,0,0,9585,9585,0.00
August 31 2021,Skamania,WA,Truck,0,0,0,4031,4031,0.00
May 31 2023,Sacramento,CA,Truck,1,0,1,31,32,3.12
January 31 2019,Jefferson,WA,Passenger,175,112,287,24846,25133,1.14
March 31 2024,Anchorage,AK,Passenger,1,0,1,83,84,1.19
January 31 2020,Penobscot,ME,Passenger,0,1,1,15,16,6.25
August 31 2017,Montgomery,TX,Passenger,1,0,1,61,62,1.61
July 31 2023,Chesapeake,VA,Passenger,2,2,4,293,297,1.35
July 31 2019,Cowlitz,WA,Truck,0,0,0,28863,28863,0.00
May 31 2020,Prince William,VA,Passenger,2,4,6,221,227,2.64
October 31 2022,,,Passenger,4,1,5,302,307,1.63
April 30 2024,Tarrant,TX,Passenger,1,0,1,70,71,1.41
December 31 2018,Sedgwick,KS,Passenger,0,1,1,101,102,0.98
November 30 2022,Tarrant,TX,Passenger,1,0,1,107,108,0.93
July 31 2022,Suffolk,VA,Passenger,1,0,1,123,124,0.81
May 31 2018,Chelan,WA,Truck,0,0,0,21820,21820,0.00
January 31 2021,Pend Oreille,WA,Truck,0,0,0,5716,5716,0.00
November 30 2019,Clackamas,OR,Passenger,2,1,3,214,217,1.38
June 30 2017,Benton,WA,Passenger,148,143,291,128494,128785,0.23
October 31 2019,Charles,MD,Passenger,0,1,1,88,89,1.12
July 31 2022,Fredericksburg,VA,Passenger,1,0,1,6,7,14.29
September 30 2021,Adams,WA,Passenger,16,14,30,13034,13064,0.23
October 31 2017,Montgomery,MD,Passenger,1,0,1,305,306,0.33
December 31 2021,Goochland,VA,Passenger,3,2,5,203,208,2.40
August 31 2021,Larimer,CO,Passenger,1,0,1,47,48,2.08
April 30 2021,Grant,WA,Passenger,102,86,188,66774,66962,0.28
May 31 2020,Lewis,WA,Passenger,99,110,209,58230,58439,0.36
November 30 2022,Skamania,WA,Passenger,89,51,140,8099,8239,1.70
April 30 2020,Lincoln,WA,Truck,0,0,0,4624,4624,0.00
November 30 2023,Duval,FL,Passenger,1,0,1,215,216,0.46
April 30 2023,Nueces,TX,Passenger,0,1,1,52,53,1.89
December 31 2023,Washtenaw,MI,Passenger,0,2,2,16,18,11.11
January 31 2018,Kitsap,WA,Truck,1,0,1,52758,52759,0.00
June 30 2021,Queens,NY,Passenger,2,0,2,53,55,3.64
October 31 2022,Pulaski,AR,Passenger,3,0,3,30,33,9.09
December 31 2018,Whatcom,WA,Passenger,758,370,1128,149411,150539,0.75
July 31 2021,Island,WA,Passenger,625,316,941,63093,64034,1.47
October 31 2018,Montgomery,MD,Passenger,1,0,1,281,282,0.35
December 31 2020,Ventura,CA,Passenger,1,1,2,285,287,0.70
November 30 2018,San Mateo,CA,Passenger,2,1,3,133,136,2.21
April 30 2024,Adams,CO,Passenger,1,0,1,18,19,5.26
July 31 2021,Spokane,WA,Passenger,1119,654,1773,325805,327578,0.54
October 31 2023,Wahkiakum,WA,Passenger,27,20,47,3048,3095,1.52
January 31 2019,Suffolk,MA,Passenger,0,1,1,41,42,2.38
June 30 2019,Juneau,AK,Passenger,0,2,2,31,33,6.06
March 31 2019,Albemarle,VA,Passenger,1,0,1,24,25,4.00
September 30 2018,Pierce,WA,Truck,0,0,0,138415,138415,0.00
November 30 2022,Skagit,WA,Truck,8,0,8,32162,32170,0.02
February 28 2017,Kitsap,WA,Truck,1,0,1,52346,52347,0.00
April 30 2024,Lincoln,WA,Passenger,25,26,51,7376,7427,0.69
July 31 2022,Greene,MO,Passenger,0,1,1,26,27,3.70
October 31 2020,Henrico,VA,Passenger,0,1,1,18,19,5.26
July 31 2019,Caddo,LA,Passenger,0,1,1,24,25,4.00
November 30 2018,Mercer,NJ,Passenger,0,1,1,20,21,4.76
May 31 2022,Marion,OR,Passenger,1,0,1,106,107,0.93
June 30 2020,Dallas,TX,Passenger,1,0,1,205,206,0.49
July 31 2021,Sedgwick,KS,Passenger,1,1,2,86,88,2.27
December 31 2023,Sheridan,WY,Passenger,1,0,1,3,4,25.00
December 31 2018,St. Clair,IL,Passenger,0,1,1,167,168,0.60
January 31 2021,Grant,WA,Passenger,87,84,171,66081,66252,0.26
February 29 2020,Carson City,NV,Passenger,1,0,1,10,11,9.09
July 31 2019,Santa Rosa,FL,Passenger,1,0,1,94,95,1.05
April 30 2023,St. Louis,MN,Passenger,0,1,1,8,9,11.11
July 31 2021,Plaquemines,LA,Passenger,0,1,1,17,18,5.56
October 31 2022,Plaquemines,LA,Passenger,1,1,2,19,21,9.52
March 31 2020,Wilson,TX,Passenger,0,1,1,8,9,11.11
April 30 2019,King,WA,Passenger,18275,6871,25146,1383596,1408742,1.78
March 31 2020,Thurston,WA,Passenger,1131,726,1857,198476,200333,0.93
September 30 2020,Monroe,IL,Passenger,1,0,1,2,3,33.33
March 31 2019,Bergen,NJ,Passenger,1,0,1,26,27,3.70
January 31 2021,Kittitas,WA,Truck,0,0,0,14676,14676,0.00
March 31 2019,Tarrant,TX,Passenger,3,0,3,203,206,1.46
September 30 2018,Howard,MD,Passenger,0,1,1,91,92,1.09
March 31 2023,Collin,TX,Passenger,3,0,3,62,65,4.62
March 31 2021,Columbia,OR,Passenger,1,0,1,20,21,4.76
September 30 2023,Rock Island,IL,Passenger,0,1,1,12,13,7.69
March 31 2020,Putnam,TN,Passenger,0,1,1,3,4,25.00
October 31 2022,Riverside,CA,Passenger,7,0,7,467,474,1.48
April 30 2022,Salt Lake,UT,Passenger,1,1,2,157,159,1.26
December 31 2019,Powhatan,VA,Passenger,1,0,1,1,2,50.00
April 30 2022,Sumter,SC,Passenger,0,1,1,28,29,3.45
October 31 2021,Onslow,NC,Passenger,0,1,1,171,172,0.58
December 31 2023,York,VA,Passenger,1,0,1,61,62,1.61
January 31 2023,Lee,AL,Passenger,1,0,1,15,16,6.25
April 30 2019,Cowlitz,WA,Passenger,89,101,190,72737,72927,0.26
September 30 2019,Kittitas,WA,Passenger,81,44,125,29833,29958,0.42
January 31 2019,Douglas,WA,Passenger,51,35,86,28010,28096,0.31
January 31 2024,Skamania,WA,Passenger,140,54,194,7888,8082,2.40
November 30 2021,Santa Clara,CA,Passenger,8,1,9,267,276,3.26
October 31 2017,Hamilton,IN,Passenger,1,0,1,58,59,1.69
January 31 2022,Lewis,WA,Truck,0,0,0,26645,26645,0.00
July 31 2023,Brown,WI,Passenger,1,0,1,6,7,14.29
August 31 2020,Shelby,OH,Passenger,0,1,1,2,3,33.33
November 30 2017,Kitsap,WA,Truck,1,0,1,52636,52637,0.00
January 31 2020,Boone,MO,Passenger,0,1,1,12,13,7.69
August 31 2022,Lane,OR,Passenger,0,2,2,98,100,2.00
August 31 2017,Lumpkin,GA,Passenger,1,0,1,9,10,10.00
December 31 2018,Sangamon,IL,Passenger,1,0,1,9,10,10.00
January 31 2017,Cowlitz,WA,Truck,0,0,0,27946,27946,0.00
October 31 2018,Grays Harbor,WA,Truck,0,0,0,20282,20282,0.00
December 31 2017,Norfolk,MA,Passenger,1,0,1,39,40,2.50
January 31 2018,Morris,NJ,Passenger,1,0,1,20,21,4.76
June 30 2022,Las Animas,CO,Passenger,1,0,1,1,2,50.00
September 30 2020,Spokane,WA,Truck,1,0,1,99838,99839,0.00
August 31 2018,Skamania,WA,Passenger,14,10,24,8666,8690,0.28
September 30 2018,Orange,FL,Passenger,2,1,3,167,170,1.76
June 30 2021,Harnett,NC,Passenger,1,1,2,183,185,1.08
August 31 2019,Tulsa,OK,Passenger,1,1,2,54,56,3.57
November 30 2021,Maui,HI,Passenger,1,0,1,29,30,3.33
October 31 2020,Chelan,WA,Truck,0,0,0,22756,22756,0.00
May 31 2023,Island,WA,Truck,29,0,29,20977,21006,0.14
July 31 2022,Washington,MD,Passenger,2,0,2,13,15,13.33
January 31 2024,New Haven,CT,Passenger,0,2,2,21,23,8.70
November 30 2023,St. Louis,MN,Passenger,0,1,1,5,6,16.67
July 31 2020,Carroll,NH,Passenger,0,1,1,4,5,20.00
March 31 2018,Yakima,WA,Passenger,63,81,144,162803,162947,0.09
September 30 2019,Clark,WA,Passenger,1700,982,2682,316010,318692,0.84
April 30 2022,San Juan,WA,Passenger,494,155,649,14113,14762,4.40
April 30 2024,Sedgwick,KS,Passenger,1,0,1,39,40,2.50
December 31 2022,Escambia,FL,Passenger,0,1,1,144,145,0.69
June 30 2023,Asotin,WA,Passenger,36,21,57,12399,12456,0.46
February 28 2019,Palm Beach,FL,Passenger,0,2,2,92,94,2.13
February 28 2021,Montgomery,MD,Passenger,1,0,1,232,233,0.43
February 28 2022,Columbia,WA,Truck,0,0,0,1570,1570,0.00
December 31 2021,Spartanburg,SC,Passenger,0,1,1,49,50,2.00
August 31 2020,Benton,WA,Passenger,379,322,701,134271,134972,0.52
August 31 2021,San Joaquin,CA,Passenger,1,0,1,108,109,0.92
March 31 2023,Polk,OR,Passenger,1,1,2,17,19,10.53
February 28 2021,Ray,MO,Passenger,0,1,1,1,2,50.00
May 31 2021,Champaign,IL,Passenger,1,0,1,13,14,7.14
November 30 2019,Denver,CO,Passenger,1,0,1,132,133,0.75
March 31 2023,San Francisco,CA,Passenger,1,0,1,68,69,1.45
July 31 2022,St. Mary's,MD,Passenger,1,0,1,195,196,0.51
November 30 2023,Frederick,MD,Passenger,2,1,3,52,55,5.45
July 31 2022,Thurston,WA,Truck,8,0,8,55249,55257,0.01
October 31 2019,Contra Costa,CA,Passenger,2,2,4,353,357,1.12
December 31 2023,Pulaski,MO,Passenger,2,0,2,84,86,2.33
October 31 2022,Nassau,NY,Passenger,2,0,2,30,32,6.25
April 30 2018,Pierce,WA,Passenger,1154,1091,2245,529023,531268,0.42
July 31 2023,Kitsap,WA,Passenger,3323,1317,4640,175682,180322,2.57
April 30 2022,San Luis Obispo,CA,Passenger,1,0,1,62,63,1.59
April 30 2019,Santa Rosa,FL,Passenger,1,0,1,91,92,1.09
June 30 2017,St. Lucie,FL,Passenger,1,0,1,33,34,2.94
August 31 2019,Yakima,WA,Truck,0,0,0,59380,59380,0.00
April 30 2023,Richland,SC,Passenger,0,1,1,110,111,0.90
September 30 2021,Lee,FL,Passenger,1,0,1,39,40,2.50
August 31 2019,Rogers,OK,Passenger,1,0,1,6,7,14.29
July 31 2018,San Juan,PR,Passenger,0,1,1,4,5,20.00
May 31 2023,Randolph,NC,Passenger,1,0,1,3,4,25.00
January 31 2024,Whitman,WA,Passenger,198,109,307,21800,22107,1.39
September 30 2018,Fulton,GA,Passenger,1,3,4,111,115,3.48
August 31 2017,Carroll,NH,Passenger,0,1,1,1,2,50.00
September 30 2020,Snohomish,WA,Truck,0,0,0,124923,124923,0.00
December 31 2023,Clark,WA,Truck,151,0,151,80586,80737,0.19
November 30 2019,Kitsap,WA,Truck,1,0,1,54395,54396,0.00
February 29 2020,Mason,WA,Passenger,150,133,283,47582,47865,0.59
June 30 2020,Broward,FL,Passenger,2,1,3,113,116,2.59
June 30 2020,Frederick,MD,Passenger,1,1,2,73,75,2.67
February 29 2020,Whatcom,WA,Truck,3,0,3,43143,43146,0.01
August 31 2018,Camden,NJ,Passenger,0,1,1,32,33,3.03
July 31 2023,Champaign,IL,Passenger,1,0,1,12,13,7.69
June 30 2022,Skagit,WA,Passenger,779,337,1116,90039,91155,1.22
November 30 2019,Arlington,VA,Passenger,0,2,2,156,158,1.27
February 28 2018,Okaloosa,FL,Passenger,1,0,1,181,182,0.55
May 31 2022,Mason,WA,Passenger,302,177,479,47294,47773,1.00
March 31 2017,Alameda,CA,Passenger,3,1,4,388,392,1.02
June 30 2019,El Paso,CO,Passenger,2,1,3,739,742,0.40
September 30 2021,Placer,CA,Passenger,2,0,2,73,75,2.67
November 30 2019,Columbia,WA,Truck,0,0,0,1535,1535,0.00
September 30 2021,Middlesex,MA,Passenger,1,0,1,96,97,1.03
January 31 2021,Spartanburg,SC,Passenger,0,1,1,54,55,1.82
October 31 2017,Montgomery,TX,Passenger,1,0,1,62,63,1.59
January 31 2023,Montgomery,AL,Passenger,0,1,1,36,37,2.70
January 31 2021,RÃ­o Grande,PR,Passenger,1,0,1,1,2,50.00
January 31 2021,Kitsap,WA,Truck,0,0,0,54271,54271,0.00
January 31 2023,Onslow,NC,Passenger,0,1,1,154,155,0.65
May 31 2023,Broward,FL,Passenger,1,0,1,64,65,1.54
April 30 2023,Yakima,WA,Truck,11,0,11,61129,61140,0.02
September 30 2021,Whatcom,WA,Passenger,1541,641,2182,150439,152621,1.43
July 31 2019,Lincoln,WA,Passenger,2,10,12,7793,7805,0.15
August 31 2023,Orange,CA,Passenger,8,3,11,313,324,3.40
July 31 2019,Camden,NJ,Passenger,0,1,1,25,26,3.85
May 31 2023,Washtenaw,MI,Passenger,0,2,2,22,24,8.33
December 31 2019,Suffolk,MA,Passenger,0,1,1,35,36,2.78
October 31 2021,Orange,NC,Passenger,0,1,1,12,13,7.69
June 30 2023,Essex,NJ,Passenger,2,0,2,9,11,18.18
December 31 2018,Montgomery,AL,Passenger,0,1,1,47,48,2.08
August 31 2022,Fairfax,VA,Truck,1,0,1,110,111,0.90
April 30 2019,Lincoln,WA,Truck,0,0,0,4700,4700,0.00
March 31 2018,Grant,WA,Truck,0,0,0,25744,25744,0.00
March 31 2022,Geary,KS,Passenger,1,0,1,89,90,1.11
June 30 2021,Collin,TX,Passenger,2,1,3,124,127,2.36
March 31 2023,Okaloosa,FL,Passenger,0,1,1,99,100,1.00
August 31 2020,Dakota,MN,Passenger,0,1,1,33,34,2.94
September 30 2022,Jefferson,NY,Passenger,1,0,1,215,216,0.46
March 31 2022,Lincoln,WA,Truck,0,0,0,4831,4831,0.00
May 31 2020,Walla Walla,WA,Truck,0,0,0,13670,13670,0.00
February 29 2024,Montgomery,OH,Passenger,0,1,1,34,35,2.86
December 31 2023,King,WA,Truck,1060,2,1062,172109,173171,0.61
March 31 2022,Island,WA,Truck,1,0,1,21431,21432,0.00
September 30 2021,San Juan,WA,Truck,0,0,0,5980,5980,0.00
May 31 2023,Mercer,NJ,Passenger,0,1,1,14,15,6.67
November 30 2023,DeKalb,GA,Passenger,2,0,2,35,37,5.41
March 31 2018,Nantucket,MA,Passenger,1,0,1,4,5,20.00
May 31 2018,Klamath,OR,Passenger,1,0,1,35,36,2.78
December 31 2019,New London,CT,Passenger,0,1,1,239,240,0.42
January 31 2020,Spartanburg,SC,Passenger,0,1,1,47,48,2.08
February 29 2024,Caddo,LA,Passenger,2,0,2,10,12,16.67
May 31 2020,Clark,WA,Truck,0,0,0,81867,81867,0.00
November 30 2022,Lake,IL,Passenger,1,0,1,130,131,0.76
March 31 2020,Montgomery,PA,Passenger,1,0,1,37,38,2.63
December 31 2021,Danville,VA,Passenger,1,0,1,0,1,100.00
May 31 2022,Riverside,CA,Passenger,8,1,9,502,511,1.76
January 31 2024,Garfield,WA,Passenger,0,3,3,1290,1293,0.23
January 31 2022,Nassau,NY,Passenger,3,0,3,35,38,7.89
February 28 2019,Boulder,CO,Passenger,1,0,1,50,51,1.96
December 31 2020,Owyhee,ID,Passenger,1,0,1,3,4,25.00
September 30 2022,Multnomah,OR,Passenger,1,3,4,533,537,0.74
August 31 2021,Monterey,CA,Passenger,0,3,3,159,162,1.85
July 31 2018,DuPage,IL,Passenger,1,0,1,63,64,1.56
May 31 2023,Cowlitz,WA,Truck,8,0,8,28271,28279,0.03
January 31 2023,Charles,MD,Passenger,1,1,2,55,57,3.51
January 31 2022,Okaloosa,FL,Passenger,0,1,1,115,116,0.86
December 31 2022,Washoe,NV,Passenger,1,0,1,59,60,1.67
September 30 2022,San Juan,WA,Passenger,535,162,697,13986,14683,4.75
January 31 2017,Marion,FL,Passenger,1,0,1,27,28,3.57
October 31 2020,Anne Arundel,MD,Passenger,1,1,2,403,405,0.49
December 31 2019,Manassas,VA,Passenger,0,1,1,6,7,14.29
October 31 2021,San Mateo,CA,Passenger,2,0,2,93,95,2.11
February 29 2024,Laramie,WY,Passenger,1,0,1,26,27,3.70
September 30 2022,Clark,NV,Passenger,9,2,11,510,521,2.11
January 31 2017,Wahkiakum,WA,Truck,0,0,0,1624,1624,0.00
April 30 2023,Sarasota,FL,Passenger,1,0,1,27,28,3.57
December 31 2021,Columbia,OR,Passenger,1,0,1,24,25,4.00
October 31 2018,Franklin,MA,Passenger,0,1,1,1,2,50.00
July 31 2019,Chelan,WA,Truck,0,0,0,22346,22346,0.00
April 30 2018,Stevens,WA,Passenger,10,24,34,31580,31614,0.11
January 31 2023,Howard,MD,Passenger,0,2,2,57,59,3.39
June 30 2017,Orleans,LA,Passenger,0,1,1,46,47,2.13
February 28 2018,Santa Fe,NM,Passenger,0,1,1,43,44,2.27
April 30 2024,Brevard,FL,Passenger,1,0,1,48,49,2.04
March 31 2021,Grays Harbor,WA,Passenger,150,131,281,48998,49279,0.57
April 30 2023,Marion,OR,Passenger,1,0,1,72,73,1.37
November 30 2021,Rogers,OK,Passenger,1,0,1,4,5,20.00
August 31 2023,Yakima,WA,Passenger,554,272,826,166258,167084,0.49
February 28 2017,Monterey,CA,Passenger,0,1,1,226,227,0.44
July 31 2021,Los Angeles,CA,Passenger,9,11,20,931,951,2.10
March 31 2019,Maricopa,AZ,Passenger,6,4,10,1621,1631,0.61
October 31 2021,Charleston,SC,Passenger,2,1,3,87,90,3.33
March 31 2023,San Bernardino,CA,Passenger,3,1,4,317,321,1.25
September 30 2022,Howard,MD,Passenger,0,2,2,63,65,3.08
July 31 2017,Thurston,WA,Passenger,418,350,768,187011,187779,0.41
July 31 2022,Stevens,WA,Passenger,73,54,127,30015,30142,0.42
March 31 2017,Klickitat,WA,Passenger,21,23,44,14776,14820,0.30
November 30 2020,San Juan,WA,Passenger,355,106,461,14008,14469,3.19
November 30 2020,Prince George's,MD,Passenger,2,1,3,157,160,1.88
September 30 2020,Ferry,WA,Truck,0,0,0,3584,3584,0.00
September 30 2018,Allegheny,PA,Passenger,1,0,1,86,87,1.15
January 31 2018,Skagit,WA,Truck,1,0,1,31834,31835,0.00
August 31 2023,Harris,TX,Passenger,2,1,3,138,141,2.13
April 30 2024,Spotsylvania,VA,Passenger,0,1,1,19,20,5.00
February 28 2017,Polk,FL,Passenger,1,0,1,66,67,1.49
January 31 2023,Denton,TX,Passenger,2,0,2,50,52,3.85
February 28 2022,Albemarle,VA,Passenger,3,0,3,23,26,11.54
October 31 2017,Mason,WA,Passenger,61,72,133,44454,44587,0.30
June 30 2018,Thurston,WA,Truck,0,0,0,54324,54324,0.00
January 31 2023,Virginia Beach,VA,Passenger,3,1,4,481,485,0.82
June 30 2022,,,Passenger,5,1,6,319,325,1.85
October 31 2017,Santa Fe,NM,Passenger,0,1,1,41,42,2.38
July 31 2021,Thurston,WA,Truck,0,0,0,56446,56446,0.00
November 30 2020,Arlington,VA,Passenger,0,2,2,146,148,1.35
August 31 2023,Calvert,MD,Passenger,1,1,2,75,77,2.60
December 31 2017,Grays Harbor,WA,Truck,0,0,0,20060,20060,0.00
November 30 2017,Mason,WA,Passenger,63,70,133,44602,44735,0.30
July 31 2021,Rockingham,NH,Passenger,1,0,1,21,22,4.55
January 31 2019,Caddo,LA,Passenger,0,1,1,23,24,4.17
April 30 2018,Asotin,WA,Passenger,8,6,14,12634,12648,0.11
August 31 2020,Asotin,WA,Passenger,17,14,31,12348,12379,0.25
July 31 2021,Alexandria,VA,Passenger,3,0,3,119,122,2.46
February 28 2019,Santa Cruz,CA,Passenger,1,0,1,44,45,2.22
October 31 2022,Napa,CA,Passenger,0,1,1,13,14,7.14
March 31 2020,Whitman,WA,Truck,0,0,0,8548,8548,0.00
March 31 2022,Broward,FL,Passenger,2,0,2,92,94,2.13
January 31 2021,Dakota,MN,Passenger,0,1,1,28,29,3.45
December 31 2020,Klamath,OR,Passenger,1,0,1,33,34,2.94
June 30 2021,Oldham,KY,Passenger,0,1,1,4,5,20.00
August 31 2021,Williams,ND,Passenger,0,1,1,7,8,12.50
December 31 2020,Okanogan,WA,Passenger,55,36,91,26055,26146,0.35
December 31 2018,Columbia,WA,Truck,0,0,0,1517,1517,0.00
January 31 2017,Gwinnett,GA,Passenger,0,1,1,97,98,1.02
September 30 2019,Lake,CA,Passenger,0,1,1,10,11,9.09
August 31 2022,Lake,FL,Passenger,1,0,1,18,19,5.26
August 31 2021,Pulaski,MO,Passenger,1,0,1,132,133,0.75
August 31 2022,Mercer,NJ,Passenger,0,1,1,14,15,6.67
March 31 2021,Bradley,TN,Passenger,1,0,1,0,1,100.00
November 30 2022,Yavapai,AZ,Passenger,0,1,1,22,23,4.35
July 31 2019,Benton,WA,Passenger,269,289,558,134126,134684,0.41
August 31 2022,Montgomery,MD,Passenger,4,2,6,196,202,2.97
July 31 2019,Ramsey,MN,Passenger,1,0,1,41,42,2.38
November 30 2019,Washtenaw,MI,Passenger,1,0,1,41,42,2.38
July 31 2019,Kent,MI,Passenger,0,1,1,23,24,4.17
April 30 2023,Currituck,NC,Passenger,1,0,1,19,20,5.00
November 30 2020,Marion,IA,Passenger,1,0,1,1,2,50.00
September 30 2019,Lincoln,WA,Passenger,2,10,12,7807,7819,0.15
February 29 2024,Ferry,WA,Truck,0,0,0,3489,3489,0.00
November 30 2019,Volusia,FL,Passenger,0,1,1,44,45,2.22
December 31 2020,Camden,NJ,Passenger,0,1,1,20,21,4.76
February 28 2017,Thurston,WA,Truck,0,0,0,53331,53331,0.00
May 31 2021,Mason,WA,Truck,0,0,0,21327,21327,0.00
June 30 2019,Yakima,WA,Passenger,105,104,209,165117,165326,0.13
September 30 2021,Kitsap,WA,Passenger,1993,905,2898,180580,183478,1.58
November 30 2019,Washoe,NV,Passenger,1,0,1,116,117,0.85
September 30 2019,Camden,NJ,Passenger,0,1,1,24,25,4.00
March 31 2018,Clay,FL,Passenger,0,1,1,103,104,0.96
September 30 2022,Boulder,CO,Passenger,2,0,2,45,47,4.26
December 31 2017,Allegheny,PA,Passenger,1,0,1,86,87,1.15
November 30 2019,Grant,WA,Passenger,53,65,118,65488,65606,0.18
February 28 2019,Kern,CA,Passenger,0,1,1,237,238,0.42
November 30 2019,Solano,CA,Passenger,1,0,1,208,209,0.48
December 31 2019,Broward,FL,Passenger,2,1,3,128,131,2.29
April 30 2023,Clark,NV,Passenger,10,2,12,441,453,2.65
April 30 2019,Klamath,OR,Passenger,1,0,1,40,41,2.44
December 31 2018,Montgomery,MD,Passenger,1,0,1,276,277,0.36
September 30 2018,Riverside,CA,Passenger,2,2,4,696,700,0.57
May 31 2019,Prince William,VA,Passenger,1,5,6,251,257,2.33
July 31 2022,Richland,SC,Passenger,0,1,1,134,135,0.74
November 30 2018,Oldham,KY,Passenger,0,1,1,5,6,16.67
July 31 2023,,,Passenger,5,0,5,268,273,1.83
December 31 2018,Island,WA,Passenger,276,226,502,63152,63654,0.79
February 28 2019,Whitman,WA,Truck,0,0,0,8493,8493,0.00
May 31 2021,Pulaski,MO,Passenger,1,0,1,142,143,0.70
December 31 2018,Saratoga,NY,Passenger,1,0,1,59,60,1.67
June 30 2022,Okanogan,WA,Passenger,82,50,132,26364,26496,0.50
August 31 2022,Mason,WA,Passenger,329,175,504,46967,47471,1.06
July 31 2018,Ventura,CA,Passenger,0,2,2,321,323,0.62
January 31 2023,DuPage,IL,Passenger,2,1,3,37,40,7.50
February 28 2022,Douglas,WA,Truck,0,0,0,12683,12683,0.00
September 30 2017,Skamania,WA,Truck,0,0,0,3877,3877,0.00
September 30 2020,Island,WA,Passenger,444,281,725,62806,63531,1.14
April 30 2024,Clark,WA,Passenger,7894,2821,10715,305263,315978,3.39
November 30 2022,Santa Clara,CA,Passenger,12,4,16,228,244,6.56
July 31 2018,Santa Rosa,FL,Passenger,1,0,1,98,99,1.01
December 31 2023,Mason,WA,Passenger,552,228,780,46085,46865,1.66
May 31 2018,Kootenai,ID,Passenger,0,1,1,222,223,0.45
August 31 2019,Oklahoma,OK,Passenger,0,1,1,132,133,0.75
July 31 2019,Flathead,MT,Passenger,1,0,1,66,67,1.49
September 30 2023,Snohomish,WA,Truck,206,0,206,121026,121232,0.17
December 31 2017,Snohomish,WA,Truck,1,0,1,121402,121403,0.00
March 31 2022,Mason,WA,Truck,0,0,0,21141,21141,0.00
October 31 2021,Clallam,WA,Truck,1,0,1,22046,22047,0.00
January 31 2023,Kittitas,WA,Passenger,311,94,405,29526,29931,1.35
June 30 2021,Alameda,CA,Passenger,4,0,4,250,254,1.57
January 31 2018,Richland,SC,Passenger,0,1,1,175,176,0.57
June 30 2017,Eagle,CO,Passenger,1,0,1,7,8,12.50
June 30 2017,Clallam,WA,Passenger,90,76,166,48375,48541,0.34
December 31 2022,Kitsap,WA,Truck,33,0,33,52848,52881,0.06
December 31 2022,Oldham,KY,Passenger,0,1,1,4,5,20.00
May 31 2021,Philadelphia,PA,Passenger,1,0,1,53,54,1.85
April 30 2018,El Paso,TX,Passenger,1,0,1,520,521,0.19
June 30 2019,Lincoln,WA,Truck,0,0,0,4676,4676,0.00
April 30 2021,Yamhill,OR,Passenger,1,0,1,44,45,2.22
October 31 2022,Grant,WA,Passenger,211,108,319,66647,66966,0.48
November 30 2019,Montgomery,AL,Passenger,0,1,1,38,39,2.56
December 31 2021,Cook,IL,Passenger,2,0,2,211,213,0.94
April 30 2021,Okanogan,WA,Passenger,60,36,96,26398,26494,0.36
August 31 2017,Prince George's,MD,Passenger,0,1,1,189,190,0.53
July 31 2023,Dallas,TX,Passenger,2,0,2,82,84,2.38
January 31 2021,Portsmouth,VA,Passenger,0,1,1,75,76,1.32
February 28 2021,Mason,WA,Passenger,177,133,310,47633,47943,0.65
October 31 2022,Mason,WA,Truck,6,0,6,20896,20902,0.03
March 31 2018,Prince George's,MD,Passenger,0,1,1,185,186,0.54
July 31 2020,Dakota,MN,Passenger,0,1,1,32,33,3.03
June 30 2019,Bucks,PA,Passenger,1,0,1,21,22,4.55
April 30 2022,Onslow,NC,Passenger,0,1,1,166,167,0.60
July 31 2021,Clinton,PA,Passenger,1,0,1,0,1,100.00
September 30 2018,Clallam,WA,Passenger,129,122,251,50166,50417,0.50
January 31 2018,Chelan,WA,Truck,0,0,0,21674,21674,0.00
September 30 2023,St. Louis,MO,Passenger,1,0,1,51,52,1.92
March 31 2022,Williams,ND,Passenger,0,1,1,8,9,11.11
July 31 2019,Wilson,TX,Passenger,0,1,1,7,8,12.50
March 31 2023,Whatcom,WA,Passenger,2283,837,3120,147628,150748,2.07
November 30 2017,Mason,WA,Truck,0,0,0,19533,19533,0.00
December 31 2022,Berkeley,SC,Passenger,0,1,1,116,117,0.85
March 31 2022,Okanogan,WA,Truck,0,0,0,16677,16677,0.00
July 31 2023,Skagit,WA,Truck,23,0,23,31845,31868,0.07
July 31 2023,Multnomah,OR,Passenger,1,2,3,439,442,0.68
May 31 2017,Bexar,TX,Passenger,1,0,1,983,984,0.10
July 31 2019,San Joaquin,CA,Passenger,1,0,1,134,135,0.74
August 31 2020,Jefferson,CO,Passenger,0,1,1,53,54,1.85
February 28 2019,Maui,HI,Passenger,2,0,2,52,54,3.70
September 30 2022,Los Angeles,CA,Passenger,5,6,11,790,801,1.37
November 30 2023,Los Angeles,CA,Passenger,6,4,10,572,582,1.72
March 31 2019,Duval,FL,Passenger,1,2,3,389,392,0.77
August 31 2023,Columbia,OR,Passenger,1,0,1,11,12,8.33
January 31 2021,Penobscot,ME,Passenger,0,1,1,10,11,9.09
August 31 2020,Queens,NY,Passenger,1,0,1,52,53,1.89
January 31 2021,Walla Walla,WA,Truck,0,0,0,13896,13896,0.00
February 28 2021,Whitman,WA,Passenger,53,46,99,21833,21932,0.45
September 30 2021,Washington,MD,Passenger,2,0,2,11,13,15.38
November 30 2021,San Diego,CA,Passenger,19,6,25,2558,2583,0.97
December 31 2021,Burlington,NJ,Passenger,0,1,1,117,118,0.85
October 31 2019,Harrison,MS,Passenger,1,0,1,62,63,1.59
February 28 2019,Lee,FL,Passenger,1,0,1,52,53,1.89
February 28 2023,Columbia,OR,Passenger,1,0,1,12,13,7.69
January 31 2021,Sacramento,CA,Passenger,2,1,3,257,260,1.15
April 30 2019,Monterey,CA,Passenger,0,1,1,192,193,0.52
December 31 2022,Miami-Dade,FL,Passenger,1,0,1,73,74,1.35
December 31 2018,Adams,WA,Passenger,5,6,11,12739,12750,0.09
February 29 2020,Palm Beach,FL,Passenger,0,2,2,86,88,2.27
December 31 2023,Alexandria,VA,Passenger,3,0,3,77,80,3.75
November 30 2023,Tarrant,TX,Passenger,1,0,1,80,81,1.23
May 31 2023,Orange,NC,Passenger,0,1,1,5,6,16.67
December 31 2018,San Juan,PR,Passenger,0,1,1,5,6,16.67
July 31 2022,Whitman,WA,Passenger,88,60,148,21911,22059,0.67
July 31 2017,Lincoln,WA,Passenger,2,5,7,7520,7527,0.09
February 28 2022,San Juan,WA,Passenger,485,152,637,14169,14806,4.30
May 31 2018,Stevens,WA,Passenger,11,25,36,31560,31596,0.11
March 31 2022,Baltimore,MD,Passenger,1,0,1,86,87,1.15
May 31 2017,Norfolk,VA,Passenger,1,1,2,309,311,0.64
June 30 2018,Washtenaw,MI,Passenger,1,0,1,38,39,2.56
January 31 2023,Cochise,AZ,Passenger,1,0,1,68,69,1.45
November 30 2017,Wahkiakum,WA,Passenger,0,2,2,2868,2870,0.07
December 31 2019,Santa Clara,CA,Passenger,8,2,10,369,379,2.64
November 30 2021,Lee,FL,Passenger,1,0,1,35,36,2.78
June 30 2021,Hamilton,IN,Passenger,2,0,2,36,38,5.26
October 31 2023,Virginia Beach,VA,Passenger,4,2,6,423,429,1.40
May 31 2023,Cook,IL,Passenger,3,1,4,163,167,2.40
June 30 2018,Caddo,LA,Passenger,0,1,1,24,25,4.00
April 30 2018,Washtenaw,MI,Passenger,1,0,1,39,40,2.50
February 29 2020,Washtenaw,MI,Passenger,1,0,1,39,40,2.50
April 30 2017,Okanogan,WA,Truck,0,0,0,16254,16254,0.00
February 28 2022,Kittitas,WA,Truck,0,0,0,14756,14756,0.00
February 28 2022,Onslow,NC,Passenger,0,1,1,171,172,0.58
April 30 2020,Richland,SC,Passenger,0,1,1,159,160,0.62
September 30 2020,Adams,WA,Passenger,8,7,15,12912,12927,0.12
November 30 2023,Wahkiakum,WA,Truck,4,0,4,1760,1764,0.23
June 30 2020,Houston,GA,Passenger,1,0,1,57,58,1.72
March 31 2018,Montgomery,TN,Passenger,1,0,1,272,273,0.37
March 31 2020,San Francisco,CA,Passenger,2,1,3,104,107,2.80
January 31 2021,Sarasota,FL,Passenger,2,0,2,35,37,5.41
June 30 2019,Fulton,GA,Passenger,1,3,4,110,114,3.51
June 30 2018,Monterey,CA,Passenger,0,1,1,186,187,0.53
July 31 2018,Lincoln,WA,Truck,0,0,0,4556,4556,0.00
July 31 2022,Yellowstone,MT,Passenger,0,1,1,21,22,4.55
August 31 2023,Arapahoe,CO,Passenger,1,1,2,72,74,2.70
October 31 2017,San Juan,WA,Passenger,127,40,167,13754,13921,1.20
August 31 2023,Washtenaw,MI,Passenger,0,2,2,18,20,10.00
October 31 2019,Queens,NY,Passenger,1,0,1,52,53,1.89
February 28 2022,Douglas,NE,Passenger,1,2,3,49,52,5.77
September 30 2022,Klickitat,WA,Passenger,108,53,161,15110,15271,1.05
October 31 2018,Cowlitz,WA,Truck,0,0,0,28664,28664,0.00
March 31 2020,Lincoln,WA,Truck,0,0,0,4656,4656,0.00
July 31 2022,Charles,MD,Passenger,1,1,2,60,62,3.23
July 31 2019,Pierce,WA,Passenger,1877,1569,3446,544135,547581,0.63
October 31 2019,Kern,CA,Passenger,0,1,1,227,228,0.44
April 30 2017,Cascade,MT,Passenger,0,1,1,64,65,1.54
July 31 2018,St. Mary's,MD,Passenger,1,0,1,215,216,0.46
April 30 2023,San Francisco,CA,Passenger,1,0,1,67,68,1.47
March 31 2018,Kitsap,WA,Truck,1,0,1,52967,52968,0.00
October 31 2020,Pacific,WA,Truck,0,0,0,7749,7749,0.00
October 31 2023,Sacramento,CA,Truck,1,0,1,30,31,3.23
January 31 2017,Okaloosa,FL,Passenger,1,0,1,191,192,0.52
August 31 2019,Duval,FL,Passenger,1,2,3,381,384,0.78
February 28 2019,Ventura,CA,Passenger,0,2,2,321,323,0.62
November 30 2022,Ada,ID,Passenger,1,0,1,150,151,0.66
January 31 2024,Okanogan,WA,Truck,8,0,8,16283,16291,0.05
February 28 2021,Henrico,VA,Passenger,0,1,1,18,19,5.26
January 31 2023,Lee,FL,Passenger,1,0,1,32,33,3.03
December 31 2020,Frederick,MD,Passenger,1,1,2,70,72,2.78
September 30 2017,Fulton,GA,Passenger,1,0,1,112,113,0.88
May 31 2023,Grays Harbor,WA,Truck,6,0,6,20957,20963,0.03
June 30 2021,Kitsap,WA,Passenger,1851,857,2708,180356,183064,1.48
January 31 2023,Lewis,WA,Truck,2,0,2,26255,26257,0.01
July 31 2017,Riverside,CA,Passenger,1,1,2,794,796,0.25
November 30 2019,Guadalupe,TX,Passenger,1,0,1,72,73,1.37
December 31 2020,Clackamas,OR,Passenger,3,0,3,184,187,1.60
July 31 2021,Lincoln,WA,Passenger,6,15,21,7719,7740,0.27
April 30 2022,Queens,NY,Passenger,1,0,1,48,49,2.04
October 31 2021,Burlington,NJ,Passenger,0,1,1,119,120,0.83
January 31 2022,Washington,MD,Passenger,2,0,2,12,14,14.29
October 31 2023,Madison,IL,Passenger,2,0,2,16,18,11.11
May 31 2019,San Juan,WA,Truck,0,0,0,5848,5848,0.00
April 30 2024,Allegheny,PA,Passenger,1,0,1,45,46,2.17
July 31 2018,El Paso,TX,Passenger,1,0,1,509,510,0.20
December 31 2021,Henrico,VA,Passenger,0,1,1,14,15,6.67
March 31 2020,San Joaquin,CA,Passenger,1,0,1,138,139,0.72
November 30 2020,El Paso,TX,Passenger,3,0,3,411,414,0.72
November 30 2018,Twin Falls,ID,Passenger,0,1,1,24,25,4.00
February 28 2022,Denton,TX,Passenger,2,0,2,72,74,2.70
January 31 2024,Caddo,LA,Passenger,2,0,2,9,11,18.18
July 31 2018,Snohomish,WA,Passenger,2405,1294,3699,522560,526259,0.70
August 31 2018,Yakima,WA,Passenger,67,92,159,164187,164346,0.10
June 30 2020,Clark,NV,Passenger,3,2,5,699,704,0.71
June 30 2022,Jefferson,WA,Truck,2,0,2,9458,9460,0.02
October 31 2019,Moore,NC,Passenger,0,1,1,178,179,0.56
April 30 2018,Contra Costa,CA,Passenger,0,1,1,456,457,0.22
March 31 2021,Calvert,MD,Passenger,0,2,2,86,88,2.27
November 30 2020,Franklin,WA,Passenger,78,79,157,61148,61305,0.26
August 31 2022,Maricopa,AZ,Passenger,10,3,13,983,996,1.31
April 30 2023,Garfield,WA,Truck,0,0,0,978,978,0.00
June 30 2019,St. Clair,IL,Passenger,0,1,1,166,167,0.60
March 31 2023,Lincoln,OR,Passenger,0,1,1,16,17,5.88
March 31 2024,Mason,WA,Passenger,581,243,824,45271,46095,1.79
November 30 2020,Lake,IL,Passenger,2,0,2,169,171,1.17
January 31 2023,Skamania,WA,Truck,1,0,1,3880,3881,0.03
June 30 2021,Anne Arundel,MD,Passenger,3,1,4,389,393,1.02
February 28 2023,Cumberland,PA,Passenger,1,0,1,41,42,2.38
January 31 2022,Yakima,WA,Truck,0,0,0,61594,61594,0.00
February 28 2017,Walla Walla,WA,Truck,0,0,0,13162,13162,0.00
June 30 2022,Asotin,WA,Passenger,23,19,42,12709,12751,0.33
August 31 2020,Ada,ID,Passenger,0,1,1,273,274,0.36
January 31 2023,Jefferson,NY,Passenger,2,0,2,206,208,0.96
May 31 2022,Escambia,FL,Passenger,0,1,1,149,150,0.67
May 31 2019,Mason,WA,Truck,0,0,0,20356,20356,0.00
August 31 2019,Jefferson,WA,Truck,0,0,0,9672,9672,0.00
June 30 2022,St. Clair,IL,Passenger,1,0,1,119,120,0.83
April 30 2024,Sacramento,CA,Truck,1,0,1,27,28,3.57
June 30 2020,Salt Lake,UT,Passenger,0,1,1,208,209,0.48
May 31 2019,Monterey,CA,Passenger,0,1,1,195,196,0.51
September 30 2020,Washtenaw,MI,Passenger,1,1,2,34,36,5.56
May 31 2019,Valencia,NM,Passenger,1,0,1,9,10,10.00
April 30 2019,Adams,WA,Passenger,5,6,11,12652,12663,0.09
September 30 2023,Lane,OR,Passenger,0,2,2,65,67,2.99
September 30 2017,St. Lucie,FL,Passenger,1,0,1,27,28,3.57
July 31 2018,Clallam,WA,Truck,0,0,0,21477,21477,0.00
November 30 2018,Garfield,WA,Truck,0,0,0,963,963,0.00
September 30 2020,Okanogan,WA,Truck,0,0,0,16538,16538,0.00
October 31 2020,Island,WA,Truck,1,0,1,21286,21287,0.00
May 31 2023,Lake,IL,Passenger,2,0,2,124,126,1.59
February 28 2023,DuPage,IL,Passenger,2,1,3,36,39,7.69
July 31 2020,New York,NY,Passenger,1,0,1,62,63,1.59
January 31 2021,Kauai,HI,Passenger,1,0,1,18,19,5.26
March 31 2021,Plaquemines,LA,Passenger,0,1,1,16,17,5.88
August 31 2017,Stevens,WA,Truck,0,0,0,18215,18215,0.00
May 31 2018,Garfield,WA,Passenger,1,1,2,1326,1328,0.15
February 28 2022,Lee,FL,Passenger,1,0,1,34,35,2.86
December 31 2020,Howard,MD,Passenger,0,1,1,73,74,1.35
May 31 2017,Montgomery,PA,Passenger,1,0,1,39,40,2.50
February 28 2019,Carson City,NV,Passenger,1,0,1,14,15,6.67
November 30 2021,Ulster,NY,Passenger,1,0,1,14,15,6.67
August 31 2018,Walla Walla,WA,Passenger,34,48,82,35873,35955,0.23
October 31 2021,Prince George's,MD,Passenger,2,1,3,152,155,1.94
July 31 2021,Richland,SC,Passenger,0,1,1,140,141,0.71
October 31 2019,Lincoln,WA,Truck,0,0,0,4691,4691,0.00
January 31 2020,Camden,NJ,Passenger,0,2,2,21,23,8.70
October 31 2018,Tulsa,OK,Passenger,1,1,2,54,56,3.57
September 30 2017,Thurston,WA,Passenger,435,363,798,188193,188991,0.42
January 31 2017,Snohomish,WA,Truck,1,0,1,122821,122822,0.00
September 30 2018,Pend Oreille,WA,Passenger,5,5,10,9588,9598,0.10
December 31 2020,Gwinnett,GA,Passenger,1,0,1,70,71,1.41
March 31 2019,Santa Clara,CA,Passenger,8,1,9,377,386,2.33
August 31 2017,Charles,MD,Passenger,0,1,1,87,88,1.14
March 31 2023,Fredericksburg,VA,Passenger,1,0,1,5,6,16.67
November 30 2019,Jones,GA,Passenger,1,0,1,1,2,50.00
November 30 2018,Okanogan,WA,Truck,0,0,0,16494,16494,0.00
November 30 2022,Pend Oreille,WA,Passenger,19,13,32,8964,8996,0.36
May 31 2019,Broward,FL,Passenger,2,1,3,127,130,2.31
June 30 2019,Virginia Beach,VA,Passenger,1,0,1,709,710,0.14
August 31 2021,Nueces,TX,Passenger,1,0,1,70,71,1.41
January 31 2019,Dakota,MN,Passenger,0,2,2,33,35,5.71
May 31 2019,Washtenaw,MI,Passenger,1,0,1,38,39,2.56
April 30 2021,Klickitat,WA,Passenger,67,47,114,15178,15292,0.75
July 31 2020,,,Passenger,6,1,7,384,391,1.79
December 31 2017,Adams,WA,Truck,0,0,0,5127,5127,0.00
July 31 2022,Nassau,NY,Passenger,3,0,3,33,36,8.33
February 28 2017,Kittitas,WA,Passenger,15,15,30,27059,27089,0.11
May 31 2018,Polk,FL,Passenger,1,0,1,67,68,1.47
October 31 2017,Northampton,PA,Passenger,0,1,1,69,70,1.43
May 31 2021,Gwinnett,GA,Passenger,1,0,1,66,67,1.49
January 31 2022,Platte,MO,Passenger,1,0,1,20,21,4.76
April 30 2022,Wake,NC,Passenger,1,0,1,109,110,0.91
April 30 2024,Escambia,FL,Passenger,0,1,1,105,106,0.94
January 31 2022,Kauai,HI,Passenger,1,0,1,21,22,4.55
February 28 2021,Pierce,WA,Passenger,3027,1809,4836,555036,559872,0.86
June 30 2023,Travis,TX,Passenger,2,1,3,92,95,3.16
October 31 2021,Essex,NJ,Passenger,2,0,2,14,16,12.50
April 30 2023,Anne Arundel,MD,Passenger,3,3,6,306,312,1.92
July 31 2021,St. Mary's,MD,Passenger,1,0,1,210,211,0.47
September 30 2023,Moore,NC,Passenger,0,1,1,103,104,0.96
December 31 2020,Pacific,WA,Passenger,34,35,69,15715,15784,0.44
January 31 2020,Benton,WA,Truck,0,0,0,42556,42556,0.00
June 30 2022,Contra Costa,CA,Passenger,0,4,4,237,241,1.66
September 30 2019,Kootenai,ID,Passenger,1,2,3,223,226,1.33
January 31 2022,Richmond,NY,Passenger,1,0,1,4,5,20.00
January 31 2019,Yakima,WA,Passenger,84,100,184,164904,165088,0.11
October 31 2020,Frederick,MD,Passenger,1,1,2,71,73,2.74
January 31 2023,Fairbanks North Star,AK,Passenger,0,1,1,66,67,1.49
September 30 2021,Burlington,NJ,Passenger,0,1,1,119,120,0.83
April 30 2023,Washington,MD,Passenger,2,0,2,12,14,14.29
March 31 2020,Klickitat,WA,Truck,0,0,0,8270,8270,0.00
August 31 2017,Walla Walla,WA,Passenger,27,27,54,34981,35035,0.15
November 30 2020,Tarrant,TX,Passenger,1,0,1,172,173,0.58
September 30 2019,Los Angeles,CA,Passenger,7,7,14,1118,1132,1.24
December 31 2019,Deschutes,OR,Passenger,4,0,4,159,163,2.45
March 31 2018,Garfield,WA,Passenger,1,0,1,1330,1331,0.08
February 28 2023,Harris,TX,Passenger,1,1,2,155,157,1.27
September 30 2022,Mason,WA,Passenger,337,176,513,46892,47405,1.08
February 28 2018,Kittitas,WA,Passenger,37,27,64,28683,28747,0.22
June 30 2020,Carroll,NH,Passenger,0,1,1,4,5,20.00
September 30 2017,Dakota,MN,Passenger,0,2,2,37,39,5.13
April 30 2019,Houston,GA,Passenger,1,0,1,55,56,1.79
October 31 2017,Okaloosa,FL,Passenger,1,0,1,188,189,0.53
April 30 2022,Autauga,AL,Passenger,1,0,1,12,13,7.69
November 30 2018,Charleston,SC,Passenger,1,0,1,128,129,0.78
February 28 2017,Palm Beach,FL,Passenger,0,1,1,101,102,0.98
April 30 2024,Allen,IN,Passenger,1,1,2,10,12,16.67
September 30 2021,Sarasota,FL,Passenger,2,0,2,38,40,5.00
January 31 2024,Arapahoe,CO,Passenger,1,1,2,64,66,3.03
January 31 2017,Walla Walla,WA,Passenger,16,21,37,34864,34901,0.11
January 31 2022,Santa Clara,CA,Passenger,10,1,11,266,277,3.97
February 29 2020,Williamson,TX,Passenger,0,2,2,148,150,1.33
January 31 2023,Los Angeles,CA,Passenger,5,5,10,742,752,1.33
December 31 2021,Queens,NY,Passenger,1,0,1,55,56,1.79
March 31 2020,Snohomish,WA,Passenger,4371,1756,6127,537249,543376,1.13
April 30 2018,Adams,WA,Passenger,5,4,9,12519,12528,0.07
November 30 2022,Calvert,MD,Passenger,0,2,2,83,85,2.35
February 28 2021,Island,WA,Truck,0,0,0,21400,21400,0.00
February 28 2018,Kent,MI,Passenger,0,1,1,35,36,2.78
January 31 2024,Brown,WI,Passenger,1,0,1,5,6,16.67
May 31 2023,Clark,WA,Passenger,5648,2286,7934,313673,321607,2.47
June 30 2020,Grant,WA,Passenger,59,71,130,65223,65353,0.20
June 30 2021,Benton,WA,Truck,0,0,0,43625,43625,0.00
March 31 2020,St. Mary's,MD,Passenger,1,0,1,211,212,0.47
January 31 2023,Cass,MN,Passenger,0,1,1,1,2,50.00
April 30 2020,Lewis,WA,Truck,0,0,0,25980,25980,0.00
March 31 2018,Clark,NV,Passenger,2,2,4,757,761,0.53
March 31 2023,Portsmouth,VA,Passenger,0,1,1,67,68,1.47
February 28 2023,Cowlitz,WA,Truck,7,0,7,28326,28333,0.02
August 31 2017,Orleans,LA,Passenger,0,1,1,44,45,2.22
October 31 2023,Brown,WI,Passenger,1,0,1,5,6,16.67
July 31 2020,Douglas,WA,Truck,0,0,0,12347,12347,0.00
May 31 2020,Broward,FL,Passenger,2,1,3,117,120,2.50
March 31 2019,Hennepin,MN,Passenger,2,0,2,104,106,1.89
August 31 2019,Allegheny,PA,Passenger,2,0,2,87,89,2.25
February 28 2023,Shasta,CA,Passenger,1,0,1,27,28,3.57
April 30 2019,Washoe,NV,Passenger,2,0,2,115,117,1.71
April 30 2024,Pacific,WA,Passenger,105,97,202,15183,15385,1.31
November 30 2019,Prince William,VA,Passenger,1,4,5,235,240,2.08
September 30 2020,Columbia,WA,Truck,0,0,0,1531,1531,0.00
October 31 2023,Wayne,MI,Passenger,0,1,1,39,40,2.50
December 31 2022,Geary,KS,Passenger,1,0,1,75,76,1.32
January 31 2019,St. Lucie,FL,Passenger,1,0,1,29,30,3.33
November 30 2022,Nassau,NY,Passenger,2,0,2,29,31,6.45
June 30 2022,Frederick,MD,Passenger,1,1,2,65,67,2.99
April 30 2021,Lake,FL,Passenger,1,0,1,24,25,4.00
May 31 2018,Lee,FL,Passenger,1,0,1,57,58,1.72
February 28 2023,Grant,WA,Truck,7,0,7,28056,28063,0.02
November 30 2021,Ventura,CA,Passenger,2,2,4,266,270,1.48
September 30 2018,Utah,UT,Passenger,0,1,1,147,148,0.68
December 31 2017,Nueces,TX,Passenger,1,1,2,91,93,2.15
April 30 2024,Harris,TX,Passenger,2,2,4,94,98,4.08
January 31 2018,New Haven,CT,Passenger,0,1,1,54,55,1.82
June 30 2022,Ulster,NY,Passenger,1,0,1,14,15,6.67
August 31 2018,Clark,WA,Passenger,1069,765,1834,309176,311010,0.59
September 30 2019,San Mateo,CA,Passenger,2,1,3,127,130,2.31
July 31 2020,St. Mary's,MD,Passenger,1,0,1,215,216,0.46
July 31 2019,Santa Fe,NM,Passenger,0,1,1,42,43,2.33
September 30 2022,Spartanburg,SC,Passenger,0,1,1,33,34,2.94
July 31 2022,Nueces,TX,Passenger,1,1,2,57,59,3.39
April 30 2024,Pulaski,AR,Passenger,2,0,2,15,17,11.76
July 31 2022,Marion,IA,Passenger,1,0,1,0,1,100.00
November 30 2023,Island,WA,Passenger,1269,471,1740,60933,62673,2.78
July 31 2019,Honolulu,HI,Passenger,3,3,6,508,514,1.17
March 31 2021,,,Passenger,4,1,5,360,365,1.37
March 31 2024,Travis,TX,Passenger,2,1,3,61,64,4.69
December 31 2022,Santa Clara,CA,Passenger,12,4,16,219,235,6.81
December 31 2020,Fresno,CA,Passenger,1,0,1,189,190,0.53
December 31 2021,Fairbanks North Star,AK,Passenger,0,1,1,83,84,1.19
October 31 2022,Sevier,AR,Passenger,0,1,1,0,1,100.00
July 31 2021,Asotin,WA,Passenger,21,17,38,12696,12734,0.30
November 30 2022,Los Angeles,CA,Passenger,4,6,10,776,786,1.27
January 31 2020,Pima,AZ,Passenger,3,1,4,390,394,1.02
July 31 2023,Broward,FL,Passenger,1,0,1,63,64,1.56
September 30 2023,Allegheny,PA,Passenger,1,0,1,54,55,1.82
November 30 2019,Osceola,FL,Passenger,1,0,1,45,46,2.17
October 31 2020,Juneau,AK,Passenger,0,1,1,28,29,3.45
June 30 2017,Thurston,WA,Truck,0,0,0,53278,53278,0.00
March 31 2019,Adams,WA,Passenger,4,6,10,12627,12637,0.08
September 30 2023,Sacramento,CA,Passenger,3,1,4,149,153,2.61
May 31 2017,Ventura,CA,Passenger,0,1,1,370,371,0.27
April 30 2023,Collier,FL,Passenger,1,0,1,17,18,5.56
March 31 2020,Monroe,IL,Passenger,1,0,1,3,4,25.00
January 31 2022,Penobscot,ME,Passenger,0,1,1,8,9,11.11
January 31 2019,Pierce,WA,Passenger,1581,1423,3004,539586,542590,0.55
May 31 2017,Kittitas,WA,Passenger,23,17,40,27355,27395,0.15
May 31 2019,Kitsap,WA,Truck,1,0,1,54011,54012,0.00
February 28 2018,Ventura,CA,Passenger,0,1,1,342,343,0.29
September 30 2019,Greene,MO,Passenger,0,1,1,34,35,2.86
February 28 2017,Whatcom,WA,Truck,2,0,2,41326,41328,0.00
November 30 2020,Grant,WA,Passenger,78,79,157,65745,65902,0.24
January 31 2022,Grays Harbor,WA,Passenger,197,158,355,49315,49670,0.71
April 30 2020,Kootenai,ID,Passenger,1,1,2,225,227,0.88
March 31 2022,Virginia Beach,VA,Passenger,2,0,2,553,555,0.36
August 31 2018,Pinal,AZ,Passenger,2,0,2,210,212,0.94
May 31 2022,Kings,CA,Passenger,2,1,3,308,311,0.96
June 30 2019,Shelby,TN,Passenger,0,1,1,96,97,1.03
January 31 2018,Lewis,WA,Passenger,52,45,97,56801,56898,0.17
September 30 2021,Douglas,WA,Passenger,104,51,155,28568,28723,0.54
May 31 2018,Santa Clara,CA,Passenger,7,0,7,392,399,1.75
March 31 2018,Nueces,TX,Passenger,1,1,2,92,94,2.13
June 30 2021,Kern,CA,Passenger,0,1,1,214,215,0.47
June 30 2019,Kittitas,WA,Truck,0,0,0,14427,14427,0.00
November 30 2017,Collier,FL,Passenger,1,0,1,23,24,4.17
October 31 2023,Jefferson,WA,Truck,13,0,13,9266,9279,0.14
February 28 2023,Wake,NC,Passenger,2,0,2,90,92,2.17
August 31 2017,Island,WA,Truck,0,0,0,20516,20516,0.00
May 31 2020,Chesapeake,VA,Passenger,0,1,1,434,435,0.23
July 31 2022,Howard,MD,Passenger,0,2,2,64,66,3.03
July 31 2021,Vigo,IN,Passenger,1,0,1,5,6,16.67
April 30 2019,Thurston,WA,Passenger,821,612,1433,196668,198101,0.72
May 31 2021,Miami-Dade,FL,Passenger,1,0,1,102,103,0.97
August 31 2021,Leavenworth,KS,Passenger,0,1,1,112,113,0.88
April 30 2023,Dallas,TX,Passenger,2,0,2,91,93,2.15
July 31 2020,Harford,MD,Passenger,0,1,1,57,58,1.72
July 31 2020,Henrico,VA,Passenger,0,1,1,19,20,5.00
April 30 2022,Frederick,MD,Passenger,1,1,2,69,71,2.82
December 31 2022,Charleston,SC,Passenger,2,2,4,62,66,6.06
September 30 2023,Otero,NM,Passenger,0,1,1,24,25,4.00
November 30 2019,Franklin,WA,Passenger,53,74,127,60770,60897,0.21
April 30 2019,Cowlitz,WA,Truck,0,0,0,28847,28847,0.00
February 28 2022,Lincoln,WA,Truck,0,0,0,4840,4840,0.00
April 30 2019,San Diego,CA,Passenger,11,2,13,2656,2669,0.49
April 30 2019,Ventura,CA,Passenger,0,2,2,322,324,0.62
August 31 2019,Spartanburg,SC,Passenger,0,1,1,42,43,2.33
March 31 2021,Philadelphia,PA,Passenger,1,0,1,59,60,1.67
March 31 2024,Lewis,WA,Truck,13,0,13,25151,25164,0.05
August 31 2020,Cowlitz,WA,Truck,0,0,0,28904,28904,0.00
October 31 2021,Jefferson,NY,Passenger,1,0,1,220,221,0.45
March 31 2021,Twin Falls,ID,Passenger,0,1,1,23,24,4.17
July 31 2021,Hamilton,IN,Passenger,2,0,2,36,38,5.26
November 30 2023,Chelan,WA,Truck,39,0,39,23068,23107,0.17
December 31 2019,Pacific,WA,Passenger,30,30,60,16113,16173,0.37
December 31 2019,Pinal,AZ,Passenger,1,0,1,199,200,0.50
September 30 2020,Asotin,WA,Passenger,17,14,31,12389,12420,0.25
April 30 2020,Whitman,WA,Passenger,44,48,92,22299,22391,0.41
May 31 2020,Ada,ID,Passenger,0,1,1,286,287,0.35
October 31 2017,Fairfax,VA,Passenger,3,2,5,839,844,0.59
July 31 2017,Marion,OR,Passenger,1,0,1,167,168,0.60
September 30 2020,Henrico,VA,Passenger,0,1,1,18,19,5.26
December 31 2018,Kalamazoo,MI,Passenger,1,0,1,17,18,5.56
February 29 2024,Otero,NM,Passenger,0,1,1,22,23,4.35
January 31 2022,Las Animas,CO,Passenger,1,0,1,1,2,50.00
January 31 2018,Pacific,WA,Truck,0,0,0,7532,7532,0.00
August 31 2017,Clallam,WA,Truck,0,0,0,21059,21059,0.00
January 31 2018,Nassau,NY,Passenger,1,0,1,40,41,2.44
August 31 2018,Franklin,WA,Passenger,36,65,101,58361,58462,0.17
April 30 2021,Fresno,CA,Passenger,1,0,1,192,193,0.52
February 28 2019,Sedgwick,KS,Passenger,0,1,1,104,105,0.95
February 28 2023,Chesapeake,VA,Passenger,3,2,5,320,325,1.54
June 30 2019,Island,WA,Truck,0,0,0,21256,21256,0.00
May 31 2020,Newport,RI,Passenger,0,1,1,84,85,1.18
July 31 2019,Yakima,WA,Passenger,109,107,216,165366,165582,0.13
March 31 2017,San Mateo,CA,Passenger,0,1,1,157,158,0.63
July 31 2020,El Paso,CO,Passenger,2,0,2,726,728,0.27
November 30 2023,Essex,MA,Passenger,1,0,1,11,12,8.33
February 29 2024,Cochise,AZ,Passenger,1,0,1,49,50,2.00
October 31 2021,Rogers,OK,Passenger,1,0,1,4,5,20.00
October 31 2017,Kittitas,WA,Passenger,34,23,57,28112,28169,0.20
May 31 2019,Klickitat,WA,Truck,0,0,0,8233,8233,0.00
June 30 2017,Montgomery,MD,Passenger,1,0,1,307,308,0.32
October 31 2020,Stafford,VA,Passenger,1,1,2,103,105,1.90
March 31 2021,Whitman,WA,Truck,0,0,0,8553,8553,0.00
March 31 2019,Tulsa,OK,Passenger,1,1,2,54,56,3.57
September 30 2023,Kent,DE,Passenger,1,0,1,37,38,2.63
November 30 2023,Sarasota,FL,Passenger,1,0,1,22,23,4.35
August 31 2020,Kern,CA,Passenger,0,1,1,223,224,0.45
June 30 2022,Queens,NY,Passenger,1,0,1,45,46,2.17
June 30 2018,Clay,FL,Passenger,0,1,1,96,97,1.03
January 31 2024,Marion,IA,Passenger,1,0,1,0,1,100.00
June 30 2019,Monroe,IL,Passenger,1,0,1,4,5,20.00
December 31 2021,San Juan,WA,Passenger,478,149,627,14179,14806,4.23
June 30 2023,New York,NY,Passenger,1,0,1,33,34,2.94
June 30 2022,Maricopa,AZ,Passenger,9,4,13,1045,1058,1.23
October 31 2017,Sacramento,CA,Passenger,1,1,2,338,340,0.59
October 31 2023,Bell,TX,Passenger,1,0,1,237,238,0.42
April 30 2019,DeKalb,GA,Passenger,1,0,1,82,83,1.20
March 31 2021,Dallas,IA,Passenger,0,1,1,10,11,9.09
February 29 2024,Cook,IL,Passenger,2,1,3,129,132,2.27
October 31 2021,Klickitat,WA,Truck,0,0,0,8305,8305,0.00
October 31 2021,Charles,MD,Passenger,1,1,2,72,74,2.70
November 30 2022,St. Louis,MO,Passenger,2,0,2,64,66,3.03
September 30 2022,Asotin,WA,Passenger,25,19,44,12572,12616,0.35
August 31 2023,Skamania,WA,Truck,1,0,1,3829,3830,0.03
April 30 2019,Alexandria,VA,Passenger,1,0,1,150,151,0.66
June 30 2022,Harrison,MS,Passenger,1,0,1,50,51,1.96
February 29 2024,Collin,TX,Passenger,2,0,2,35,37,5.41
November 30 2018,Douglas,WA,Passenger,49,33,82,27965,28047,0.29
August 31 2022,Solano,CA,Passenger,2,0,2,163,165,1.21
December 31 2020,Ada,ID,Passenger,0,1,1,262,263,0.38
October 31 2018,Jefferson,WA,Truck,0,0,0,9605,9605,0.00
January 31 2024,Pacific,WA,Truck,6,0,6,7812,7818,0.08
May 31 2017,Harnett,NC,Passenger,1,0,1,268,269,0.37
January 31 2018,Manassas,VA,Passenger,0,1,1,9,10,10.00
November 30 2023,Wake,NC,Passenger,3,0,3,75,78,3.85
June 30 2017,Kent,MI,Passenger,0,1,1,37,38,2.63
April 30 2017,Santa Clara,CA,Passenger,6,2,8,421,429,1.86
May 31 2021,Williamson,TX,Passenger,0,2,2,120,122,1.64
July 31 2017,Sacramento,CA,Passenger,0,1,1,362,363,0.28
June 30 2019,Shasta,CA,Passenger,1,0,1,44,45,2.22
January 31 2020,Harrison,MS,Passenger,1,0,1,63,64,1.56
October 31 2021,Maui,HI,Passenger,1,0,1,28,29,3.45
February 29 2024,Atlantic,NJ,Passenger,1,0,1,11,12,8.33
December 31 2020,Whatcom,WA,Passenger,1219,550,1769,149968,151737,1.17
September 30 2021,Harris,TX,Passenger,1,1,2,208,210,0.95
February 29 2024,Lake,IL,Passenger,6,0,6,111,117,5.13
September 30 2020,Morris,NJ,Passenger,1,0,1,17,18,5.56
August 31 2021,Plaquemines,LA,Passenger,0,1,1,17,18,5.56
September 30 2022,Polk,OR,Passenger,0,1,1,20,21,4.76
November 30 2018,Virginia Beach,VA,Passenger,2,1,3,692,695,0.43
June 30 2022,Fresno,CA,Passenger,1,0,1,158,159,0.63
September 30 2018,Nueces,TX,Passenger,1,1,2,87,89,2.25
March 31 2021,Carson City,NV,Passenger,1,0,1,12,13,7.69
October 31 2020,Powhatan,VA,Passenger,1,0,1,1,2,50.00
August 31 2023,Cowlitz,WA,Truck,10,0,10,28126,28136,0.04
May 31 2020,Bexar,TX,Passenger,1,5,6,632,638,0.94
August 31 2018,Prince George,VA,Passenger,0,1,1,76,77,1.30
March 31 2022,El Paso,TX,Passenger,3,0,3,374,377,0.80
November 30 2021,Geary,KS,Passenger,1,0,1,97,98,1.02
January 31 2023,Kauai,HI,Passenger,1,1,2,15,17,11.76
October 31 2018,Fulton,GA,Passenger,1,3,4,111,115,3.48
August 31 2022,DuPage,IL,Passenger,2,1,3,46,49,6.12
April 30 2019,Tarrant,TX,Passenger,3,0,3,202,205,1.46
June 30 2019,Camden,NJ,Passenger,0,1,1,24,25,4.00
April 30 2023,Galveston,TX,Passenger,0,1,1,16,17,5.88
March 31 2019,Grant,WA,Truck,0,0,0,26330,26330,0.00
December 31 2019,Stevens,WA,Truck,0,0,0,18756,18756,0.00
October 31 2020,Charleston,SC,Passenger,2,0,2,97,99,2.02
September 30 2018,Queens,NY,Passenger,1,0,1,62,63,1.59
February 28 2023,King,WA,Passenger,50985,12799,63784,1328339,1392123,4.58
December 31 2018,Lewis,WA,Truck,0,0,0,25635,25635,0.00
January 31 2019,Santa Clara,CA,Passenger,8,1,9,383,392,2.30
March 31 2019,Richland,SC,Passenger,0,1,1,166,167,0.60
April 30 2020,Collier,FL,Passenger,1,0,1,20,21,4.76
February 28 2023,Norfolk,MA,Passenger,1,0,1,20,21,4.76
January 31 2022,Allen,IN,Passenger,1,0,1,20,21,4.76
July 31 2022,Howard,IN,Passenger,0,1,1,4,5,20.00
November 30 2018,Franklin,WA,Passenger,38,64,102,58932,59034,0.17
April 30 2023,Whitman,WA,Truck,4,0,4,8584,8588,0.05
January 31 2022,Suffolk,MA,Passenger,0,2,2,25,27,7.41
September 30 2021,Wilson,NC,Passenger,1,0,1,0,1,100.00
January 31 2021,Fairfax,VA,Passenger,5,3,8,718,726,1.10
March 31 2017,Cumberland,NC,Passenger,1,0,1,627,628,0.16
March 31 2021,Wahkiakum,WA,Passenger,9,7,16,3083,3099,0.52
May 31 2018,Franklin,WA,Truck,0,0,0,18641,18641,0.00
June 30 2019,Nassau,NY,Passenger,4,0,4,43,47,8.51
October 31 2017,Howard,MD,Passenger,0,2,2,89,91,2.20
September 30 2019,New Haven,CT,Passenger,0,2,2,46,48,4.17
May 31 2020,Owyhee,ID,Passenger,1,0,1,3,4,25.00
September 30 2021,Wilson,TX,Passenger,0,1,1,3,4,25.00
January 31 2018,Riverside,CA,Passenger,1,2,3,735,738,0.41
June 30 2019,Maricopa,AZ,Passenger,6,5,11,1606,1617,0.68
February 28 2023,St. Louis,MO,Passenger,1,0,1,60,61,1.64
November 30 2021,Jefferson,WA,Truck,0,0,0,9599,9599,0.00
March 31 2019,Pend Oreille,WA,Passenger,5,5,10,9471,9481,0.11
November 30 2021,Okaloosa,FL,Passenger,0,1,1,119,120,0.83
November 30 2019,Boulder,CO,Passenger,1,1,2,53,55,3.64
April 30 2019,Yakima,WA,Passenger,93,103,196,164586,164782,0.12
February 28 2017,Cowlitz,WA,Passenger,50,46,96,69048,69144,0.14
March 31 2024,King,WA,Truck,1197,2,1199,168552,169751,0.71
June 30 2021,Williams,ND,Passenger,0,1,1,7,8,12.50
January 31 2022,San Joaquin,CA,Passenger,1,1,2,99,101,1.98
December 31 2019,Honolulu,HI,Passenger,4,2,6,496,502,1.20
January 31 2023,Williamson,TX,Passenger,0,2,2,64,66,3.03
March 31 2017,Jefferson,WA,Passenger,94,57,151,23650,23801,0.63
April 30 2021,Grant,WA,Truck,0,0,0,27867,27867,0.00
March 31 2022,Clark,NV,Passenger,8,2,10,580,590,1.69
September 30 2023,Virginia Beach,VA,Truck,1,0,1,99,100,1.00
February 29 2024,Autauga,AL,Passenger,2,1,3,9,12,25.00
May 31 2022,Allegheny,PA,Passenger,2,1,3,66,69,4.35
January 31 2022,Prince George's,MD,Passenger,2,1,3,153,156,1.92
September 30 2020,Broward,FL,Passenger,1,1,2,113,115,1.74
November 30 2023,Beaufort,SC,Passenger,1,0,1,26,27,3.70
February 28 2023,Alameda,CA,Passenger,4,1,5,180,185,2.70
November 30 2022,Montgomery,AL,Passenger,0,1,1,36,37,2.70
October 31 2022,San Juan,WA,Truck,7,0,7,5945,5952,0.12
November 30 2021,Kings,CA,Passenger,2,0,2,328,330,0.61
September 30 2020,San Joaquin,CA,Passenger,1,0,1,122,123,0.81
May 31 2021,Pierce,WA,Truck,0,0,0,145795,145795,0.00
May 31 2023,Ferry,WA,Passenger,20,4,24,4322,4346,0.55
January 31 2023,Clark,NV,Passenger,10,2,12,471,483,2.48
January 31 2023,Salt Lake,UT,Passenger,1,1,2,130,132,1.52
May 31 2020,Harris,TX,Passenger,1,0,1,263,264,0.38
May 31 2022,Ulster,NY,Passenger,1,0,1,14,15,6.67
August 31 2019,Yakima,WA,Passenger,112,108,220,165603,165823,0.13
November 30 2018,Clark,WA,Truck,0,0,0,79733,79733,0.00
March 31 2024,Garfield,WA,Truck,0,0,0,981,981,0.00
January 31 2018,Northampton,PA,Passenger,0,1,1,65,66,1.52
September 30 2022,Kitsap,WA,Truck,23,0,23,53125,53148,0.04
August 31 2021,Cowlitz,WA,Truck,0,1,1,29074,29075,0.00
February 28 2022,Okanogan,WA,Truck,0,0,0,16696,16696,0.00
July 31 2023,Santa Clara,CA,Passenger,12,3,15,187,202,7.43
September 30 2019,Contra Costa,CA,Passenger,2,2,4,364,368,1.09
November 30 2021,Yavapai,AZ,Passenger,0,1,1,39,40,2.50
December 31 2023,Meade,KY,Passenger,1,0,1,16,17,5.88
July 31 2022,Eagle,CO,Passenger,1,0,1,6,7,14.29
October 31 2021,Fort Bend,TX,Passenger,1,0,1,34,35,2.86
April 30 2019,Fairfax,VA,Passenger,4,2,6,791,797,0.75
March 31 2022,Los Angeles,CA,Passenger,6,7,13,867,880,1.48
December 31 2020,Placer,CA,Passenger,2,0,2,87,89,2.25
December 31 2021,Rockdale,GA,Passenger,1,0,1,5,6,16.67
May 31 2023,Pulaski,MO,Passenger,3,0,3,95,98,3.06
May 31 2019,Maui,HI,Passenger,2,0,2,50,52,3.85
November 30 2018,Carson City,NV,Passenger,1,0,1,15,16,6.25
August 31 2021,Dallas,IA,Passenger,0,1,1,9,10,10.00
September 30 2023,Franklin,WA,Passenger,359,151,510,62163,62673,0.81
October 31 2021,San Diego,CA,Passenger,19,6,25,2569,2594,0.96
January 31 2017,Fulton,GA,Passenger,1,2,3,138,141,2.13
February 29 2020,Jefferson,WA,Truck,0,0,0,9639,9639,0.00
May 31 2022,Mercer,NJ,Passenger,0,1,1,14,15,6.67
March 31 2017,Adams,WA,Truck,0,0,0,5070,5070,0.00
June 30 2018,Kittitas,WA,Truck,0,0,0,14059,14059,0.00
May 31 2022,Lincoln,WA,Truck,0,0,0,4839,4839,0.00
June 30 2017,Skagit,WA,Passenger,140,103,243,88071,88314,0.28
June 30 2023,Stafford,VA,Passenger,3,1,4,78,82,4.88
September 30 2022,Lake,FL,Passenger,1,0,1,18,19,5.26
March 31 2023,Tooele,UT,Passenger,1,0,1,7,8,12.50
January 31 2024,Contra Costa,CA,Passenger,2,2,4,151,155,2.58
June 30 2022,Berkeley,SC,Passenger,0,1,1,122,123,0.81
April 30 2024,San Joaquin,CA,Passenger,1,0,1,54,55,1.82
June 30 2019,Travis,TX,Passenger,4,1,5,211,216,2.31
March 31 2018,Juneau,AK,Passenger,0,1,1,43,44,2.27
December 31 2020,Whatcom,WA,Truck,3,0,3,43535,43538,0.01
October 31 2021,Contra Costa,CA,Passenger,1,4,5,257,262,1.91
November 30 2018,Clay,FL,Passenger,0,1,1,91,92,1.09
February 28 2021,Douglas,NE,Passenger,1,1,2,54,56,3.57
January 31 2023,Meade,KY,Passenger,1,0,1,20,21,4.76
August 31 2017,Lake,CA,Passenger,0,1,1,15,16,6.25
January 31 2022,Williamsburg,VA,Passenger,0,1,1,6,7,14.29
March 31 2017,Benton,WA,Passenger,140,139,279,127919,128198,0.22
July 31 2021,Skagit,WA,Passenger,608,281,889,91819,92708,0.96
January 31 2021,Pend Oreille,WA,Passenger,12,3,15,9175,9190,0.16
July 31 2017,Dale,AL,Passenger,0,1,1,63,64,1.56
March 31 2021,Larimer,CO,Passenger,1,0,1,52,53,1.89
March 31 2017,Jefferson,NY,Passenger,1,1,2,261,263,0.76
February 28 2017,Bergen,NJ,Passenger,0,2,2,33,35,5.71
June 30 2022,Boone,MO,Passenger,0,1,1,10,11,9.09
March 31 2019,Yakima,WA,Truck,0,0,0,58737,58737,0.00
January 31 2023,Anne Arundel,MD,Passenger,3,3,6,313,319,1.88
January 31 2019,Sedgwick,KS,Passenger,0,1,1,102,103,0.97
January 31 2022,Harris,TX,Passenger,1,0,1,193,194,0.52
April 30 2023,Douglas,CO,Passenger,0,2,2,64,66,3.03
August 31 2022,Collin,TX,Passenger,3,0,3,88,91,3.30
March 31 2021,Pierce,WA,Passenger,3124,1844,4968,556278,561246,0.89
March 31 2022,Franklin,WA,Passenger,179,106,285,62038,62323,0.46
August 31 2017,Douglas,WA,Truck,0,0,0,11571,11571,0.00
December 31 2019,Jefferson,NY,Passenger,0,1,1,218,219,0.46
May 31 2020,Collier,FL,Passenger,1,0,1,21,22,4.55
June 30 2017,Skagit,WA,Truck,1,0,1,31452,31453,0.00
February 28 2021,Asotin,WA,Truck,0,0,0,6692,6692,0.00
March 31 2021,Mason,WA,Passenger,185,135,320,47877,48197,0.66
April 30 2017,Skamania,WA,Passenger,9,8,17,8518,8535,0.20
March 31 2017,Adams,WA,Passenger,2,4,6,12106,12112,0.05
February 29 2020,Mercer,NJ,Passenger,0,1,1,19,20,5.00
April 30 2020,Montgomery,TX,Passenger,1,0,1,56,57,1.75
June 30 2022,St. Lawrence,NY,Passenger,1,0,1,3,4,25.00
November 30 2022,Asotin,WA,Truck,0,0,0,6668,6668,0.00
January 31 2021,Goochland,VA,Passenger,4,3,7,257,264,2.65
December 31 2022,Lake,IL,Passenger,1,0,1,131,132,0.76
August 31 2021,Denton,TX,Passenger,1,0,1,78,79,1.27
November 30 2018,Douglas,NE,Passenger,0,1,1,67,68,1.47
February 28 2022,Gwinnett,GA,Passenger,1,0,1,60,61,1.64
May 31 2023,Columbia,WA,Truck,0,0,0,1554,1554,0.00
June 30 2021,San Juan,WA,Passenger,431,135,566,14247,14813,3.82
December 31 2023,Grant,WA,Passenger,367,162,529,67282,67811,0.78
September 30 2021,Lake,FL,Passenger,1,0,1,24,25,4.00
February 29 2020,Stevens,WA,Truck,0,0,0,18751,18751,0.00
October 31 2019,Jefferson,WA,Passenger,210,126,336,25154,25490,1.32
June 30 2017,Franklin,OH,Passenger,0,1,1,121,122,0.82
May 31 2022,Orange,CA,Passenger,6,3,9,403,412,2.18
November 30 2021,Clackamas,OR,Passenger,2,0,2,175,177,1.13
July 31 2023,Harrison,MS,Passenger,1,0,1,33,34,2.94
July 31 2021,Meade,KY,Passenger,1,0,1,28,29,3.45
May 31 2022,Kauai,HI,Passenger,1,0,1,19,20,5.00
February 28 2023,Chelan,WA,Truck,19,0,19,23123,23142,0.08
January 31 2023,Plaquemines,LA,Passenger,1,1,2,19,21,9.52
May 31 2022,Columbia,OR,Passenger,1,0,1,20,21,4.76
March 31 2019,Lewis,WA,Passenger,95,92,187,58516,58703,0.32
September 30 2018,Franklin,WA,Truck,0,0,0,18871,18871,0.00
April 30 2017,Palm Beach,FL,Passenger,0,2,2,100,102,1.96
May 31 2018,Richland,SC,Passenger,0,1,1,173,174,0.57
March 31 2023,Suffolk,VA,Passenger,1,0,1,113,114,0.88
June 30 2018,Honolulu,HI,Passenger,1,2,3,533,536,0.56
April 30 2022,Montgomery,TX,Passenger,1,0,1,40,41,2.44
April 30 2022,Pacific,WA,Truck,0,0,0,7972,7972,0.00
June 30 2023,Palm Beach,FL,Passenger,1,1,2,52,54,3.70
May 31 2020,Utah,UT,Passenger,0,1,1,141,142,0.70
January 31 2020,Kittitas,WA,Truck,0,0,0,14669,14669,0.00
February 28 2017,Whitman,WA,Truck,0,0,0,8398,8398,0.00
July 31 2018,Asotin,WA,Truck,0,0,0,6626,6626,0.00
October 31 2021,Okanogan,WA,Passenger,66,44,110,26556,26666,0.41
March 31 2019,Harris,TX,Passenger,0,1,1,278,279,0.36
December 31 2023,Clark,WA,Passenger,7145,2638,9783,312696,322479,3.03
October 31 2020,Broward,FL,Passenger,1,1,2,113,115,1.74
December 31 2017,Utah,UT,Passenger,0,1,1,143,144,0.69
May 31 2019,Dakota,MN,Passenger,0,2,2,35,37,5.41
September 30 2018,Clark,NV,Passenger,2,2,4,745,749,0.53
March 31 2020,DuPage,IL,Passenger,4,0,4,64,68,5.88
January 31 2022,Skamania,WA,Truck,0,0,0,3984,3984,0.00
April 30 2019,Skagit,WA,Truck,1,0,1,32321,32322,0.00
June 30 2017,Lake,CA,Passenger,0,1,1,16,17,5.88
February 28 2021,Stevens,WA,Passenger,39,42,81,30208,30289,0.27
October 31 2022,Bartow,GA,Passenger,0,1,1,5,6,16.67
December 31 2018,Pinal,AZ,Passenger,2,0,2,207,209,0.96
March 31 2021,Hamilton,IN,Passenger,2,0,2,39,41,4.88
March 31 2017,Gwinnett,GA,Passenger,0,1,1,87,88,1.14
January 31 2020,Randolph,NC,Passenger,1,0,1,7,8,12.50
March 31 2020,RÃ­o Grande,PR,Passenger,1,0,1,1,2,50.00
July 31 2017,Pacific,WA,Passenger,10,9,19,15191,15210,0.12
August 31 2023,San Mateo,CA,Passenger,2,0,2,60,62,3.23
October 31 2018,Montgomery,PA,Passenger,2,0,2,36,38,5.26
February 28 2021,Klamath,OR,Passenger,1,0,1,32,33,3.03
September 30 2017,Moore,NC,Passenger,0,1,1,200,201,0.50
June 30 2018,Grays Harbor,WA,Truck,0,0,0,20219,20219,0.00
December 31 2021,San Bernardino,CA,Passenger,1,1,2,386,388,0.52
April 30 2020,Klamath,OR,Passenger,1,0,1,35,36,2.78
December 31 2018,Kitsap,WA,Truck,1,0,1,53633,53634,0.00
February 29 2024,Lewis,WA,Truck,14,0,14,25409,25423,0.06
November 30 2023,Kootenai,ID,Passenger,0,1,1,97,98,1.02
December 31 2017,Franklin,OH,Passenger,0,1,1,107,108,0.93
March 31 2023,St. Clair,IL,Passenger,1,0,1,105,106,0.94
March 31 2017,Grays Harbor,WA,Truck,0,0,0,19862,19862,0.00
April 30 2021,Nassau,NY,Passenger,4,0,4,34,38,10.53
December 31 2022,Thurston,WA,Passenger,2621,1130,3751,191810,195561,1.92
January 31 2022,Wahkiakum,WA,Passenger,17,11,28,3073,3101,0.90
December 31 2018,Klickitat,WA,Truck,0,0,0,8204,8204,0.00
June 30 2020,Grays Harbor,WA,Truck,0,0,0,20903,20903,0.00
May 31 2022,Norfolk,VA,Passenger,2,3,5,303,308,1.62
July 31 2018,Norfolk,MA,Passenger,1,0,1,38,39,2.56
December 31 2017,Shelby,TN,Passenger,0,1,1,106,107,0.93
April 30 2024,Marion,OR,Passenger,1,0,1,40,41,2.44
September 30 2018,Klickitat,WA,Truck,0,0,0,8132,8132,0.00
March 31 2020,Pend Oreille,WA,Passenger,8,7,15,9367,9382,0.16
November 30 2023,Arapahoe,CO,Passenger,1,1,2,68,70,2.86
April 30 2020,San Mateo,CA,Passenger,0,1,1,126,127,0.79
May 31 2018,Jefferson,CO,Passenger,0,1,1,65,66,1.52
May 31 2019,Owyhee,ID,Passenger,1,0,1,5,6,16.67
November 30 2022,Pennington,SD,Passenger,2,0,2,28,30,6.67
May 31 2017,Clallam,WA,Truck,0,0,0,20957,20957,0.00
September 30 2017,Asotin,WA,Truck,0,0,0,6505,6505,0.00
March 31 2021,Garfield,WA,Passenger,0,2,2,1362,1364,0.15
August 31 2023,Duval,FL,Passenger,1,0,1,233,234,0.43
June 30 2018,Prince George's,MD,Passenger,1,1,2,187,189,1.06
October 31 2019,Lake,IL,Passenger,1,0,1,175,176,0.57
January 31 2023,Pima,AZ,Passenger,1,0,1,223,224,0.45
August 31 2019,Nassau,NY,Passenger,4,0,4,43,47,8.51
April 30 2021,Clinton,PA,Passenger,1,0,1,0,1,100.00
January 31 2022,Wilson,TX,Passenger,0,1,1,3,4,25.00
September 30 2019,Kitsap,WA,Truck,1,0,1,54203,54204,0.00
June 30 2018,Kittitas,WA,Passenger,48,32,80,28922,29002,0.28
November 30 2021,Walla Walla,WA,Passenger,137,84,221,36376,36597,0.60
October 31 2021,Lee,FL,Passenger,1,0,1,39,40,2.50
June 30 2023,Saratoga,NY,Passenger,1,1,2,34,36,5.56
April 30 2022,Orange,NC,Passenger,0,1,1,10,11,9.09
April 30 2020,Jones,GA,Passenger,1,0,1,1,2,50.00
July 31 2021,Las Animas,CO,Passenger,1,0,1,0,1,100.00
August 31 2017,Lewis,WA,Passenger,55,40,95,55793,55888,0.17
December 31 2017,Benton,WA,Passenger,172,168,340,130211,130551,0.26
November 30 2019,,,Passenger,6,2,8,422,430,1.86
October 31 2020,Twin Falls,ID,Passenger,0,1,1,25,26,3.85
October 31 2018,Volusia,FL,Passenger,0,1,1,40,41,2.44
April 30 2018,Grant,WA,Passenger,31,42,73,62796,62869,0.12
March 31 2021,Placer,CA,Passenger,2,0,2,83,85,2.35
March 31 2021,Hudson,NJ,Passenger,1,0,1,43,44,2.27
June 30 2022,St. Louis,MO,Passenger,2,0,2,69,71,2.82
September 30 2019,Spartanburg,SC,Passenger,0,1,1,43,44,2.27
July 31 2019,Grant,WA,Truck,0,0,0,26697,26697,0.00
January 31 2019,District of Columbia,DC,Passenger,1,3,4,200,204,1.96
March 31 2024,Hawaii,HI,Passenger,1,0,1,25,26,3.85
February 29 2024,New Haven,CT,Passenger,0,2,2,21,23,8.70
March 31 2024,Caddo,LA,Passenger,2,0,2,10,12,16.67
January 31 2019,Montgomery,MD,Passenger,1,0,1,277,278,0.36
June 30 2021,Sumter,SC,Passenger,0,1,1,36,37,2.70
February 28 2022,Goochland,VA,Passenger,4,2,6,191,197,3.05
December 31 2019,Garfield,WA,Truck,0,0,0,967,967,0.00
March 31 2022,Kauai,HI,Passenger,1,0,1,21,22,4.55
January 31 2019,Garfield,OK,Passenger,1,0,1,14,15,6.67
April 30 2019,DeKalb,IN,Passenger,1,0,1,1,2,50.00
December 31 2018,San Mateo,CA,Passenger,2,1,3,133,136,2.21
October 31 2022,Broward,FL,Passenger,1,0,1,74,75,1.33
January 31 2019,Maui,HI,Passenger,2,0,2,52,54,3.70
December 31 2019,Hawaii,HI,Passenger,1,0,1,63,64,1.56
June 30 2021,Saginaw,MI,Passenger,1,0,1,9,10,10.00
April 30 2018,Clallam,WA,Truck,0,0,0,21360,21360,0.00
September 30 2017,Chelan,WA,Passenger,75,37,112,52506,52618,0.21
May 31 2023,Nueces,TX,Passenger,0,1,1,52,53,1.89
April 30 2020,Allegheny,PA,Passenger,2,0,2,84,86,2.33
October 31 2021,Douglas,WA,Passenger,104,51,155,28571,28726,0.54
February 29 2020,Stafford,VA,Passenger,1,1,2,97,99,2.02
October 31 2019,Santa Clara,CA,Passenger,6,2,8,380,388,2.06
August 31 2023,Kitsap,WA,Truck,84,0,84,52146,52230,0.16
August 31 2022,Lincoln,WA,Truck,0,0,0,4842,4842,0.00
February 28 2022,Asotin,WA,Truck,0,0,0,6732,6732,0.00
May 31 2020,Tulsa,OK,Passenger,1,1,2,52,54,3.70
October 31 2023,Lee,AL,Passenger,1,0,1,12,13,7.69
February 28 2022,Rockdale,GA,Passenger,1,0,1,5,6,16.67
January 31 2020,Fresno,CA,Passenger,1,0,1,205,206,0.49
May 31 2022,Hillsborough,FL,Passenger,1,2,3,134,137,2.19
April 30 2024,Contra Costa,CA,Passenger,2,2,4,127,131,3.05
September 30 2020,Harford,MD,Passenger,0,1,1,58,59,1.69
June 30 2020,Snohomish,WA,Truck,0,0,0,123922,123922,0.00
December 31 2017,Mason,WA,Passenger,66,73,139,44841,44980,0.31
August 31 2022,Lincoln,WA,Passenger,9,16,25,7686,7711,0.32
August 31 2019,Fairfax,VA,Passenger,4,2,6,770,776,0.77
October 31 2020,Flathead,MT,Passenger,1,0,1,59,60,1.67
June 30 2019,Kitsap,WA,Truck,1,0,1,54086,54087,0.00
November 30 2022,Cook,IL,Passenger,3,0,3,186,189,1.59
January 31 2023,Contra Costa,CA,Passenger,0,3,3,199,202,1.49
January 31 2022,Larimer,CO,Passenger,1,0,1,48,49,2.04
November 30 2020,Snohomish,WA,Passenger,4957,1821,6778,537871,544649,1.24
July 31 2020,Franklin,WA,Passenger,65,78,143,60757,60900,0.23
November 30 2020,Orange,CA,Passenger,4,3,7,479,486,1.44
December 31 2017,Howard,MD,Passenger,0,2,2,88,90,2.22
June 30 2021,Garfield,WA,Truck,0,0,0,997,997,0.00
November 30 2023,Mercer,NJ,Passenger,0,1,1,8,9,11.11
August 31 2018,Gwinnett,GA,Passenger,0,1,1,85,86,1.16
August 31 2019,Pinal,AZ,Passenger,2,0,2,201,203,0.99
November 30 2021,St. Mary's,MD,Passenger,1,0,1,206,207,0.48
January 31 2024,Brevard,FL,Passenger,1,0,1,52,53,1.89
July 31 2018,Adams,WA,Passenger,5,5,10,12637,12647,0.08
February 28 2021,San Juan,WA,Passenger,383,118,501,14050,14551,3.44
June 30 2019,Lewis,WA,Truck,0,0,0,25951,25951,0.00
April 30 2024,Cook,IL,Passenger,2,1,3,120,123,2.44
February 28 2021,Travis,TX,Passenger,3,3,6,177,183,3.28
January 31 2023,Orange,NC,Passenger,0,1,1,6,7,14.29
April 30 2021,Eagle,CO,Passenger,1,0,1,8,9,11.11
January 31 2023,Eagle,CO,Passenger,1,0,1,6,7,14.29
August 31 2022,King,WA,Passenger,42908,11628,54536,1343054,1397590,3.90
February 29 2020,Klickitat,WA,Truck,0,0,0,8299,8299,0.00
June 30 2019,Columbia,WA,Truck,0,0,0,1532,1532,0.00
March 31 2024,Pima,AZ,Passenger,1,0,1,145,146,0.68
December 31 2022,Placer,CA,Passenger,2,0,2,66,68,2.94
May 31 2022,Fulton,GA,Passenger,1,1,2,77,79,2.53
March 31 2020,Chesapeake,VA,Passenger,0,1,1,439,440,0.23
April 30 2024,Skamania,WA,Passenger,142,51,193,7657,7850,2.46
February 28 2022,Hennepin,MN,Passenger,3,0,3,71,74,4.05
July 31 2017,Montgomery,PA,Passenger,1,0,1,39,40,2.50
July 31 2021,Douglas,WA,Truck,0,0,0,12692,12692,0.00
July 31 2022,Manassas,VA,Passenger,0,1,1,8,9,11.11
July 31 2019,Powhatan,VA,Passenger,1,0,1,1,2,50.00
June 30 2020,Deschutes,OR,Passenger,4,0,4,144,148,2.70
August 31 2017,Nantucket,MA,Passenger,1,0,1,3,4,25.00
June 30 2023,Polk,OR,Passenger,1,1,2,17,19,10.53
January 31 2019,Charleston,SC,Passenger,1,0,1,126,127,0.79
November 30 2021,Grays Harbor,WA,Truck,0,0,0,21421,21421,0.00
January 31 2021,Tulsa,OK,Passenger,1,1,2,46,48,4.17
July 31 2019,Lake,FL,Passenger,1,0,1,21,22,4.55
October 31 2019,Los Angeles,CA,Passenger,7,9,16,1102,1118,1.43
January 31 2018,Prince George,VA,Passenger,0,1,1,73,74,1.35
September 30 2022,Carroll,NH,Passenger,0,1,1,5,6,16.67
February 28 2022,Ferry,WA,Passenger,15,3,18,4443,4461,0.40
October 31 2020,Goochland,VA,Passenger,3,2,5,263,268,1.87
February 28 2018,Ramsey,MN,Passenger,1,0,1,39,40,2.50
October 31 2019,Pacific,WA,Truck,0,0,0,7722,7722,0.00
December 31 2022,Rockingham,NH,Passenger,1,0,1,15,16,6.25
March 31 2022,Allen,IN,Passenger,1,0,1,20,21,4.76
September 30 2023,Galveston,TX,Passenger,0,1,1,13,14,7.14
February 28 2022,Hanover,VA,Passenger,1,0,1,1,2,50.00
December 31 2022,King,WA,Truck,386,2,388,178188,178576,0.22
September 30 2020,Clallam,WA,Passenger,245,173,418,49879,50297,0.83
August 31 2017,Frederick,MD,Passenger,0,1,1,84,85,1.18
February 29 2024,Columbia,WA,Passenger,12,0,12,2390,2402,0.50
July 31 2018,District of Columbia,DC,Passenger,0,3,3,191,194,1.55
August 31 2020,Charles,MD,Passenger,1,1,2,79,81,2.47
February 28 2019,Thurston,WA,Truck,0,0,0,54900,54900,0.00
November 30 2022,Grant,WA,Truck,4,0,4,27959,27963,0.01
December 31 2021,Rockingham,NH,Passenger,1,0,1,18,19,5.26
August 31 2023,Tooele,UT,Passenger,1,0,1,8,9,11.11
October 31 2021,Prince William,VA,Passenger,1,2,3,212,215,1.40
April 30 2020,Fairbanks North Star,AK,Passenger,0,1,1,100,101,0.99
September 30 2022,Duval,FL,Passenger,1,2,3,283,286,1.05
August 31 2020,Sacramento,CA,Passenger,1,1,2,276,278,0.72
December 31 2021,Pierce,WA,Passenger,4231,2122,6353,555073,561426,1.13
February 28 2019,San Juan,WA,Passenger,193,69,262,14268,14530,1.80
December 31 2018,Collin,TX,Passenger,1,1,2,160,162,1.23
October 31 2023,Laramie,WY,Passenger,1,0,1,26,27,3.70
March 31 2023,Houston,GA,Passenger,1,0,1,30,31,3.23
December 31 2021,Mercer,NJ,Passenger,0,1,1,15,16,6.25
January 31 2023,Kitsap,WA,Passenger,2834,1159,3993,176677,180670,2.21
October 31 2018,San Juan,WA,Passenger,169,69,238,14202,14440,1.65
September 30 2017,Walla Walla,WA,Truck,0,0,0,13244,13244,0.00
March 31 2023,Cook,IL,Passenger,3,0,3,175,178,1.69
July 31 2018,Madison,ID,Passenger,1,0,1,40,41,2.44
June 30 2020,Washoe,NV,Passenger,1,0,1,110,111,0.90
April 30 2019,Mecklenburg,NC,Passenger,1,0,1,86,87,1.15
May 31 2017,Hamilton,TN,Passenger,1,0,1,22,23,4.35
March 31 2021,New York,NY,Passenger,2,0,2,54,56,3.57
February 29 2024,Hudson,NJ,Passenger,1,0,1,14,15,6.67
November 30 2017,Hawaii,HI,Passenger,1,0,1,81,82,1.22
April 30 2021,Penobscot,ME,Passenger,0,1,1,10,11,9.09
September 30 2023,Texas,MO,Passenger,1,0,1,1,2,50.00
August 31 2018,Montgomery,PA,Passenger,2,0,2,36,38,5.26
April 30 2023,Lake,IN,Passenger,0,1,1,9,10,10.00
May 31 2023,Los Angeles,CA,Passenger,6,4,10,687,697,1.43
June 30 2017,Allegheny,PA,Passenger,1,0,1,93,94,1.06
November 30 2022,Adams,WA,Truck,1,0,1,5397,5398,0.02
March 31 2022,Alameda,CA,Passenger,5,0,5,217,222,2.25
April 30 2019,Benton,WA,Truck,0,0,0,41655,41655,0.00
February 28 2019,Pacific,WA,Truck,0,0,0,7630,7630,0.00
September 30 2019,Shelby,TN,Passenger,0,1,1,97,98,1.02
July 31 2023,Plaquemines,LA,Passenger,1,1,2,16,18,11.11
September 30 2022,Collier,FL,Passenger,1,0,1,18,19,5.26
June 30 2020,Greene,MO,Passenger,0,1,1,35,36,2.78
August 31 2019,King,WA,Truck,6,1,7,182226,182233,0.00
October 31 2021,Boulder,CO,Passenger,2,1,3,46,49,6.12
August 31 2021,Kauai,HI,Passenger,1,0,1,22,23,4.35
May 31 2018,Tulsa,OK,Passenger,0,1,1,53,54,1.85
August 31 2021,Ray,MO,Passenger,0,1,1,1,2,50.00
July 31 2021,Allen,IN,Passenger,1,0,1,20,21,4.76
July 31 2021,Klickitat,WA,Passenger,77,50,127,15332,15459,0.82
October 31 2023,Wichita,TX,Passenger,2,0,2,35,37,5.41
August 31 2017,Marin,CA,Passenger,1,0,1,57,58,1.72
March 31 2018,Kent,MI,Passenger,0,1,1,34,35,2.86
March 31 2021,Snohomish,WA,Truck,1,0,1,125907,125908,0.00
December 31 2019,Yakima,WA,Truck,0,0,0,59607,59607,0.00
May 31 2018,Klickitat,WA,Passenger,26,30,56,15105,15161,0.37
December 31 2018,Lewis,WA,Passenger,93,79,172,58323,58495,0.29
May 31 2020,Fort Bend,TX,Passenger,1,0,1,46,47,2.13
February 28 2019,Cowlitz,WA,Truck,0,0,0,28723,28723,0.00
May 31 2020,Stevens,WA,Truck,0,0,0,18592,18592,0.00
October 31 2019,Sacramento,CA,Passenger,0,1,1,307,308,0.32
September 30 2020,New York,NY,Passenger,2,0,2,61,63,3.17
January 31 2023,Kootenai,ID,Passenger,0,1,1,145,146,0.68
August 31 2019,Broward,FL,Passenger,2,1,3,130,133,2.26
February 28 2021,Flathead,MT,Passenger,1,0,1,51,52,1.92
August 31 2020,Portsmouth,VA,Passenger,0,1,1,71,72,1.39
November 30 2021,San Joaquin,CA,Passenger,1,1,2,103,105,1.90
July 31 2021,Santa Cruz,CA,Passenger,1,0,1,29,30,3.33
July 31 2023,Skamania,WA,Passenger,113,57,170,8046,8216,2.07
December 31 2018,Clackamas,OR,Passenger,1,1,2,216,218,0.92
April 30 2023,Yakima,WA,Passenger,466,241,707,165846,166553,0.42
January 31 2020,Clark,NV,Passenger,4,2,6,708,714,0.84
August 31 2022,Ada,ID,Passenger,1,0,1,168,169,0.59
February 28 2023,Stafford,VA,Passenger,3,1,4,85,89,4.49
May 31 2022,Howard,IN,Passenger,0,1,1,4,5,20.00
December 31 2019,Douglas,WA,Truck,0,0,0,12304,12304,0.00
March 31 2020,Grays Harbor,WA,Passenger,107,109,216,48311,48527,0.45
September 30 2020,Stevens,WA,Passenger,36,38,74,30402,30476,0.24
February 28 2022,Okanogan,WA,Passenger,74,47,121,26455,26576,0.46
May 31 2023,Sonoma,CA,Passenger,3,1,4,69,73,5.48
August 31 2023,Meade,KY,Passenger,1,0,1,19,20,5.00
April 30 2021,San Joaquin,CA,Passenger,1,0,1,112,113,0.88
May 31 2021,Fort Bend,TX,Passenger,1,0,1,35,36,2.78
February 28 2017,Nantucket,MA,Passenger,1,0,1,3,4,25.00
September 30 2019,Penobscot,ME,Passenger,0,1,1,14,15,6.67
October 31 2023,Newport,RI,Passenger,0,1,1,53,54,1.85
April 30 2022,New Haven,CT,Passenger,0,2,2,34,36,5.56
November 30 2021,Hamilton,OH,Passenger,1,0,1,39,40,2.50
December 31 2021,Marin,CA,Passenger,1,1,2,36,38,5.26
March 31 2021,Mason,WA,Truck,0,0,0,21156,21156,0.00
May 31 2021,Stevens,WA,Passenger,43,45,88,30535,30623,0.29
June 30 2017,Dallas,TX,Passenger,0,1,1,189,190,0.53
February 29 2020,Grays Harbor,WA,Passenger,109,108,217,48363,48580,0.45
March 31 2021,Orange,FL,Passenger,1,0,1,119,120,0.83
March 31 2020,Fairbanks North Star,AK,Passenger,0,1,1,100,101,0.99
August 31 2020,Clackamas,OR,Passenger,2,0,2,189,191,1.05
December 31 2021,Whitman,WA,Truck,0,0,0,8556,8556,0.00
September 30 2018,Monterey,CA,Passenger,0,1,1,190,191,0.52
January 31 2022,Placer,CA,Passenger,2,0,2,78,80,2.50
May 31 2018,Franklin,WA,Passenger,38,63,101,57680,57781,0.17
November 30 2018,Pacific,WA,Passenger,20,23,43,15799,15842,0.27
May 31 2017,Lincoln,WA,Passenger,2,5,7,7508,7515,0.09
December 31 2018,Santa Clara,CA,Passenger,8,1,9,385,394,2.28
August 31 2022,Chesapeake,VA,Passenger,3,2,5,347,352,1.42
April 30 2021,Duval,FL,Passenger,0,2,2,355,357,0.56
December 31 2019,Collier,FL,Passenger,1,0,1,20,21,4.76
February 28 2018,St. Clair,IL,Passenger,0,1,1,160,161,0.62
July 31 2022,Hamilton,OH,Passenger,1,0,1,33,34,2.94
June 30 2022,Skamania,WA,Passenger,73,47,120,8192,8312,1.44
August 31 2019,Bexar,TX,Passenger,1,5,6,665,671,0.89
February 28 2023,Okaloosa,FL,Passenger,0,1,1,99,100,1.00
August 31 2019,Boulder,CO,Passenger,1,0,1,55,56,1.79
December 31 2022,Hamilton,OH,Truck,1,0,1,4,5,20.00
June 30 2019,Wahkiakum,WA,Passenger,2,2,4,3008,3012,0.13
June 30 2022,Wahkiakum,WA,Passenger,23,11,34,3069,3103,1.10
November 30 2021,St. Clair,IL,Passenger,1,0,1,123,124,0.81
May 31 2020,Montgomery,TX,Passenger,1,0,1,56,57,1.75
June 30 2020,Rockingham,NH,Passenger,1,0,1,22,23,4.35
October 31 2021,Meade,KY,Passenger,1,0,1,26,27,3.70
February 28 2023,Lake,IL,Passenger,1,0,1,129,130,0.77
June 30 2023,Skamania,WA,Passenger,108,59,167,8055,8222,2.03
October 31 2023,Santa Clara,CA,Passenger,12,2,14,162,176,7.95
September 30 2021,Moore,NC,Passenger,0,1,1,127,128,0.78
September 30 2023,El Paso,TX,Passenger,3,0,3,276,279,1.08
April 30 2022,Adams,WA,Truck,0,0,0,5479,5479,0.00
October 31 2020,Okaloosa,FL,Passenger,0,1,1,146,147,0.68
November 30 2023,Mason,WA,Truck,17,0,17,20465,20482,0.08
November 30 2017,Chelan,WA,Truck,0,0,0,21517,21517,0.00
February 28 2017,Grays Harbor,WA,Passenger,27,24,51,44246,44297,0.12
July 31 2023,Douglas,WA,Passenger,214,64,278,28783,29061,0.96
July 31 2020,Broward,FL,Passenger,2,1,3,111,114,2.63
December 31 2018,Pima,AZ,Passenger,1,1,2,421,423,0.47
November 30 2021,Sedgwick,KS,Passenger,1,1,2,85,87,2.30
August 31 2019,Nantucket,MA,Passenger,1,0,1,2,3,33.33
June 30 2019,Grant,WA,Truck,0,0,0,26625,26625,0.00
May 31 2018,Clallam,WA,Truck,0,0,0,21413,21413,0.00
August 31 2017,Norfolk,VA,Passenger,1,1,2,313,315,0.63
August 31 2023,Beaufort,SC,Passenger,1,0,1,28,29,3.45
January 31 2024,Collier,FL,Passenger,1,0,1,13,14,7.14
August 31 2019,Shasta,CA,Passenger,1,0,1,42,43,2.33
March 31 2022,Douglas,WA,Passenger,126,56,182,28515,28697,0.63
November 30 2018,Columbia,WA,Passenger,2,2,4,2438,2442,0.16
April 30 2024,Honolulu,HI,Passenger,4,2,6,208,214,2.80
May 31 2021,Newport,RI,Passenger,0,1,1,78,79,1.27
September 30 2019,Franklin,WA,Passenger,51,72,123,60350,60473,0.20
May 31 2017,Island,WA,Passenger,113,130,243,59902,60145,0.40
December 31 2023,Jefferson,WA,Passenger,658,276,934,24121,25055,3.73
February 28 2017,Tulare,CA,Passenger,1,0,1,201,202,0.50
November 30 2017,Volusia,FL,Passenger,0,1,1,41,42,2.38
April 30 2024,Whitman,WA,Truck,11,0,11,8394,8405,0.13
February 29 2024,York,VA,Passenger,1,0,1,59,60,1.67
October 31 2020,El Dorado,CA,Passenger,1,0,1,36,37,2.70
October 31 2023,Shelby,AL,Passenger,1,0,1,5,6,16.67
December 31 2017,Santa Clara,CA,Passenger,7,1,8,392,400,2.00
October 31 2017,Moore,NC,Passenger,0,1,1,200,201,0.50
April 30 2019,Orange,CA,Passenger,6,1,7,549,556,1.26
May 31 2018,Arlington,VA,Passenger,1,2,3,172,175,1.71
June 30 2017,Manatee,FL,Passenger,1,0,1,46,47,2.13
July 31 2021,Harnett,NC,Passenger,1,1,2,182,184,1.09
August 31 2018,New Haven,CT,Passenger,0,1,1,48,49,2.04
December 31 2020,Sumter,FL,Passenger,0,1,1,10,11,9.09
March 31 2019,DeKalb,GA,Passenger,1,0,1,82,83,1.20
May 31 2019,Pierce,WA,Passenger,1751,1519,3270,541841,545111,0.60
January 31 2024,Pacific,WA,Passenger,98,100,198,15501,15699,1.26
May 31 2020,Fairfax,VA,Passenger,5,3,8,752,760,1.05
February 29 2020,Sacramento,CA,Passenger,1,1,2,296,298,0.67
May 31 2021,Ventura,CA,Passenger,1,2,3,279,282,1.06
October 31 2022,Henrico,VA,Passenger,0,1,1,11,12,8.33
July 31 2022,Snohomish,WA,Truck,27,0,27,123429,123456,0.02
February 28 2023,Newport News,VA,Passenger,1,0,1,104,105,0.95
March 31 2024,Santa Clara,CA,Passenger,7,2,9,134,143,6.29
March 31 2024,Orange,FL,Passenger,1,0,1,36,37,2.70
December 31 2023,Chesterfield,VA,Passenger,1,0,1,32,33,3.03
July 31 2018,Hennepin,MN,Passenger,1,0,1,108,109,0.92
September 30 2021,Douglas,NE,Passenger,1,1,2,52,54,3.70
September 30 2021,Adams,WA,Truck,0,0,0,5402,5402,0.00
December 31 2020,Norfolk,VA,Passenger,2,3,5,338,343,1.46
April 30 2020,Charles,MD,Passenger,0,1,1,79,80,1.25
January 31 2020,Dallas,IA,Passenger,0,1,1,10,11,9.09
July 31 2023,Benton,WA,Passenger,1171,578,1749,135337,137086,1.28
May 31 2021,Clark,NV,Passenger,6,2,8,647,655,1.22
November 30 2017,Bexar,TX,Passenger,1,1,2,834,836,0.24
July 31 2023,Prince William,VA,Passenger,1,2,3,162,165,1.82
February 29 2024,Sonoma,CA,Passenger,2,1,3,62,65,4.62
September 30 2018,Grant,WA,Truck,0,0,0,26064,26064,0.00
November 30 2022,Palm Beach,FL,Passenger,1,1,2,57,59,3.39
December 31 2018,Lincoln,WA,Truck,0,0,0,4638,4638,0.00
November 30 2021,Louisa,VA,Passenger,0,1,1,1,2,50.00
August 31 2019,Grant,WA,Passenger,45,61,106,65161,65267,0.16
October 31 2019,Asotin,WA,Truck,0,0,0,6694,6694,0.00
June 30 2023,Arapahoe,CO,Passenger,1,1,2,79,81,2.47
March 31 2022,Stafford,VA,Passenger,2,1,3,94,97,3.09
November 30 2021,Goochland,VA,Passenger,3,2,5,211,216,2.31
April 30 2020,Jefferson,WA,Truck,0,0,0,9528,9528,0.00
March 31 2021,Monterey,CA,Passenger,0,2,2,158,160,1.25
January 31 2024,Boulder,CO,Passenger,1,0,1,22,23,4.35
May 31 2020,Jones,GA,Passenger,1,0,1,1,2,50.00
March 31 2019,Yakima,WA,Passenger,89,102,191,164178,164369,0.12
December 31 2022,Pend Oreille,WA,Passenger,21,13,34,8940,8974,0.38
June 30 2019,Okanogan,WA,Passenger,22,25,47,26066,26113,0.18
December 31 2023,Frederick,MD,Passenger,2,1,3,51,54,5.56
December 31 2023,St. Louis,MN,Passenger,0,1,1,5,6,16.67
July 31 2021,King,WA,Passenger,31544,9348,40892,1366002,1406894,2.91
June 30 2017,Yakima,WA,Truck,0,0,0,57344,57344,0.00
May 31 2022,Loudoun,VA,Passenger,2,1,3,65,68,4.41
February 29 2024,Meade,KY,Passenger,1,0,1,16,17,5.88
February 28 2017,Chelan,WA,Passenger,55,29,84,51758,51842,0.16
May 31 2021,Los Angeles,CA,Passenger,9,11,20,950,970,2.06
May 31 2023,Multnomah,OR,Passenger,1,2,3,465,468,0.64
March 31 2024,Island,WA,Truck,45,0,45,20456,20501,0.22
June 30 2018,Frederick,MD,Passenger,0,1,1,85,86,1.16
August 31 2022,Alameda,CA,Passenger,5,1,6,195,201,2.99
June 30 2021,Lake,IN,Passenger,0,1,1,11,12,8.33
June 30 2022,Charleston,SC,Passenger,2,2,4,67,71,5.63
May 31 2017,Manassas,VA,Passenger,0,1,1,9,10,10.00
April 30 2022,Clark,WA,Passenger,3861,1691,5552,317568,323120,1.72
May 31 2022,Pend Oreille,WA,Passenger,16,11,27,9001,9028,0.30
May 31 2020,Cowlitz,WA,Truck,0,0,0,28753,28753,0.00
December 31 2020,District of Columbia,DC,Passenger,2,1,3,197,200,1.50
July 31 2017,Sumter,FL,Passenger,0,1,1,10,11,9.09
February 28 2023,Wilson,TX,Passenger,0,1,1,3,4,25.00
November 30 2021,Rockdale,GA,Passenger,1,0,1,5,6,16.67
January 31 2020,Klickitat,WA,Passenger,48,39,87,15678,15765,0.55
June 30 2022,Wahkiakum,WA,Truck,0,0,0,1802,1802,0.00
February 28 2019,Saratoga,NY,Passenger,1,0,1,59,60,1.67
August 31 2020,Chelan,WA,Truck,0,0,0,22664,22664,0.00
September 30 2021,Pulaski,MO,Passenger,1,0,1,130,131,0.76
February 29 2024,Hennepin,MN,Passenger,1,0,1,27,28,3.57
August 31 2019,Santa Rosa,FL,Passenger,1,0,1,92,93,1.08
March 31 2021,Okanogan,WA,Passenger,57,35,92,26208,26300,0.35
April 30 2019,Flathead,MT,Passenger,1,0,1,63,64,1.56
May 31 2021,Bucks,PA,Passenger,1,0,1,19,20,5.00
April 30 2024,Wilson,TX,Passenger,0,1,1,3,4,25.00
May 31 2018,Lewis,WA,Passenger,78,56,134,57565,57699,0.23
May 31 2023,Middlesex,MA,Passenger,2,0,2,81,83,2.41
January 31 2019,Kern,CA,Passenger,0,1,1,236,237,0.42
March 31 2019,Fresno,CA,Passenger,1,0,1,197,198,0.51
June 30 2021,Honolulu,HI,Passenger,5,2,7,434,441,1.59
July 31 2020,Clallam,WA,Passenger,237,169,406,50049,50455,0.80
June 30 2019,Island,WA,Passenger,317,241,558,63346,63904,0.87
November 30 2020,San Diego,CA,Passenger,15,2,17,2720,2737,0.62
January 31 2021,Travis,TX,Passenger,3,3,6,179,185,3.24
February 28 2018,DuPage,IL,Passenger,1,0,1,67,68,1.47
September 30 2020,Boulder,CO,Passenger,1,1,2,47,49,4.08
May 31 2023,Virginia Beach,VA,Truck,1,0,1,108,109,0.92
September 30 2019,Lewis,WA,Passenger,107,103,210,59357,59567,0.35
April 30 2021,Franklin,WA,Passenger,109,95,204,61921,62125,0.33
February 28 2021,Jefferson,WA,Truck,0,0,0,9573,9573,0.00
September 30 2017,Mercer,NJ,Passenger,0,1,1,18,19,5.26
May 31 2023,Allen,IN,Passenger,1,0,1,14,15,6.67
January 31 2022,Pierce,WA,Passenger,4362,2148,6510,553391,559901,1.16
June 30 2017,Spokane,WA,Passenger,253,208,461,296772,297233,0.16
April 30 2019,Asotin,WA,Passenger,12,8,20,12654,12674,0.16
May 31 2021,Hennepin,MN,Passenger,2,0,2,81,83,2.41
August 31 2020,Orange,CA,Passenger,6,2,8,502,510,1.57
June 30 2021,Klickitat,WA,Truck,0,0,0,8293,8293,0.00
May 31 2022,Rockdale,GA,Passenger,1,0,1,6,7,14.29
March 31 2021,Salt Lake,UT,Passenger,0,1,1,193,194,0.52
September 30 2022,Stevens,WA,Truck,1,0,1,18883,18884,0.01
March 31 2017,Jefferson,WA,Truck,0,0,0,9445,9445,0.00
May 31 2023,Galveston,TX,Passenger,0,1,1,16,17,5.88
December 31 2020,Rogers,OK,Passenger,1,0,1,4,5,20.00
February 28 2021,New London,CT,Passenger,1,1,2,224,226,0.88
March 31 2023,Jefferson,NY,Passenger,2,0,2,199,201,1.00
March 31 2020,Snohomish,WA,Truck,0,0,0,123703,123703,0.00
January 31 2018,Gwinnett,GA,Passenger,0,1,1,84,85,1.18
August 31 2018,Houston,GA,Passenger,1,0,1,55,56,1.79
July 31 2017,Wahkiakum,WA,Truck,0,0,0,1659,1659,0.00
September 30 2020,Williams,ND,Passenger,0,1,1,11,12,8.33
June 30 2017,Cowlitz,WA,Truck,0,0,0,27910,27910,0.00
December 31 2017,Travis,TX,Passenger,1,1,2,196,198,1.01
April 30 2020,Skamania,WA,Passenger,29,17,46,8607,8653,0.53
October 31 2020,Denton,TX,Passenger,1,0,1,87,88,1.14
March 31 2024,Yuba,CA,Passenger,1,0,1,43,44,2.27
May 31 2021,St. Mary's,MD,Passenger,1,0,1,210,211,0.47
August 31 2018,Utah,UT,Passenger,0,1,1,146,147,0.68
December 31 2022,Saratoga,NY,Passenger,1,0,1,40,41,2.44
March 31 2023,Burlington,NJ,Passenger,2,2,4,95,99,4.04
July 31 2023,Coryell,TX,Passenger,1,0,1,76,77,1.30
September 30 2019,Pinellas,FL,Passenger,1,1,2,118,120,1.67
October 31 2021,Kern,CA,Passenger,0,1,1,200,201,0.50
June 30 2021,Penobscot,ME,Passenger,0,1,1,9,10,10.00
January 31 2022,Hudson,NJ,Passenger,2,0,2,41,43,4.65
September 30 2023,Bartow,GA,Passenger,0,1,1,4,5,20.00
July 31 2017,Walla Walla,WA,Passenger,27,26,53,34886,34939,0.15
September 30 2023,El Paso,CO,Passenger,4,1,5,473,478,1.05
November 30 2022,Moore,NC,Passenger,0,1,1,111,112,0.89
July 31 2023,Cumberland,PA,Passenger,1,0,1,36,37,2.70
August 31 2019,Manatee,FL,Passenger,1,0,1,35,36,2.78
December 31 2019,Flathead,MT,Passenger,1,0,1,69,70,1.43
May 31 2022,Island,WA,Truck,1,0,1,21388,21389,0.00
August 31 2023,Island,WA,Truck,35,0,35,20973,21008,0.17
January 31 2017,Island,WA,Passenger,103,119,222,59399,59621,0.37
May 31 2019,Moore,NC,Passenger,0,1,1,185,186,0.54
July 31 2022,Washoe,NV,Passenger,1,0,1,74,75,1.33
November 30 2022,Columbia,OR,Passenger,1,0,1,13,14,7.14
February 28 2017,Marin,CA,Passenger,1,0,1,59,60,1.67
January 31 2021,Polk,FL,Passenger,1,0,1,67,68,1.47
February 28 2021,Frederick,MD,Passenger,1,1,2,67,69,2.90
May 31 2021,Camden,NJ,Passenger,0,1,1,16,17,5.88
December 31 2022,Whatcom,WA,Passenger,2114,807,2921,148663,151584,1.93
March 31 2024,Lake,IL,Passenger,6,0,6,107,113,5.31
August 31 2022,San Joaquin,CA,Passenger,1,1,2,92,94,2.13
June 30 2023,District of Columbia,DC,Passenger,3,0,3,147,150,2.00
February 28 2019,Sumter,FL,Passenger,0,1,1,10,11,9.09
April 30 2018,Lewis,WA,Truck,0,0,0,25313,25313,0.00
February 28 2023,Kittitas,WA,Truck,6,0,6,14569,14575,0.04
May 31 2021,Contra Costa,CA,Passenger,3,3,6,264,270,2.22
July 31 2018,Brevard,FL,Passenger,0,1,1,93,94,1.06
December 31 2023,Newport,RI,Passenger,0,1,1,50,51,1.96
December 31 2023,Richmond,NY,Passenger,1,0,1,4,5,20.00
July 31 2021,Norfolk,VA,Passenger,2,3,5,322,327,1.53
February 28 2023,Middlesex,NJ,Passenger,1,0,1,20,21,4.76
October 31 2020,Sacramento,CA,Passenger,1,1,2,267,269,0.74
November 30 2021,Saratoga,NY,Passenger,1,0,1,40,41,2.44
May 31 2017,Stevens,WA,Passenger,8,23,31,31323,31354,0.10
March 31 2022,Whitman,WA,Passenger,79,54,133,22004,22137,0.60
December 31 2022,Whatcom,WA,Truck,26,0,26,43047,43073,0.06
August 31 2022,Platte,MO,Passenger,1,0,1,23,24,4.17
May 31 2021,Morris,NJ,Passenger,1,0,1,13,14,7.14
October 31 2019,Santa Fe,NM,Passenger,0,1,1,43,44,2.27
August 31 2023,Essex,NJ,Passenger,2,0,2,9,11,18.18
March 31 2018,Spokane,WA,Truck,1,0,1,91883,91884,0.00
December 31 2021,Garfield,WA,Truck,0,0,0,1000,1000,0.00
September 30 2019,Arlington,VA,Passenger,0,2,2,155,157,1.27
September 30 2018,Contra Costa,CA,Passenger,0,2,2,417,419,0.48
November 30 2023,Anchorage,AK,Passenger,1,0,1,90,91,1.10
November 30 2021,Montgomery,TX,Passenger,1,1,2,43,45,4.44
July 31 2022,Onslow,NC,Passenger,0,1,1,167,168,0.60
October 31 2022,Prince William,VA,Passenger,1,2,3,192,195,1.54
February 28 2019,Lumpkin,GA,Passenger,1,0,1,6,7,14.29
September 30 2022,Miami-Dade,FL,Passenger,1,0,1,80,81,1.23
December 31 2020,Walla Walla,WA,Passenger,98,67,165,36120,36285,0.45
August 31 2021,Lee,FL,Passenger,1,0,1,38,39,2.56
May 31 2021,Sedgwick,KS,Passenger,0,1,1,91,92,1.09
June 30 2021,Lewis,WA,Truck,0,0,0,26853,26853,0.00
August 31 2020,Nueces,TX,Passenger,1,0,1,85,86,1.16
November 30 2022,Monterey,CA,Passenger,0,3,3,142,145,2.07
March 31 2020,Penobscot,ME,Passenger,0,1,1,16,17,5.88
April 30 2021,New London,CT,Passenger,1,1,2,223,225,0.89
February 28 2022,Pierce,WA,Truck,2,0,2,143904,143906,0.00
March 31 2020,Deschutes,OR,Passenger,4,0,4,154,158,2.53
December 31 2022,Plaquemines,LA,Passenger,1,1,2,19,21,9.52
June 30 2017,Monterey,CA,Passenger,0,1,1,208,209,0.48
August 31 2021,Collin,TX,Passenger,2,1,3,121,124,2.42
November 30 2020,Ventura,CA,Passenger,1,1,2,281,283,0.71
June 30 2023,Ventura,CA,Passenger,2,2,4,221,225,1.78
January 31 2021,St. Mary's,MD,Passenger,1,0,1,214,215,0.47
September 30 2022,Plaquemines,LA,Passenger,1,1,2,19,21,9.52
August 31 2020,Goochland,VA,Passenger,3,2,5,265,270,1.85
September 30 2021,Powhatan,VA,Passenger,1,0,1,1,2,50.00
January 31 2024,Skamania,WA,Truck,2,0,2,3786,3788,0.05
August 31 2022,Spartanburg,SC,Passenger,0,1,1,36,37,2.70
December 31 2019,Adams,WA,Truck,0,0,0,5196,5196,0.00
February 28 2023,Howard,MD,Passenger,0,2,2,59,61,3.28
November 30 2023,Grays Harbor,WA,Passenger,363,225,588,48064,48652,1.21
December 31 2017,Adams,WA,Passenger,4,5,9,12403,12412,0.07
October 31 2017,Frederick,MD,Passenger,0,1,1,85,86,1.16
May 31 2019,Frederick,MD,Passenger,1,1,2,80,82,2.44
March 31 2020,Houston,GA,Passenger,1,0,1,58,59,1.69
August 31 2019,Pinellas,FL,Passenger,1,1,2,123,125,1.60
December 31 2019,Suffolk,VA,Passenger,1,0,1,125,126,0.79
March 31 2020,Queens,NY,Passenger,1,0,1,54,55,1.82
January 31 2022,Newport,RI,Passenger,0,1,1,75,76,1.32
July 31 2017,El Paso,CO,Passenger,2,0,2,795,797,0.25
July 31 2023,Maricopa,AZ,Passenger,9,5,14,713,727,1.93
November 30 2020,Charleston,SC,Passenger,2,0,2,97,99,2.02
May 31 2022,Kern,CA,Passenger,0,1,1,195,196,0.51
November 30 2023,Solano,CA,Passenger,5,0,5,127,132,3.79
March 31 2024,Madison,IL,Passenger,2,0,2,14,16,12.50
May 31 2020,Benton,WA,Truck,0,0,0,42470,42470,0.00
October 31 2019,Washtenaw,MI,Passenger,1,0,1,40,41,2.44
June 30 2023,Columbia,OR,Passenger,1,0,1,12,13,7.69
September 30 2021,Hawaii,HI,Passenger,1,0,1,47,48,2.08
April 30 2020,Stafford,VA,Passenger,1,1,2,95,97,2.06
December 31 2017,Hawaii,HI,Passenger,1,0,1,82,83,1.20
December 31 2019,Klamath,OR,Passenger,1,0,1,39,40,2.50
August 31 2020,Snohomish,WA,Passenger,4646,1781,6427,535910,542337,1.19
January 31 2022,Douglas,WA,Truck,0,0,0,12676,12676,0.00
February 28 2019,Stevens,WA,Truck,0,0,0,18752,18752,0.00
April 30 2019,Fulton,GA,Passenger,1,3,4,117,121,3.31
August 31 2022,Rock Island,IL,Passenger,0,1,1,14,15,6.67
April 30 2023,Wilson,TX,Passenger,0,1,1,3,4,25.00
January 31 2021,Douglas,WA,Passenger,85,46,131,28198,28329,0.46
May 31 2021,Kauai,HI,Passenger,1,0,1,20,21,4.76
October 31 2022,Lake,FL,Passenger,1,0,1,18,19,5.26
January 31 2017,Lewis,WA,Passenger,43,32,75,54960,55035,0.14
August 31 2017,Island,WA,Passenger,124,150,274,60560,60834,0.45
March 31 2017,Pend Oreille,WA,Passenger,1,4,5,9306,9311,0.05
November 30 2017,Hamilton,IN,Passenger,1,0,1,54,55,1.82
February 28 2019,Manassas,VA,Passenger,0,1,1,9,10,10.00
October 31 2017,Skagit,WA,Passenger,151,126,277,88956,89233,0.31
May 31 2018,Chelan,WA,Passenger,103,49,152,53495,53647,0.28
December 31 2017,Grays Harbor,WA,Passenger,42,41,83,45817,45900,0.18
April 30 2024,Burlington,NJ,Passenger,0,1,1,69,70,1.43
July 31 2022,Orange,FL,Passenger,2,0,2,89,91,2.20
February 28 2023,Prince George's,MD,Passenger,3,1,4,131,135,2.96
May 31 2022,Prince William,VA,Passenger,1,3,4,201,205,1.95
October 31 2019,Carson City,NV,Passenger,1,0,1,11,12,8.33
April 30 2017,Benton,WA,Truck,0,0,0,39893,39893,0.00
June 30 2022,Pacific,WA,Passenger,61,71,132,15874,16006,0.82
May 31 2018,Adams,WA,Passenger,5,5,10,12592,12602,0.08
February 28 2022,Hawaii,HI,Passenger,1,0,1,42,43,2.33
March 31 2022,Honolulu,HI,Passenger,5,4,9,382,391,2.30
June 30 2023,Bartow,GA,Passenger,0,1,1,4,5,20.00
January 31 2023,Collin,TX,Passenger,3,0,3,67,70,4.29
September 30 2020,Loudoun,VA,Passenger,1,0,1,83,84,1.19
September 30 2022,Sheridan,WY,Passenger,1,0,1,6,7,14.29
November 30 2023,Sonoma,CA,Passenger,2,1,3,62,65,4.62
February 29 2024,Parker,TX,Passenger,0,1,1,13,14,7.14
June 30 2021,Pinellas,FL,Passenger,0,1,1,99,100,1.00
August 31 2019,Wayne,MI,Passenger,0,1,1,66,67,1.49
September 30 2023,Charlottesville,VA,Passenger,0,1,1,3,4,25.00
February 28 2019,Franklin,WA,Truck,0,0,0,19109,19109,0.00
April 30 2023,Suffolk,VA,Passenger,1,0,1,109,110,0.91
April 30 2017,Tulare,CA,Passenger,1,0,1,195,196,0.51
October 31 2020,Allegheny,PA,Passenger,2,0,2,79,81,2.47
March 31 2024,Alexandria,VA,Passenger,3,0,3,75,78,3.85
August 31 2022,Hennepin,MN,Passenger,1,0,1,56,57,1.75
October 31 2019,Snohomish,WA,Truck,0,0,0,122992,122992,0.00
September 30 2017,Columbia,WA,Passenger,1,1,2,2379,2381,0.08
June 30 2023,Wayne,MI,Passenger,0,1,1,41,42,2.38
February 28 2022,Nassau,NY,Passenger,3,0,3,35,38,7.89
November 30 2023,Klickitat,WA,Passenger,178,70,248,15059,15307,1.62
January 31 2021,Denver,CO,Passenger,1,0,1,123,124,0.81
December 31 2020,Calvert,MD,Passenger,0,2,2,86,88,2.27
October 31 2023,Richland,SC,Passenger,0,1,1,102,103,0.97
July 31 2020,Island,WA,Truck,1,0,1,21217,21218,0.00
April 30 2020,Chesapeake,VA,Passenger,0,1,1,435,436,0.23
April 30 2024,Suffolk,VA,Passenger,1,0,1,79,80,1.25
February 28 2023,St. Mary's,MD,Passenger,1,0,1,182,183,0.55
August 31 2020,Sumter,FL,Passenger,0,1,1,10,11,9.09
November 30 2020,Alexandria,VA,Passenger,3,0,3,131,134,2.24
June 30 2019,Clallam,WA,Truck,1,0,1,21734,21735,0.00
August 31 2022,Nueces,TX,Passenger,1,1,2,54,56,3.57
November 30 2020,Broward,FL,Passenger,2,1,3,113,116,2.59
May 31 2020,Montgomery,AL,Passenger,0,1,1,38,39,2.56
April 30 2020,Rogers,OK,Passenger,1,0,1,6,7,14.29
April 30 2020,Spokane,WA,Truck,1,0,1,97376,97377,0.00
August 31 2021,Pacific,WA,Truck,0,0,0,7968,7968,0.00
June 30 2022,Stevens,WA,Passenger,69,54,123,30111,30234,0.41
December 31 2021,Charles,MD,Passenger,1,1,2,71,73,2.74
July 31 2023,Parker,TX,Passenger,0,1,1,15,16,6.25
May 31 2020,Stafford,VA,Passenger,1,1,2,97,99,2.02
May 31 2020,Asotin,WA,Truck,0,0,0,6588,6588,0.00
December 31 2023,Wahkiakum,WA,Truck,4,0,4,1752,1756,0.23
August 31 2018,Caddo,LA,Passenger,0,1,1,24,25,4.00
August 31 2019,Caddo,LA,Passenger,0,1,1,22,23,4.35
October 31 2020,Shelby,OH,Passenger,0,1,1,2,3,33.33
October 31 2022,Yakima,WA,Truck,5,0,5,61210,61215,0.01
August 31 2022,Orange,CA,Passenger,7,3,10,378,388,2.58
June 30 2017,Mercer,NJ,Passenger,0,1,1,20,21,4.76
February 29 2020,Flathead,MT,Passenger,1,0,1,68,69,1.45
April 30 2022,Adams,WA,Passenger,16,10,26,12966,12992,0.20
August 31 2018,Grays Harbor,WA,Truck,0,0,0,20303,20303,0.00
April 30 2024,Grays Harbor,WA,Passenger,420,231,651,46712,47363,1.37
October 31 2017,Skagit,WA,Truck,1,0,1,31621,31622,0.00
May 31 2020,Grant,WA,Truck,0,0,0,26974,26974,0.00
September 30 2020,San Diego,CA,Passenger,16,3,19,2736,2755,0.69
November 30 2020,San Joaquin,CA,Passenger,1,0,1,117,118,0.85
June 30 2022,Platte,MO,Passenger,1,0,1,22,23,4.35
December 31 2022,Williamsburg,VA,Passenger,0,1,1,7,8,12.50
June 30 2019,Shelby,OH,Passenger,0,1,1,2,3,33.33
April 30 2018,Pierce,WA,Truck,0,0,0,137327,137327,0.00
April 30 2018,Jefferson,WA,Truck,0,0,0,9518,9518,0.00
November 30 2018,Klamath,OR,Passenger,1,0,1,38,39,2.56
May 31 2017,Moore,NC,Passenger,0,1,1,201,202,0.50
April 30 2021,Lake,IL,Passenger,2,0,2,166,168,1.19
January 31 2018,Sacramento,CA,Passenger,1,1,2,319,321,0.62
October 31 2020,Nueces,TX,Passenger,1,0,1,87,88,1.14
November 30 2022,San Juan,WA,Passenger,553,168,721,13957,14678,4.91
October 31 2021,Douglas,NE,Passenger,1,1,2,53,55,3.64
August 31 2023,Norfolk,MA,Passenger,1,0,1,18,19,5.26
February 28 2021,Philadelphia,PA,Passenger,1,0,1,60,61,1.64
March 31 2017,Essex,NJ,Passenger,1,0,1,18,19,5.26
June 30 2019,Snohomish,WA,Passenger,3473,1593,5066,531361,536427,0.94
March 31 2021,Pierce,WA,Truck,0,0,0,145259,145259,0.00
February 28 2017,Alameda,CA,Passenger,3,1,4,394,398,1.01
February 28 2023,Yuba,CA,Passenger,1,0,1,57,58,1.72
April 30 2019,Alameda,CA,Passenger,2,2,4,322,326,1.23
February 28 2021,Kitsap,WA,Passenger,1641,776,2417,179235,181652,1.33
April 30 2020,Washington,OR,Passenger,1,0,1,464,465,0.22
July 31 2019,Oklahoma,OK,Passenger,0,1,1,132,133,0.75
November 30 2022,Bryan,GA,Passenger,0,1,1,36,37,2.70
May 31 2018,Caddo,LA,Passenger,0,1,1,23,24,4.17
June 30 2022,King,WA,Passenger,40702,11305,52007,1346960,1398967,3.72
December 31 2022,Muscogee,GA,Passenger,0,1,1,116,117,0.85
November 30 2020,Polk,FL,Passenger,1,0,1,70,71,1.41
May 31 2018,Hamilton,TN,Passenger,1,0,1,23,24,4.17
October 31 2021,Sevier,AR,Passenger,0,1,1,0,1,100.00
October 31 2018,Camden,NJ,Passenger,0,1,1,27,28,3.57
December 31 2023,Collier,FL,Passenger,1,0,1,14,15,6.67
August 31 2020,Larimer,CO,Passenger,1,0,1,49,50,2.00
April 30 2017,Pima,AZ,Passenger,0,2,2,457,459,0.44
April 30 2023,Collin,TX,Passenger,4,0,4,60,64,6.25
August 31 2020,Camden,NJ,Passenger,0,1,1,23,24,4.17
August 31 2023,Hennepin,MN,Passenger,1,0,1,37,38,2.63
November 30 2022,Gwinnett,GA,Passenger,1,0,1,52,53,1.89
April 30 2022,Williamsburg,VA,Passenger,0,1,1,6,7,14.29
January 31 2019,Skamania,WA,Truck,0,0,0,4007,4007,0.00
December 31 2020,Arapahoe,CO,Passenger,1,0,1,131,132,0.76
April 30 2017,New Haven,CT,Passenger,0,1,1,59,60,1.67
November 30 2023,Saratoga,NY,Passenger,1,1,2,31,33,6.06
March 31 2024,Snohomish,WA,Passenger,17350,3783,21133,518084,539217,3.92
January 31 2020,Franklin,WA,Truck,0,0,0,19847,19847,0.00
May 31 2021,Louisa,VA,Passenger,0,1,1,1,2,50.00
February 28 2021,Carson City,NV,Passenger,1,0,1,12,13,7.69
October 31 2017,Flathead,MT,Passenger,1,0,1,57,58,1.72
February 28 2021,Howard,IN,Passenger,0,1,1,3,4,25.00
February 28 2017,Gwinnett,GA,Passenger,0,1,1,90,91,1.10
March 31 2021,San Bernardino,CA,Passenger,1,0,1,393,394,0.25
April 30 2018,Ramsey,MN,Passenger,1,0,1,41,42,2.38
June 30 2022,Marin,CA,Passenger,1,1,2,32,34,5.88
February 28 2023,Saratoga,NY,Passenger,1,1,2,38,40,5.00
January 31 2024,Collin,TX,Passenger,3,0,3,36,39,7.69
November 30 2021,Okanogan,WA,Truck,0,0,0,16674,16674,0.00
December 31 2022,Kittitas,WA,Truck,5,0,5,14567,14572,0.03
May 31 2021,Garfield,WA,Passenger,0,2,2,1366,1368,0.15
February 28 2021,Queens,NY,Passenger,2,0,2,53,55,3.64
October 31 2022,Allegheny,PA,Passenger,2,1,3,64,67,4.48
October 31 2018,Cochise,AZ,Passenger,0,1,1,119,120,0.83
May 31 2017,Lee,AL,Passenger,1,0,1,36,37,2.70
August 31 2023,Klickitat,WA,Passenger,162,65,227,15105,15332,1.48
September 30 2017,Asotin,WA,Passenger,7,5,12,12456,12468,0.10
October 31 2022,St. Clair,IL,Passenger,1,0,1,118,119,0.84
April 30 2024,Ada,ID,Passenger,2,0,2,78,80,2.50
June 30 2021,Monterey,CA,Passenger,0,2,2,161,163,1.23
November 30 2018,Santa Rosa,FL,Passenger,1,0,1,92,93,1.08
March 31 2022,Howard,MD,Passenger,0,2,2,67,69,2.90
August 31 2022,Whatcom,WA,Passenger,1916,766,2682,148696,151378,1.77
July 31 2021,Cowlitz,WA,Passenger,229,146,375,72220,72595,0.52
August 31 2022,Middlesex,NJ,Passenger,1,0,1,21,22,4.55
December 31 2022,Howard,MD,Passenger,0,2,2,56,58,3.45
May 31 2022,Clallam,WA,Truck,1,0,1,21937,21938,0.00
July 31 2023,Lincoln,WA,Truck,0,0,0,4849,4849,0.00
August 31 2022,,,Passenger,5,1,6,312,318,1.89
January 31 2020,Montgomery,TX,Passenger,1,0,1,60,61,1.64
April 30 2017,Kent,MI,Passenger,0,1,1,37,38,2.63
July 31 2022,Montgomery,PA,Passenger,1,0,1,24,25,4.00
February 28 2017,Juneau,AK,Passenger,0,1,1,56,57,1.75
October 31 2018,Gwinnett,GA,Passenger,0,1,1,81,82,1.22
August 31 2018,Ada,ID,Passenger,0,2,2,325,327,0.61
March 31 2021,Boulder,CO,Passenger,1,1,2,51,53,3.77
June 30 2020,Whatcom,WA,Truck,3,0,3,43001,43004,0.01
September 30 2022,Louisa,VA,Passenger,0,1,1,1,2,50.00
November 30 2018,Okanogan,WA,Passenger,15,22,37,26122,26159,0.14
August 31 2021,Fairbanks North Star,AK,Passenger,0,1,1,85,86,1.16
July 31 2023,District of Columbia,DC,Passenger,3,0,3,145,148,2.03
April 30 2018,Shelby,TN,Passenger,0,1,1,104,105,0.95
January 31 2019,Dale,AL,Passenger,0,1,1,53,54,1.85
January 31 2017,Cascade,MT,Passenger,0,1,1,65,66,1.52
August 31 2023,Charlottesville,VA,Passenger,0,1,1,2,3,33.33
September 30 2018,Adams,WA,Passenger,5,5,10,12678,12688,0.08
July 31 2019,King,WA,Passenger,19624,7112,26736,1390763,1417499,1.89
June 30 2018,Thurston,WA,Passenger,572,480,1052,192949,194001,0.54
November 30 2022,Nueces,TX,Passenger,0,1,1,54,55,1.82
July 31 2020,Denver,CO,Passenger,1,0,1,121,122,0.82
August 31 2023,Frederick,MD,Passenger,2,1,3,53,56,5.36
December 31 2021,Norfolk,MA,Passenger,1,0,1,26,27,3.70
June 30 2023,Charleston,SC,Passenger,1,2,3,53,56,5.36
March 31 2023,Columbia,WA,Truck,0,0,0,1571,1571,0.00
February 29 2024,Collier,FL,Passenger,1,0,1,12,13,7.69
January 31 2023,Larimer,CO,Passenger,1,0,1,37,38,2.63
February 29 2020,Stevens,WA,Passenger,34,33,67,31425,31492,0.21
September 30 2021,Maui,HI,Passenger,1,0,1,28,29,3.45
October 31 2018,Alameda,CA,Passenger,0,2,2,340,342,0.58
September 30 2021,Kern,CA,Passenger,0,1,1,200,201,0.50
January 31 2021,Kittitas,WA,Passenger,134,52,186,29829,30015,0.62
July 31 2020,Ada,ID,Passenger,0,1,1,278,279,0.36
February 28 2017,Riverside,CA,Passenger,1,1,2,847,849,0.24
December 31 2020,Chelan,WA,Truck,0,0,0,22789,22789,0.00
August 31 2022,Allegheny,PA,Passenger,2,1,3,66,69,4.35
January 31 2021,Monroe,IL,Passenger,1,0,1,2,3,33.33
July 31 2021,Kitsap,WA,Truck,0,0,0,54368,54368,0.00
August 31 2020,Pinal,AZ,Passenger,1,0,1,188,189,0.53
October 31 2020,Oldham,KY,Passenger,0,1,1,4,5,20.00
November 30 2022,Hennepin,MN,Passenger,1,0,1,51,52,1.92
January 31 2024,Essex,NJ,Passenger,2,0,2,8,10,20.00
January 31 2017,Snohomish,WA,Passenger,1550,803,2353,514885,517238,0.45
January 31 2023,Jefferson,WA,Passenger,495,236,731,24283,25014,2.92
November 30 2019,Klickitat,WA,Truck,0,0,0,8304,8304,0.00
March 31 2017,Kitsap,WA,Truck,1,0,1,52318,52319,0.00
March 31 2021,El Paso,TX,Passenger,3,0,3,399,402,0.75
October 31 2019,Chelan,WA,Truck,0,0,0,22493,22493,0.00
June 30 2020,Chelan,WA,Truck,0,0,0,22513,22513,0.00
May 31 2023,Rockingham,NH,Passenger,1,0,1,13,14,7.14
September 30 2023,Clark,WA,Passenger,6554,2501,9055,313615,322670,2.81
February 29 2020,King,WA,Truck,6,1,7,182571,182578,0.00
January 31 2022,Queens,NY,Passenger,1,0,1,55,56,1.79
January 31 2022,Whitman,WA,Passenger,69,58,127,21929,22056,0.58
February 28 2021,Chesapeake,VA,Passenger,0,2,2,417,419,0.48
April 30 2023,Charles,MD,Passenger,1,1,2,56,58,3.45
July 31 2017,Nantucket,MA,Passenger,1,0,1,3,4,25.00
September 30 2017,Collier,FL,Passenger,1,0,1,24,25,4.00
March 31 2020,Okanogan,WA,Passenger,34,31,65,26058,26123,0.25
August 31 2021,Orange,CA,Passenger,5,2,7,436,443,1.58
September 30 2021,Newport,RI,Passenger,0,1,1,75,76,1.32
April 30 2018,Arlington,VA,Passenger,1,2,3,173,176,1.70
March 31 2020,Island,WA,Truck,1,0,1,21254,21255,0.00
April 30 2020,Pima,AZ,Passenger,3,1,4,375,379,1.06
April 30 2023,Berkeley,SC,Passenger,0,1,1,108,109,0.92
August 31 2018,Franklin,MA,Passenger,0,1,1,1,2,50.00
September 30 2018,Douglas,WA,Passenger,48,33,81,27850,27931,0.29
November 30 2021,Garfield,WA,Truck,0,0,0,994,994,0.00
January 31 2017,Asotin,WA,Truck,0,0,0,6484,6484,0.00
August 31 2023,Multnomah,OR,Passenger,1,1,2,422,424,0.47
May 31 2019,,,Passenger,4,2,6,415,421,1.43
November 30 2017,Lee,AL,Passenger,1,0,1,35,36,2.78
October 31 2017,Yakima,WA,Passenger,57,72,129,160988,161117,0.08
April 30 2019,Riverside,CA,Passenger,2,2,4,673,677,0.59
August 31 2019,Stevens,WA,Truck,0,0,0,18710,18710,0.00
September 30 2018,Clark,WA,Truck,0,0,0,79356,79356,0.00
May 31 2023,Skagit,WA,Passenger,1080,403,1483,88985,90468,1.64
September 30 2021,Norfolk,VA,Passenger,2,3,5,319,324,1.54
June 30 2020,Dakota,MN,Passenger,0,1,1,32,33,3.03
December 31 2017,DeKalb,IN,Passenger,1,0,1,1,2,50.00
May 31 2021,Grays Harbor,WA,Truck,0,0,0,21424,21424,0.00
December 31 2020,El Dorado,CA,Passenger,1,0,1,37,38,2.63
August 31 2020,District of Columbia,DC,Passenger,1,1,2,199,201,1.00
January 31 2019,Moore,NC,Passenger,0,1,1,186,187,0.53
August 31 2023,Onslow,NC,Passenger,0,1,1,137,138,0.72
April 30 2017,Charles,MD,Passenger,0,1,1,91,92,1.09
May 31 2020,Charleston,SC,Passenger,1,0,1,110,111,0.90
November 30 2020,Nassau,FL,Passenger,1,0,1,34,35,2.86
August 31 2022,Autauga,AL,Passenger,1,0,1,13,14,7.14
February 28 2017,Honolulu,HI,Passenger,4,2,6,636,642,0.93
February 28 2019,Harnett,NC,Passenger,1,0,1,224,225,0.44
March 31 2019,DuPage,IL,Passenger,1,0,1,64,65,1.54
November 30 2020,Kern,CA,Passenger,0,1,1,220,221,0.45
June 30 2019,Garfield,WA,Truck,0,0,0,962,962,0.00
June 30 2023,Ulster,NY,Passenger,1,0,1,8,9,11.11
December 31 2020,Bexar,TX,Passenger,2,5,7,597,604,1.16
February 29 2020,Allegheny,PA,Passenger,2,0,2,82,84,2.38
June 30 2019,Ventura,CA,Passenger,0,2,2,323,325,0.62
October 31 2022,Loudoun,VA,Passenger,3,1,4,63,67,5.97
February 28 2019,Beaufort,SC,Passenger,1,0,1,39,40,2.50
April 30 2021,Carson City,NV,Passenger,1,0,1,11,12,8.33
December 31 2019,Whitman,WA,Passenger,42,46,88,22665,22753,0.39
May 31 2019,Goochland,VA,Passenger,1,1,2,262,264,0.76
August 31 2020,Denton,TX,Passenger,1,0,1,93,94,1.06
January 31 2020,Cowlitz,WA,Truck,0,0,0,29023,29023,0.00
January 31 2023,Deschutes,OR,Passenger,1,0,1,77,78,1.28
January 31 2023,Hudson,NJ,Passenger,1,0,1,31,32,3.12
April 30 2020,Kitsap,WA,Passenger,1312,676,1988,180490,182478,1.09
July 31 2018,Walla Walla,WA,Passenger,34,44,78,35740,35818,0.22
August 31 2017,Spokane,WA,Truck,1,0,1,90987,90988,0.00
March 31 2020,Frederick,MD,Passenger,1,1,2,77,79,2.53
February 28 2023,Richmond,NY,Passenger,1,0,1,4,5,20.00
October 31 2017,King,WA,Truck,7,1,8,185823,185831,0.00
July 31 2023,Lewis,WA,Passenger,340,222,562,59414,59976,0.94
April 30 2019,El Paso,TX,Passenger,3,0,3,485,488,0.61
December 31 2019,Norfolk,VA,Passenger,1,2,3,348,351,0.85
May 31 2017,Utah,UT,Passenger,0,1,1,170,171,0.58
February 28 2021,Bexar,TX,Passenger,3,5,8,588,596,1.34
September 30 2021,Allegheny,PA,Passenger,2,1,3,76,79,3.80
June 30 2020,Ventura,CA,Passenger,1,1,2,289,291,0.69
November 30 2022,Duval,FL,Passenger,1,1,2,274,276,0.72
January 31 2020,Guadalupe,TX,Passenger,1,0,1,72,73,1.37
September 30 2017,San Diego,CA,Passenger,6,1,7,2645,2652,0.26
May 31 2020,Anne Arundel,MD,Passenger,0,1,1,409,410,0.24
February 28 2018,Grant,WA,Truck,0,0,0,25677,25677,0.00
June 30 2017,Marion,OR,Passenger,1,0,1,170,171,0.58
December 31 2018,Marion,OR,Passenger,1,0,1,122,123,0.81
May 31 2018,DeKalb,IN,Passenger,1,0,1,1,2,50.00
June 30 2019,San Joaquin,CA,Passenger,1,0,1,133,134,0.75
December 31 2018,Garfield,WA,Passenger,1,1,2,1328,1330,0.15
May 31 2019,Franklin,WA,Truck,0,0,0,19245,19245,0.00
January 31 2017,Clallam,WA,Passenger,73,64,137,48002,48139,0.28
June 30 2020,Adams,WA,Passenger,9,7,16,12780,12796,0.13
July 31 2019,Stevens,WA,Passenger,20,30,50,31701,31751,0.16
November 30 2017,Hardin,KY,Passenger,0,1,1,114,115,0.87
April 30 2022,Harris,TX,Passenger,2,0,2,181,183,1.09
March 31 2022,Salt Lake,UT,Passenger,1,1,2,166,168,1.19
July 31 2017,Stevens,WA,Passenger,8,23,31,31388,31419,0.10
January 31 2020,El Paso,TX,Passenger,3,0,3,449,452,0.66
September 30 2020,Middlesex,MA,Passenger,1,0,1,95,96,1.04
January 31 2022,San Bernardino,CA,Passenger,2,1,3,381,384,0.78
January 31 2020,Shelby,OH,Passenger,0,1,1,2,3,33.33
May 31 2018,Island,WA,Passenger,187,178,365,62418,62783,0.58
April 30 2024,Portsmouth,VA,Passenger,0,1,1,56,57,1.75
June 30 2019,Wilson,TX,Passenger,0,1,1,7,8,12.50
April 30 2021,Harnett,NC,Passenger,1,1,2,189,191,1.05
March 31 2019,Jefferson,CO,Passenger,0,2,2,56,58,3.45
November 30 2019,Lincoln,WA,Passenger,1,11,12,7799,7811,0.15
August 31 2020,Washington,OR,Passenger,1,0,1,450,451,0.22
April 30 2017,Madison,ID,Passenger,1,0,1,40,41,2.44
November 30 2017,Lake,CA,Passenger,0,1,1,10,11,9.09
February 28 2022,Manassas,VA,Passenger,0,1,1,7,8,12.50
July 31 2017,Snohomish,WA,Passenger,1819,919,2738,513212,515950,0.53
April 30 2017,Stevens,WA,Passenger,8,22,30,31227,31257,0.10
October 31 2019,Island,WA,Passenger,362,251,613,63581,64194,0.95
February 28 2019,Clark,NV,Passenger,4,2,6,723,729,0.82
April 30 2024,Cochise,AZ,Passenger,1,0,1,45,46,2.17
November 30 2023,Allegheny,PA,Passenger,1,0,1,51,52,1.92
December 31 2019,Alameda,CA,Passenger,4,1,5,304,309,1.62
September 30 2023,Yuba,CA,Passenger,1,0,1,48,49,2.04
November 30 2018,Orange,FL,Passenger,2,1,3,165,168,1.79
January 31 2023,Lincoln,OR,Passenger,0,1,1,16,17,5.88
December 31 2019,Randolph,NC,Passenger,1,0,1,7,8,12.50
January 31 2021,Spokane,WA,Truck,0,0,0,100844,100844,0.00
March 31 2017,Lewis,WA,Truck,0,0,0,24820,24820,0.00
October 31 2023,Clark,WA,Truck,123,0,123,81016,81139,0.15
February 29 2020,Kittitas,WA,Truck,0,0,0,14652,14652,0.00
May 31 2023,Lincoln,WA,Truck,0,0,0,4852,4852,0.00
December 31 2018,Wahkiakum,WA,Truck,0,0,0,1722,1722,0.00
November 30 2020,Hennepin,MN,Passenger,2,0,2,89,91,2.20
October 31 2019,Goochland,VA,Passenger,3,1,4,276,280,1.43
July 31 2018,Latah,ID,Passenger,0,1,1,76,77,1.30
July 31 2022,Mercer,NJ,Passenger,0,1,1,14,15,6.67
December 31 2021,New Haven,CT,Passenger,0,2,2,33,35,5.71
April 30 2022,Eagle,CO,Passenger,1,0,1,6,7,14.29
February 29 2020,Carroll,NH,Passenger,0,1,1,4,5,20.00
December 31 2017,Pend Oreille,WA,Passenger,3,4,7,9441,9448,0.07
February 28 2021,Alameda,CA,Passenger,4,0,4,268,272,1.47
February 28 2019,Portsmouth,VA,Passenger,0,1,1,79,80,1.25
November 30 2023,Monterey,CA,Truck,1,0,1,27,28,3.57
November 30 2019,Okanogan,WA,Truck,0,0,0,16554,16554,0.00
April 30 2018,Kittitas,WA,Truck,0,0,0,13995,13995,0.00
January 31 2019,Virginia Beach,VA,Passenger,2,1,3,691,694,0.43
August 31 2019,San Francisco,CA,Passenger,2,1,3,110,113,2.65
May 31 2020,Fairbanks North Star,AK,Passenger,0,1,1,101,102,0.98
August 31 2017,Dallas,TX,Passenger,0,1,1,185,186,0.54
November 30 2023,Onslow,NC,Passenger,0,1,1,127,128,0.78
December 31 2021,Harrison,MS,Passenger,2,0,2,51,53,3.77
November 30 2017,Franklin,MA,Passenger,0,1,1,4,5,20.00
April 30 2023,Benton,WA,Truck,19,0,19,43266,43285,0.04
January 31 2017,Tarrant,TX,Passenger,0,2,2,334,336,0.60
December 31 2022,Sonoma,CA,Passenger,2,1,3,78,81,3.70
May 31 2017,Hidalgo,TX,Passenger,0,1,1,101,102,0.98
August 31 2018,Lake,CA,Passenger,0,1,1,10,11,9.09
October 31 2020,Bradley,TN,Passenger,1,0,1,0,1,100.00
March 31 2019,Clallam,WA,Passenger,154,129,283,50317,50600,0.56
April 30 2019,Stevens,WA,Passenger,20,27,47,31621,31668,0.15
December 31 2023,Howard,MD,Passenger,0,2,2,54,56,3.57
September 30 2019,Santa Cruz,CA,Passenger,1,0,1,39,40,2.50
December 31 2018,Lee,AL,Passenger,1,0,1,37,38,2.63
October 31 2017,Lewis,WA,Passenger,53,41,94,56273,56367,0.17
July 31 2017,Pend Oreille,WA,Passenger,3,4,7,9321,9328,0.08
October 31 2019,Norfolk,VA,Passenger,2,2,4,343,347,1.15
September 30 2020,Queens,NY,Passenger,1,0,1,55,56,1.79
June 30 2022,Goochland,VA,Passenger,3,3,6,142,148,4.05
June 30 2022,Middlesex,NJ,Passenger,1,0,1,22,23,4.35
February 28 2017,Multnomah,OR,Passenger,0,3,3,1151,1154,0.26
September 30 2023,Asotin,WA,Truck,0,0,0,6633,6633,0.00
January 31 2017,Dakota,MN,Passenger,0,1,1,47,48,2.08
July 31 2022,Carroll,MD,Passenger,0,1,1,16,17,5.88
April 30 2024,Tooele,UT,Passenger,2,0,2,6,8,25.00
December 31 2021,RÃ­o Grande,PR,Passenger,1,0,1,0,1,100.00
December 31 2020,Pierce,WA,Passenger,2824,1770,4594,555250,559844,0.82
November 30 2022,Kittitas,WA,Passenger,296,93,389,29542,29931,1.30
December 31 2019,Prince William,VA,Passenger,1,4,5,238,243,2.06
January 31 2022,Montgomery,MD,Passenger,3,2,5,203,208,2.40
March 31 2021,Suffolk,VA,Passenger,1,0,1,124,125,0.80
September 30 2020,Hudson,NJ,Passenger,1,0,1,41,42,2.38
April 30 2022,Monterey,CA,Passenger,0,3,3,146,149,2.01
January 31 2021,Lane,OR,Passenger,0,1,1,143,144,0.69
September 30 2020,San Juan,WA,Truck,0,0,0,5846,5846,0.00
October 31 2023,Klickitat,WA,Truck,13,0,13,8231,8244,0.16
September 30 2022,Rockingham,NH,Passenger,1,0,1,15,16,6.25
February 29 2020,Arapahoe,CO,Passenger,1,0,1,146,147,0.68
February 29 2024,Kootenai,ID,Passenger,0,1,1,79,80,1.25
April 30 2022,Washtenaw,MI,Passenger,0,1,1,28,29,3.45
September 30 2019,Jefferson,WA,Passenger,207,126,333,25121,25454,1.31
January 31 2023,Wahkiakum,WA,Passenger,25,15,40,3047,3087,1.30
May 31 2023,Lane,OR,Passenger,0,2,2,78,80,2.50
July 31 2017,Marin,CA,Passenger,1,0,1,57,58,1.72
May 31 2017,Garfield,WA,Truck,0,0,0,931,931,0.00
September 30 2019,Lee,FL,Passenger,1,0,1,50,51,1.96
May 31 2022,Thurston,WA,Passenger,2123,1026,3149,194075,197224,1.60
November 30 2020,Walla Walla,WA,Truck,0,0,0,13817,13817,0.00
February 28 2017,Garfield,WA,Truck,0,0,0,933,933,0.00
August 31 2023,Albemarle,VA,Passenger,2,0,2,15,17,11.76
March 31 2021,RÃ­o Grande,PR,Passenger,1,0,1,1,2,50.00
April 30 2023,Meade,KY,Passenger,1,0,1,20,21,4.76
October 31 2017,Polk,FL,Passenger,1,0,1,66,67,1.49
February 28 2022,Dallas,TX,Passenger,1,0,1,139,140,0.71
September 30 2022,Coryell,TX,Passenger,1,0,1,89,90,1.11
July 31 2018,Okanogan,WA,Passenger,9,20,29,26016,26045,0.11
May 31 2018,Maricopa,AZ,Passenger,2,2,4,1631,1635,0.24
March 31 2023,San Joaquin,CA,Passenger,0,1,1,82,83,1.20
May 31 2018,Honolulu,HI,Passenger,2,2,4,541,545,0.73
October 31 2021,Lake,FL,Passenger,1,0,1,24,25,4.00
June 30 2022,Collier,FL,Passenger,1,0,1,18,19,5.26
December 31 2021,Vigo,IN,Passenger,1,0,1,5,6,16.67
November 30 2018,Tulsa,OK,Passenger,1,1,2,54,56,3.57
January 31 2024,Benton,WA,Truck,37,0,37,42716,42753,0.09
April 30 2019,Klickitat,WA,Truck,0,0,0,8218,8218,0.00
December 31 2021,Maricopa,AZ,Passenger,9,5,14,1204,1218,1.15
November 30 2019,Owyhee,ID,Passenger,1,0,1,3,4,25.00
March 31 2024,Richland,SC,Passenger,0,1,1,83,84,1.19
September 30 2018,Cowlitz,WA,Truck,0,0,0,28600,28600,0.00
May 31 2022,Ferry,WA,Truck,0,0,0,3569,3569,0.00
May 31 2022,Douglas,WA,Passenger,132,58,190,28497,28687,0.66
August 31 2019,Lincoln,WA,Passenger,2,10,12,7786,7798,0.15
May 31 2020,Skamania,WA,Passenger,30,17,47,8517,8564,0.55
February 29 2024,Mercer,NJ,Passenger,0,1,1,7,8,12.50
July 31 2019,Williamson,TX,Passenger,0,2,2,153,155,1.29
May 31 2020,Shelby,TN,Passenger,0,1,1,93,94,1.06
December 31 2017,Brevard,FL,Passenger,0,1,1,103,104,0.96
March 31 2023,Williamson,TX,Passenger,0,1,1,64,65,1.54
March 31 2023,Fulton,GA,Passenger,1,1,2,65,67,2.99
March 31 2020,King,WA,Truck,5,1,6,182381,182387,0.00
May 31 2017,Orange,CA,Passenger,3,1,4,654,658,0.61
March 31 2020,Los Angeles,CA,Passenger,6,12,18,1069,1087,1.66
January 31 2020,San Francisco,CA,Passenger,2,1,3,106,109,2.75
January 31 2022,Greene,MO,Passenger,0,1,1,30,31,3.23
March 31 2017,Okaloosa,FL,Passenger,1,0,1,195,196,0.51
February 28 2019,Virginia Beach,VA,Passenger,2,1,3,690,693,0.43
March 31 2022,Skamania,WA,Passenger,65,45,110,8257,8367,1.31
March 31 2019,Garfield,WA,Truck,0,0,0,953,953,0.00
March 31 2017,Spokane,WA,Truck,1,0,1,90246,90247,0.00
November 30 2017,Honolulu,HI,Passenger,2,2,4,573,577,0.69
July 31 2020,Stevens,WA,Truck,0,0,0,18667,18667,0.00
September 30 2023,Pierce,WA,Truck,192,0,192,135847,136039,0.14
February 28 2017,Columbia,WA,Truck,0,0,0,1529,1529,0.00
January 31 2023,San Francisco,CA,Passenger,1,0,1,70,71,1.41
March 31 2021,Asotin,WA,Passenger,17,14,31,12560,12591,0.25
January 31 2024,Island,WA,Truck,44,0,44,20691,20735,0.21
March 31 2023,Newport,RI,Passenger,0,1,1,57,58,1.72
October 31 2020,Whitman,WA,Truck,0,0,0,8487,8487,0.00
July 31 2021,Jones,GA,Passenger,1,0,1,1,2,50.00
February 29 2020,King,WA,Passenger,23441,7674,31115,1399671,1430786,2.17
March 31 2018,Maricopa,AZ,Passenger,2,2,4,1622,1626,0.25
May 31 2019,Grays Harbor,WA,Truck,0,0,0,20454,20454,0.00
December 31 2023,Hillsborough,FL,Passenger,2,2,4,91,95,4.21
March 31 2019,Nassau,NY,Passenger,3,0,3,43,46,6.52
February 28 2022,Sumter,SC,Passenger,0,1,1,30,31,3.23
July 31 2019,Frederick,MD,Passenger,1,1,2,81,83,2.41
October 31 2023,Texas,MO,Passenger,1,0,1,1,2,50.00
April 30 2020,Snohomish,WA,Truck,0,0,0,123298,123298,0.00
August 31 2021,Jefferson,WA,Truck,0,0,0,9609,9609,0.00
March 31 2019,District of Columbia,DC,Passenger,1,1,2,200,202,0.99
November 30 2019,Riverside,CA,Passenger,4,1,5,646,651,0.77
April 30 2017,DeKalb,GA,Passenger,1,0,1,85,86,1.16
September 30 2022,Williamsburg,VA,Passenger,0,1,1,7,8,12.50
December 31 2022,Louisa,VA,Passenger,0,1,1,1,2,50.00
March 31 2018,Snohomish,WA,Truck,1,0,1,121226,121227,0.00
November 30 2022,Walla Walla,WA,Passenger,201,107,308,35677,35985,0.86
April 30 2020,Clay,FL,Passenger,0,1,1,84,85,1.18
November 30 2019,Hudson,NJ,Passenger,1,0,1,40,41,2.44
March 31 2022,Harford,MD,Passenger,1,1,2,48,50,4.00
June 30 2017,Lumpkin,GA,Passenger,1,0,1,9,10,10.00
February 28 2019,Moore,NC,Passenger,0,1,1,182,183,0.55
November 30 2018,Washoe,NV,Passenger,1,0,1,113,114,0.88
March 31 2018,Shelby,TN,Passenger,0,1,1,104,105,0.95
January 31 2024,Charlottesville,VA,Passenger,0,1,1,3,4,25.00
August 31 2023,Skamania,WA,Passenger,115,56,171,8060,8231,2.08
August 31 2017,Okanogan,WA,Passenger,4,18,22,25662,25684,0.09
October 31 2023,Washoe,NV,Passenger,2,0,2,50,52,3.85
February 28 2022,Okaloosa,FL,Passenger,0,1,1,114,115,0.87
August 31 2018,Nueces,TX,Passenger,1,1,2,87,89,2.25
February 28 2023,,,Passenger,4,0,4,290,294,1.36
August 31 2017,District of Columbia,DC,Passenger,0,2,2,203,205,0.98
October 31 2020,Wahkiakum,WA,Truck,0,0,0,1763,1763,0.00
June 30 2020,Ramsey,MN,Passenger,1,0,1,41,42,2.38
March 31 2019,Lee,AL,Passenger,1,0,1,37,38,2.63
December 31 2017,Kitsap,WA,Passenger,694,377,1071,175844,176915,0.61
April 30 2019,Lake,CA,Passenger,0,1,1,10,11,9.09
December 31 2023,Madison,IL,Passenger,2,0,2,15,17,11.76
December 31 2021,Lewis,WA,Truck,0,0,0,26668,26668,0.00
April 30 2022,Stevens,WA,Truck,0,0,0,18972,18972,0.00
October 31 2021,Chesapeake,VA,Passenger,1,2,3,405,408,0.74
September 30 2021,Snohomish,WA,Passenger,6451,2162,8613,539199,547812,1.57
September 30 2019,Stevens,WA,Truck,0,0,0,18748,18748,0.00
September 30 2021,Plaquemines,LA,Passenger,0,1,1,19,20,5.00
November 30 2019,Lake,IL,Passenger,1,0,1,175,176,0.57
September 30 2020,Hawaii,HI,Passenger,1,0,1,55,56,1.79
August 31 2022,Houston,GA,Passenger,1,0,1,34,35,2.86
March 31 2024,Adams,CO,Passenger,1,0,1,19,20,5.00
May 31 2021,Jefferson,WA,Passenger,321,181,502,24879,25381,1.98
February 28 2018,Lewis,WA,Passenger,52,47,99,56856,56955,0.17
November 30 2023,Pend Oreille,WA,Truck,2,0,2,5579,5581,0.04
February 28 2022,Meade,KY,Passenger,1,0,1,25,26,3.85
December 31 2021,Wilson,TX,Passenger,0,1,1,3,4,25.00
February 28 2023,Dorchester,SC,Passenger,1,0,1,52,53,1.89
June 30 2021,Sarasota,FL,Passenger,2,0,2,36,38,5.26
May 31 2021,Whitman,WA,Truck,0,0,0,8572,8572,0.00
June 30 2019,Sumter,FL,Passenger,0,1,1,10,11,9.09
November 30 2022,Mercer,NJ,Passenger,0,1,1,15,16,6.25
March 31 2022,Stevens,WA,Passenger,61,50,111,30047,30158,0.37
September 30 2018,Broward,FL,Passenger,1,1,2,136,138,1.45
January 31 2023,Charleston,SC,Passenger,2,2,4,61,65,6.15
April 30 2020,Dakota,MN,Passenger,0,1,1,30,31,3.23
March 31 2017,St. Lucie,FL,Passenger,1,0,1,31,32,3.12
February 29 2020,Monroe,IL,Passenger,1,0,1,3,4,25.00
October 31 2017,Clark,WA,Truck,0,0,0,78106,78106,0.00
April 30 2017,Fairfax,VA,Passenger,3,2,5,859,864,0.58
February 28 2022,Lake,FL,Passenger,1,0,1,24,25,4.00
January 31 2020,Loudoun,VA,Passenger,1,0,1,93,94,1.06
May 31 2018,Charles,MD,Passenger,0,1,1,86,87,1.15
February 28 2023,Hawaii,HI,Passenger,1,0,1,31,32,3.12
October 31 2019,Mercer,NJ,Passenger,0,1,1,20,21,4.76
December 31 2021,Chelan,WA,Passenger,408,114,522,54667,55189,0.95
June 30 2021,St. Clair,IL,Passenger,1,0,1,140,141,0.71
February 28 2017,St. Lucie,FL,Passenger,1,0,1,31,32,3.12
July 31 2022,Mason,WA,Passenger,319,174,493,47076,47569,1.04
September 30 2021,Grays Harbor,WA,Passenger,183,150,333,49459,49792,0.67
April 30 2017,Stevens,WA,Truck,0,0,0,18283,18283,0.00
February 28 2022,St. Clair,IL,Passenger,1,0,1,124,125,0.80
January 31 2021,Plaquemines,LA,Passenger,0,1,1,15,16,6.25
May 31 2021,Sevier,AR,Passenger,0,1,1,0,1,100.00
February 28 2017,King,WA,Passenger,9096,3712,12808,1384978,1397786,0.92
February 28 2017,Whatcom,WA,Passenger,402,146,548,141864,142412,0.38
September 30 2019,Island,WA,Passenger,346,250,596,63434,64030,0.93
March 31 2024,Monterey,CA,Passenger,0,4,4,115,119,3.36
August 31 2021,San Luis Obispo,CA,Passenger,1,0,1,63,64,1.56
June 30 2017,Nassau,NY,Passenger,0,1,1,40,41,2.44
September 30 2022,Wilson,TX,Passenger,0,1,1,3,4,25.00
March 31 2019,Whitman,WA,Passenger,27,41,68,22703,22771,0.30
June 30 2017,Gwinnett,GA,Passenger,0,1,1,87,88,1.14
May 31 2019,Fresno,CA,Passenger,1,0,1,198,199,0.50
October 31 2018,Montgomery,TX,Passenger,2,0,2,65,67,2.99
April 30 2023,Santa Cruz,CA,Passenger,1,0,1,22,23,4.35
April 30 2017,Snohomish,WA,Passenger,1710,860,2570,512699,515269,0.50
May 31 2023,King,WA,Passenger,55632,14208,69840,1322644,1392484,5.02
July 31 2019,Grays Harbor,WA,Passenger,82,85,167,47988,48155,0.35
November 30 2021,Clallam,WA,Passenger,372,238,610,50497,51107,1.19
May 31 2019,Pierce,WA,Truck,0,0,0,139607,139607,0.00
July 31 2019,Ferry,WA,Passenger,5,2,7,4401,4408,0.16
November 30 2021,Sacramento,CA,Passenger,2,1,3,249,252,1.19
June 30 2020,Nassau,NY,Passenger,4,0,4,35,39,10.26
June 30 2023,Klickitat,WA,Truck,12,0,12,8233,8245,0.15
July 31 2019,Clallam,WA,Passenger,177,144,321,50636,50957,0.63
July 31 2023,Atlantic,NJ,Passenger,1,0,1,12,13,7.69
November 30 2022,Lewis,WA,Passenger,258,181,439,59906,60345,0.73
August 31 2019,Franklin,WA,Passenger,51,71,122,60222,60344,0.20
September 30 2017,Morris,NJ,Passenger,1,0,1,22,23,4.35
October 31 2021,Sumter,SC,Passenger,0,1,1,34,35,2.86
December 31 2017,Madison,ID,Passenger,1,0,1,39,40,2.50
May 31 2023,Washington,MD,Passenger,2,0,2,12,14,14.29
February 28 2017,Thurston,WA,Passenger,351,309,660,184845,185505,0.36
December 31 2021,Dallas,TX,Passenger,1,0,1,149,150,0.67
January 31 2021,Suffolk,VA,Passenger,1,0,1,124,125,0.80
July 31 2021,Miami-Dade,FL,Passenger,1,0,1,104,105,0.95
March 31 2020,Hamilton,IN,Passenger,1,0,1,43,44,2.27
July 31 2023,Albemarle,VA,Passenger,2,0,2,16,18,11.11
January 31 2024,Pierce,WA,Passenger,9816,3257,13073,522109,535182,2.44
September 30 2017,Mason,WA,Passenger,61,71,132,44174,44306,0.30
November 30 2018,Norfolk,VA,Passenger,2,2,4,343,347,1.15
May 31 2023,Maui,HI,Passenger,1,0,1,21,22,4.55
May 31 2020,Rogers,OK,Passenger,1,0,1,6,7,14.29
March 31 2024,Mercer,NJ,Passenger,0,1,1,7,8,12.50
November 30 2018,Mecklenburg,NC,Passenger,1,0,1,80,81,1.23
January 31 2022,Pinellas,FL,Passenger,0,1,1,92,93,1.08
October 31 2021,Kings,CA,Passenger,2,0,2,327,329,0.61
August 31 2017,Dale,AL,Passenger,0,1,1,62,63,1.59
February 28 2022,Kitsap,WA,Truck,0,0,0,54015,54015,0.00
January 31 2018,Cowlitz,WA,Truck,0,0,0,28199,28199,0.00
June 30 2021,Maui,HI,Passenger,2,0,2,30,32,6.25
January 31 2017,Norfolk,VA,Passenger,1,1,2,305,307,0.65
October 31 2020,Gwinnett,GA,Passenger,1,0,1,71,72,1.39
February 28 2022,Rogers,OK,Passenger,1,0,1,3,4,25.00
July 31 2022,Adams,WA,Passenger,19,10,29,12914,12943,0.22
May 31 2017,Honolulu,HI,Passenger,3,2,5,608,613,0.82
June 30 2021,Alexandria,VA,Passenger,3,0,3,121,124,2.42
June 30 2023,Chelan,WA,Truck,31,0,31,23149,23180,0.13
June 30 2021,Deschutes,OR,Passenger,1,0,1,126,127,0.79
August 31 2021,Ferry,WA,Truck,0,0,0,3634,3634,0.00
January 31 2019,Wahkiakum,WA,Truck,0,0,0,1711,1711,0.00
May 31 2018,Thurston,WA,Passenger,548,467,1015,192306,193321,0.53
December 31 2022,Ventura,CA,Passenger,3,2,5,231,236,2.12
January 31 2019,Mercer,NJ,Passenger,0,1,1,20,21,4.76
April 30 2018,Marion,IN,Passenger,1,0,1,119,120,0.83
February 28 2021,Fairfax,VA,Passenger,5,4,9,718,727,1.24
January 31 2021,Nueces,TX,Passenger,1,0,1,83,84,1.19
July 31 2021,Orange,FL,Passenger,2,0,2,115,117,1.71
April 30 2023,Charleston,SC,Passenger,2,2,4,59,63,6.35
July 31 2021,Wahkiakum,WA,Truck,0,0,0,1792,1792,0.00
March 31 2018,Utah,UT,Passenger,0,1,1,145,146,0.68
October 31 2018,Yakima,WA,Passenger,71,96,167,164398,164565,0.10
January 31 2023,Adams,WA,Passenger,22,11,33,12997,13030,0.25
August 31 2019,Pacific,WA,Passenger,23,29,52,16038,16090,0.32
February 28 2023,Pima,AZ,Passenger,1,0,1,220,221,0.45
June 30 2018,Stevens,WA,Truck,0,0,0,18603,18603,0.00
November 30 2019,Middlesex,MA,Passenger,1,0,1,108,109,0.92
May 31 2019,Pinellas,FL,Passenger,1,0,1,118,119,0.84
August 31 2023,Bartow,GA,Passenger,0,1,1,4,5,20.00
November 30 2021,Newport,RI,Passenger,0,1,1,72,73,1.37
January 31 2019,Klickitat,WA,Passenger,29,32,61,15482,15543,0.39
May 31 2022,Franklin,WA,Truck,0,0,0,20909,20909,0.00
July 31 2019,Loudoun,VA,Passenger,1,0,1,97,98,1.02
January 31 2021,Greene,MO,Passenger,0,1,1,37,38,2.63
September 30 2021,Ferry,WA,Truck,0,0,0,3594,3594,0.00
April 30 2023,Calvert,MD,Passenger,1,1,2,79,81,2.47
March 31 2019,Juneau,AK,Passenger,0,1,1,34,35,2.86
October 31 2020,Tulsa,OK,Passenger,1,1,2,48,50,4.00
October 31 2022,Galveston,TX,Passenger,0,1,1,17,18,5.56
June 30 2023,Pierce,WA,Passenger,7608,2793,10401,530366,540767,1.92
March 31 2020,Asotin,WA,Passenger,16,12,28,12588,12616,0.22
March 31 2023,Santa Clara,CA,Passenger,11,4,15,205,220,6.82
March 31 2021,Norfolk,VA,Passenger,2,3,5,331,336,1.49
March 31 2019,Norfolk,MA,Passenger,1,0,1,38,39,2.56
October 31 2019,Larimer,CO,Passenger,1,0,1,58,59,1.69
May 31 2019,Asotin,WA,Truck,0,0,0,6651,6651,0.00
August 31 2020,Harnett,NC,Passenger,1,0,1,203,204,0.49
August 31 2019,Clackamas,OR,Passenger,1,1,2,218,220,0.91
May 31 2020,Garfield,WA,Truck,0,0,0,965,965,0.00
March 31 2023,Platte,MO,Passenger,1,0,1,20,21,4.76
January 31 2022,Benton,WA,Truck,0,0,0,43592,43592,0.00
October 31 2023,Skamania,WA,Passenger,129,54,183,8024,8207,2.23
March 31 2018,Arlington,VA,Passenger,1,2,3,175,178,1.69
May 31 2017,Dane,WI,Passenger,1,0,1,123,124,0.81
November 30 2017,Franklin,WA,Truck,0,0,0,18410,18410,0.00
April 30 2018,Jefferson,WA,Passenger,134,88,222,24350,24572,0.90
July 31 2019,Santa Clara,CA,Passenger,4,2,6,379,385,1.56
October 31 2021,Dallas,TX,Passenger,1,0,1,158,159,0.63
August 31 2019,Pierce,WA,Passenger,1930,1583,3513,544554,548067,0.64
January 31 2021,Multnomah,OR,Passenger,3,5,8,698,706,1.13
January 31 2018,St. Lucie,FL,Passenger,1,0,1,27,28,3.57
March 31 2020,Harrison,MS,Passenger,1,0,1,61,62,1.61
March 31 2024,Suffolk,VA,Passenger,1,0,1,84,85,1.18
March 31 2023,Hardin,KY,Passenger,1,0,1,56,57,1.75
March 31 2024,Okanogan,WA,Truck,12,0,12,16069,16081,0.07
April 30 2020,Queens,NY,Passenger,1,0,1,54,55,1.82
March 31 2021,Owyhee,ID,Passenger,1,0,1,3,4,25.00
February 29 2024,Grant,WA,Passenger,379,167,546,66910,67456,0.81
December 31 2017,Pima,AZ,Passenger,1,1,2,430,432,0.46
April 30 2021,Greene,MO,Passenger,0,1,1,37,38,2.63
March 31 2017,,,Passenger,2,0,2,464,466,0.43
February 28 2017,Chelan,WA,Truck,0,0,0,21248,21248,0.00
December 31 2018,Whitman,WA,Truck,0,0,0,8546,8546,0.00
November 30 2017,Skamania,WA,Truck,0,0,0,3894,3894,0.00
March 31 2023,Gwinnett,GA,Passenger,1,0,1,50,51,1.96
October 31 2020,Hampshire,MA,Passenger,1,0,1,10,11,9.09
March 31 2021,Albemarle,VA,Passenger,1,0,1,24,25,4.00
September 30 2020,Riverside,CA,Passenger,3,0,3,621,624,0.48
March 31 2019,Charles,MD,Passenger,0,1,1,83,84,1.19
December 31 2023,Okanogan,WA,Truck,8,0,8,16321,16329,0.05
April 30 2024,Wahkiakum,WA,Truck,5,0,5,1700,1705,0.29
February 28 2021,Pend Oreille,WA,Truck,0,0,0,5720,5720,0.00
March 31 2017,Latah,ID,Passenger,0,1,1,124,125,0.80
October 31 2020,DeKalb,GA,Passenger,1,0,1,77,78,1.28
May 31 2019,Penobscot,ME,Passenger,0,1,1,14,15,6.67
March 31 2022,Penobscot,ME,Passenger,0,1,1,7,8,12.50
June 30 2021,Klickitat,WA,Passenger,70,51,121,15269,15390,0.79
April 30 2022,Placer,CA,Passenger,2,0,2,75,77,2.60
April 30 2019,Williamson,TX,Passenger,0,1,1,151,152,0.66
February 28 2017,Howard,MD,Passenger,0,2,2,90,92,2.17
May 31 2018,Garfield,OK,Passenger,1,0,1,19,20,5.00
September 30 2019,Douglas,WA,Passenger,62,37,99,28201,28300,0.35
July 31 2021,Virginia Beach,VA,Passenger,1,0,1,619,620,0.16
April 30 2023,Onslow,NC,Passenger,0,1,1,150,151,0.66
April 30 2021,Ulster,NY,Passenger,1,0,1,12,13,7.69
June 30 2019,Berkshire,MA,Passenger,0,1,1,4,5,20.00
January 31 2021,Washoe,NV,Passenger,1,0,1,105,106,0.94
January 31 2017,Maui,HI,Passenger,1,0,1,84,85,1.18
March 31 2023,Whitman,WA,Truck,4,0,4,8597,8601,0.05
February 28 2017,Wahkiakum,WA,Truck,0,0,0,1625,1625,0.00
March 31 2018,Grant,WA,Passenger,32,42,74,62602,62676,0.12
February 28 2017,Carroll,NH,Passenger,0,1,1,0,1,100.00
November 30 2021,Washington,OR,Passenger,1,0,1,371,372,0.27
November 30 2020,Wilson,TX,Passenger,0,1,1,6,7,14.29
February 28 2018,Cowlitz,WA,Passenger,54,70,124,70943,71067,0.17
May 31 2021,Cowlitz,WA,Truck,0,0,0,29135,29135,0.00
November 30 2021,Fresno,CA,Passenger,1,0,1,177,178,0.56
March 31 2019,Nueces,TX,Passenger,1,1,2,92,94,2.13
August 31 2019,New Haven,CT,Passenger,0,2,2,47,49,4.08
March 31 2023,Douglas,WA,Truck,6,0,6,12883,12889,0.05
December 31 2020,Greene,MO,Passenger,0,1,1,37,38,2.63
November 30 2022,Miami-Dade,FL,Passenger,1,0,1,73,74,1.35
May 31 2021,Multnomah,OR,Passenger,2,5,7,682,689,1.02
June 30 2020,Chesapeake,VA,Passenger,0,1,1,431,432,0.23
December 31 2023,Walla Walla,WA,Truck,10,0,10,13651,13661,0.07
November 30 2023,Hillsborough,FL,Passenger,2,2,4,96,100,4.00
June 30 2020,Monroe,IL,Passenger,1,0,1,3,4,25.00
January 31 2018,Monterey,CA,Passenger,0,2,2,198,200,1.00
October 31 2019,Kootenai,ID,Passenger,1,2,3,226,229,1.31
May 31 2023,Meade,KY,Passenger,1,0,1,20,21,4.76
May 31 2022,San Bernardino,CA,Passenger,2,1,3,360,363,0.83
June 30 2022,New Haven,CT,Passenger,0,2,2,33,35,5.71
January 31 2023,Marin,CA,Passenger,1,1,2,32,34,5.88
July 31 2023,Fulton,GA,Passenger,1,1,2,60,62,3.23
February 29 2024,Skagit,WA,Passenger,1384,490,1874,87753,89627,2.09
June 30 2019,Santa Cruz,CA,Passenger,1,0,1,44,45,2.22
September 30 2020,Kauai,HI,Passenger,1,0,1,18,19,5.26
February 28 2021,Contra Costa,CA,Passenger,3,3,6,275,281,2.14
July 31 2018,Hamilton,IN,Passenger,1,0,1,46,47,2.13
March 31 2022,Escambia,FL,Passenger,0,1,1,149,150,0.67
January 31 2018,Pend Oreille,WA,Truck,0,0,0,5620,5620,0.00
August 31 2020,Kitsap,WA,Truck,0,0,0,54157,54157,0.00
October 31 2017,Stevens,WA,Passenger,9,22,31,31525,31556,0.10
January 31 2023,Columbia,OR,Passenger,1,0,1,12,13,7.69
October 31 2022,Hanover,VA,Passenger,1,0,1,1,2,50.00
October 31 2017,Skamania,WA,Truck,0,0,0,3893,3893,0.00
April 30 2021,Adams,WA,Passenger,11,9,20,13045,13065,0.15
October 31 2019,Montgomery,TX,Passenger,1,0,1,62,63,1.59
May 31 2023,Camden,NJ,Passenger,0,1,1,13,14,7.14
January 31 2019,New London,CT,Passenger,0,1,1,243,244,0.41
August 31 2022,Walla Walla,WA,Truck,2,0,2,13909,13911,0.01
September 30 2022,Manassas,VA,Passenger,0,1,1,9,10,10.00
January 31 2023,Sarpy,NE,Passenger,1,0,1,60,61,1.64
October 31 2022,Pennington,SD,Passenger,2,0,2,28,30,6.67
March 31 2024,Rockingham,NH,Passenger,1,0,1,7,8,12.50
April 30 2023,Eagle,CO,Passenger,1,0,1,6,7,14.29
September 30 2021,Clark,WA,Truck,0,0,0,84112,84112,0.00
January 31 2023,Garfield,WA,Truck,0,0,0,971,971,0.00
April 30 2021,Columbia,WA,Passenger,5,4,9,2477,2486,0.36
April 30 2020,Arapahoe,CO,Passenger,1,0,1,141,142,0.70
May 31 2017,Muscogee,GA,Passenger,0,1,1,245,246,0.41
August 31 2018,Fresno,CA,Passenger,1,0,1,203,204,0.49
April 30 2022,Williams,ND,Passenger,0,1,1,8,9,11.11
February 28 2023,Bartow,GA,Passenger,0,1,1,5,6,16.67
August 31 2019,Chelan,WA,Passenger,165,70,235,54450,54685,0.43
November 30 2023,Las Animas,CO,Passenger,1,0,1,0,1,100.00
April 30 2024,Houston,GA,Passenger,1,0,1,24,25,4.00
July 31 2019,Boone,MO,Passenger,0,1,1,11,12,8.33
April 30 2023,Harnett,NC,Passenger,4,0,4,143,147,2.72
May 31 2020,Queens,NY,Passenger,1,0,1,52,53,1.89
April 30 2021,Rogers,OK,Passenger,1,0,1,4,5,20.00
August 31 2020,Lake,IL,Passenger,1,0,1,170,171,0.58
November 30 2019,Richland,SC,Passenger,0,1,1,158,159,0.63
November 30 2023,Howard,MD,Passenger,0,2,2,55,57,3.51
May 31 2019,Kitsap,WA,Passenger,1035,588,1623,180641,182264,0.89
May 31 2023,San Diego,CA,Passenger,20,7,27,2162,2189,1.23
June 30 2023,Whatcom,WA,Truck,57,0,57,42737,42794,0.13
December 31 2022,Mason,WA,Passenger,369,189,558,46813,47371,1.18
December 31 2019,Mason,WA,Passenger,142,133,275,47626,47901,0.57
August 31 2021,King,WA,Passenger,32274,9550,41824,1364931,1406755,2.97
January 31 2018,Kittitas,WA,Truck,0,0,0,13877,13877,0.00
May 31 2023,Thurston,WA,Truck,57,0,57,54000,54057,0.11
March 31 2022,Kings,CA,Passenger,2,1,3,317,320,0.94
November 30 2019,Fairfax,VA,Passenger,5,2,7,766,773,0.91
July 31 2022,Island,WA,Truck,6,0,6,21290,21296,0.03
August 31 2018,Cook,IL,Passenger,1,0,1,255,256,0.39
April 30 2021,Deschutes,OR,Passenger,2,0,2,131,133,1.50
April 30 2021,Harford,MD,Passenger,0,1,1,55,56,1.79
July 31 2021,Greene,MO,Passenger,0,1,1,35,36,2.78
July 31 2022,Jefferson,NY,Passenger,1,0,1,216,217,0.46
April 30 2018,Douglas,WA,Truck,0,0,0,11882,11882,0.00
March 31 2022,Chesapeake,VA,Passenger,2,2,4,385,389,1.03
August 31 2021,Sarasota,FL,Passenger,2,0,2,38,40,5.00
March 31 2020,Nassau,NY,Passenger,4,0,4,41,45,8.89
May 31 2019,Clark,WA,Passenger,1475,913,2388,313183,315571,0.76
January 31 2022,Fresno,CA,Passenger,1,0,1,176,177,0.56
January 31 2018,Dallas,TX,Passenger,0,1,1,193,194,0.52
June 30 2023,Prince William,VA,Passenger,1,2,3,165,168,1.79
June 30 2020,Hawaii,HI,Passenger,1,0,1,60,61,1.64
December 31 2022,Parker,TX,Passenger,0,1,1,19,20,5.00
September 30 2019,Monterey,CA,Passenger,0,1,1,190,191,0.52
May 31 2023,Fairbanks North Star,AK,Passenger,0,1,1,54,55,1.82
June 30 2022,Sevier,AR,Passenger,0,1,1,0,1,100.00
December 31 2018,Chelan,WA,Passenger,140,61,201,54137,54338,0.37
January 31 2021,Skamania,WA,Passenger,34,23,57,8332,8389,0.68
March 31 2022,Maricopa,AZ,Passenger,8,4,12,1136,1148,1.05
July 31 2019,Owyhee,ID,Passenger,1,0,1,5,6,16.67
February 28 2017,Lane,OR,Passenger,0,1,1,261,262,0.38
January 31 2023,Wake,NC,Passenger,2,0,2,89,91,2.20
February 28 2022,Clark,NV,Passenger,8,2,10,586,596,1.68
March 31 2021,Tulsa,OK,Passenger,1,0,1,48,49,2.04
May 31 2023,Wayne,MI,Passenger,0,1,1,41,42,2.38
September 30 2019,Montgomery,TX,Passenger,1,0,1,62,63,1.59
July 31 2021,Juneau,AK,Passenger,0,1,1,27,28,3.57
January 31 2018,Whatcom,WA,Truck,1,0,1,42070,42071,0.00
September 30 2019,Solano,CA,Passenger,1,0,1,210,211,0.47
November 30 2021,Dallas,TX,Passenger,1,0,1,157,158,0.63
February 29 2020,Grant,WA,Truck,0,0,0,27057,27057,0.00
May 31 2020,Flathead,MT,Passenger,1,0,1,67,68,1.47
September 30 2023,Rockdale,GA,Passenger,1,0,1,5,6,16.67
September 30 2019,Mercer,NJ,Passenger,0,1,1,20,21,4.76
December 31 2019,Kittitas,WA,Passenger,90,46,136,30054,30190,0.45
February 29 2024,Whitman,WA,Passenger,205,114,319,21758,22077,1.44
October 31 2023,Kauai,HI,Passenger,0,1,1,14,15,6.67
March 31 2021,Fresno,CA,Passenger,1,0,1,189,190,0.53
November 30 2021,Marion,IA,Passenger,1,0,1,1,2,50.00
March 31 2021,Howard,IN,Passenger,0,1,1,3,4,25.00
September 30 2020,Alexandria,VA,Passenger,3,0,3,132,135,2.22
October 31 2023,Goochland,VA,Passenger,2,2,4,42,46,8.70
November 30 2020,Albemarle,VA,Passenger,1,0,1,23,24,4.17
January 31 2017,Douglas,WA,Passenger,29,19,48,26579,26627,0.18
November 30 2023,Jefferson,WA,Truck,15,0,15,9259,9274,0.16
January 31 2020,Fulton,GA,Passenger,1,3,4,110,114,3.51
March 31 2024,Escambia,FL,Passenger,0,1,1,111,112,0.89
September 30 2020,Penobscot,ME,Passenger,0,1,1,13,14,7.14
March 31 2024,Virginia Beach,VA,Truck,1,0,1,93,94,1.06
July 31 2020,Okanogan,WA,Passenger,37,34,71,25914,25985,0.27
April 30 2021,Williamson,TX,Passenger,0,2,2,125,127,1.57
December 31 2020,Montgomery,PA,Passenger,1,0,1,27,28,3.57
January 31 2018,DeKalb,GA,Passenger,1,0,1,86,87,1.15
January 31 2024,Ulster,NY,Passenger,1,0,1,5,6,16.67
February 28 2022,Galveston,TX,Passenger,0,1,1,21,22,4.55
August 31 2020,Okanogan,WA,Passenger,40,34,74,25968,26042,0.28
September 30 2018,Columbia,WA,Passenger,2,2,4,2430,2434,0.16
June 30 2023,Cumberland,PA,Passenger,1,0,1,37,38,2.63
September 30 2023,Newport News,VA,Passenger,1,0,1,92,93,1.08
April 30 2024,Marion,IA,Passenger,1,0,1,0,1,100.00
July 31 2017,Lewis,WA,Passenger,52,38,90,55556,55646,0.16
August 31 2023,Plaquemines,LA,Passenger,1,1,2,16,18,11.11
April 30 2022,Suffolk,MA,Passenger,0,1,1,23,24,4.17
March 31 2022,Saratoga,NY,Passenger,1,0,1,42,43,2.33
December 31 2022,Eagle,CO,Passenger,1,0,1,7,8,12.50
December 31 2020,King,WA,Passenger,26908,8170,35078,1369337,1404415,2.50
December 31 2017,Pierce,WA,Truck,0,0,0,136997,136997,0.00
February 28 2022,Fulton,GA,Passenger,0,1,1,79,80,1.25
February 28 2023,Sheridan,WY,Passenger,1,0,1,6,7,14.29
March 31 2024,New York,NY,Passenger,1,0,1,31,32,3.12
January 31 2023,Solano,CA,Passenger,4,0,4,155,159,2.52
September 30 2018,Manassas,VA,Passenger,0,1,1,9,10,10.00
March 31 2020,Clallam,WA,Passenger,214,166,380,50655,51035,0.74
August 31 2020,Moore,NC,Passenger,0,2,2,158,160,1.25
February 28 2021,Utah,UT,Passenger,0,1,1,133,134,0.75
March 31 2021,Lake,FL,Passenger,1,0,1,23,24,4.17
February 28 2019,Franklin,MA,Passenger,0,1,1,1,2,50.00
August 31 2020,Island,WA,Truck,1,0,1,21206,21207,0.00
October 31 2017,Clallam,WA,Passenger,96,85,181,48725,48906,0.37
June 30 2023,Douglas,WA,Passenger,210,63,273,28789,29062,0.94
February 28 2017,Skamania,WA,Passenger,7,7,14,8539,8553,0.16
January 31 2021,Montgomery,TX,Passenger,1,0,1,51,52,1.92
August 31 2021,Fairfax,VA,Passenger,6,4,10,709,719,1.39
March 31 2018,Washtenaw,MI,Passenger,1,0,1,39,40,2.50
April 30 2021,Palm Beach,FL,Passenger,0,1,1,77,78,1.28
January 31 2021,Rockingham,NH,Passenger,1,0,1,22,23,4.35
November 30 2022,Marion,IA,Passenger,1,0,1,0,1,100.00
January 31 2017,Prince George's,MD,Passenger,0,1,1,189,190,0.53
June 30 2018,Columbia,WA,Truck,0,0,0,1527,1527,0.00
November 30 2023,Hennepin,MN,Passenger,1,0,1,32,33,3.03
March 31 2022,Rogers,OK,Passenger,1,0,1,3,4,25.00
August 31 2020,Nassau,NY,Passenger,4,0,4,35,39,10.26
February 28 2022,Burlington,NJ,Passenger,0,1,1,115,116,0.86
February 29 2020,Ramsey,MN,Passenger,1,0,1,42,43,2.33
April 30 2024,Yolo,CA,Passenger,1,0,1,16,17,5.88
May 31 2020,Brevard,FL,Passenger,0,1,1,89,90,1.11
February 28 2017,Douglas,WA,Truck,0,0,0,11387,11387,0.00
December 31 2022,Thurston,WA,Truck,38,0,38,54597,54635,0.07
September 30 2017,Benton,WA,Truck,0,0,0,40275,40275,0.00
November 30 2018,Pend Oreille,WA,Truck,0,0,0,5746,5746,0.00
November 30 2017,Whitman,WA,Passenger,16,19,35,22383,22418,0.16
June 30 2019,Jefferson,CO,Passenger,0,2,2,55,57,3.51
September 30 2017,Santa Clara,CA,Passenger,5,2,7,397,404,1.73
March 31 2022,Shelby,OH,Passenger,0,1,1,3,4,25.00
February 28 2022,Island,WA,Passenger,744,350,1094,62227,63321,1.73
December 31 2020,San Diego,CA,Passenger,14,2,16,2725,2741,0.58
April 30 2023,Jefferson,NY,Passenger,2,0,2,192,194,1.03
January 31 2018,St. Clair,IL,Passenger,0,1,1,162,163,0.61
August 31 2018,Pacific,WA,Truck,0,0,0,7622,7622,0.00
November 30 2019,Goochland,VA,Passenger,3,1,4,273,277,1.44
February 29 2020,Frederick,MD,Passenger,1,1,2,79,81,2.47
August 31 2019,Montgomery,AL,Passenger,0,1,1,41,42,2.38
May 31 2022,Saratoga,NY,Passenger,1,0,1,41,42,2.38
May 31 2020,Whitman,WA,Passenger,45,48,93,22160,22253,0.42
January 31 2022,Lake,FL,Passenger,1,0,1,24,25,4.00
May 31 2020,Okanogan,WA,Passenger,34,33,67,25870,25937,0.26
May 31 2021,Harris,TX,Passenger,1,1,2,231,233,0.86
March 31 2018,Honolulu,HI,Passenger,2,2,4,556,560,0.71
January 31 2020,Tulsa,OK,Passenger,1,1,2,55,57,3.51
July 31 2023,Essex,MA,Passenger,1,0,1,10,11,9.09
April 30 2024,Walla Walla,WA,Truck,11,0,11,13236,13247,0.08
June 30 2022,Adams,WA,Truck,1,0,1,5466,5467,0.02
July 31 2023,San Diego,CA,Passenger,18,7,25,2086,2111,1.18
October 31 2017,Bexar,TX,Passenger,1,1,2,830,832,0.24
April 30 2023,San Joaquin,CA,Passenger,0,1,1,85,86,1.16
January 31 2023,Eau Claire,WI,Passenger,1,0,1,1,2,50.00
January 31 2017,Pierce,WA,Truck,0,0,0,138740,138740,0.00
July 31 2023,Duval,FL,Passenger,1,0,1,240,241,0.41
November 30 2018,Fulton,GA,Passenger,1,3,4,111,115,3.48
January 31 2022,Sacramento,CA,Passenger,1,1,2,237,239,0.84
May 31 2021,Houston,GA,Passenger,1,0,1,50,51,1.96
April 30 2022,Washoe,NV,Passenger,1,0,1,80,81,1.23
September 30 2021,Spartanburg,SC,Passenger,0,1,1,50,51,1.96
August 31 2018,Charles,MD,Passenger,0,1,1,86,87,1.15
September 30 2019,King,WA,Truck,6,1,7,182354,182361,0.00
July 31 2023,Clark,WA,Truck,102,0,102,81407,81509,0.13
April 30 2018,Garfield,WA,Truck,0,0,0,948,948,0.00
October 31 2022,Lincoln,WA,Passenger,12,17,29,7721,7750,0.37
November 30 2022,Jefferson,NY,Passenger,1,0,1,212,213,0.47
December 31 2021,Douglas,CO,Passenger,0,1,1,88,89,1.12
December 31 2023,Cowlitz,WA,Truck,13,0,13,27874,27887,0.05
July 31 2021,Wilson,TX,Passenger,0,1,1,4,5,20.00
March 31 2017,DeKalb,GA,Passenger,1,0,1,85,86,1.16
February 28 2023,Lewis,WA,Passenger,292,191,483,59700,60183,0.80
February 29 2024,Moore,NC,Passenger,0,1,1,97,98,1.02
March 31 2022,Riverside,CA,Passenger,7,1,8,503,511,1.57
December 31 2022,Salt Lake,UT,Passenger,1,1,2,135,137,1.46
May 31 2020,Spartanburg,SC,Passenger,0,1,1,51,52,1.92
February 28 2018,Palm Beach,FL,Passenger,0,2,2,86,88,2.27
October 31 2020,Spokane,WA,Passenger,827,524,1351,319588,320939,0.42
April 30 2022,Pinal,AZ,Passenger,0,1,1,134,135,0.74
August 31 2020,Shelby,TN,Passenger,0,1,1,92,93,1.08
June 30 2023,St. Lawrence,NY,Passenger,1,0,1,2,3,33.33
July 31 2023,St. Lawrence,NY,Passenger,1,0,1,2,3,33.33
August 31 2020,Monroe,IL,Passenger,1,0,1,3,4,25.00
May 31 2021,Benton,WA,Truck,0,0,0,43662,43662,0.00
August 31 2020,Montgomery,PA,Passenger,1,0,1,29,30,3.33
November 30 2023,San Joaquin,CA,Passenger,1,1,2,65,67,2.99
August 31 2019,Kent,MI,Passenger,0,1,1,25,26,3.85
November 30 2018,Klickitat,WA,Truck,0,0,0,8178,8178,0.00
July 31 2018,Asotin,WA,Passenger,11,8,19,12633,12652,0.15
September 30 2021,Wake,NC,Passenger,1,0,1,128,129,0.78
June 30 2022,Travis,TX,Passenger,3,1,4,120,124,3.23
July 31 2018,Dallas,TX,Passenger,0,1,1,201,202,0.50
December 31 2022,Leavenworth,KS,Passenger,0,1,1,92,93,1.08
March 31 2018,Wahkiakum,WA,Truck,0,0,0,1668,1668,0.00
July 31 2019,Yakima,WA,Truck,0,0,0,59251,59251,0.00
March 31 2023,Yakima,WA,Truck,9,0,9,61148,61157,0.01
February 28 2022,Pacific,WA,Truck,0,0,0,8000,8000,0.00
January 31 2018,Whitman,WA,Passenger,18,20,38,22470,22508,0.17
February 28 2021,Pima,AZ,Passenger,2,1,3,337,340,0.88
August 31 2023,Rock Island,IL,Passenger,0,1,1,12,13,7.69
February 29 2020,Collier,FL,Passenger,1,0,1,18,19,5.26
October 31 2018,Santa Fe,NM,Passenger,0,1,1,44,45,2.22
January 31 2021,Middlesex,MA,Passenger,1,0,1,98,99,1.01
April 30 2018,Klickitat,WA,Passenger,25,29,54,15049,15103,0.36
April 30 2019,Shelby,TN,Passenger,0,1,1,97,98,1.02
December 31 2017,Collier,FL,Passenger,1,0,1,22,23,4.35
April 30 2019,Monroe,IL,Passenger,1,0,1,3,4,25.00
March 31 2021,Powhatan,VA,Passenger,1,0,1,2,3,33.33
February 28 2023,Clark,WA,Truck,70,0,70,81571,81641,0.09
January 31 2019,Howard,MD,Passenger,0,1,1,87,88,1.14
April 30 2022,Pend Oreille,WA,Passenger,16,10,26,9018,9044,0.29
May 31 2017,DeKalb,GA,Passenger,1,0,1,84,85,1.18
January 31 2023,Benton,WA,Truck,13,0,13,43315,43328,0.03
July 31 2021,Jefferson,WA,Passenger,337,183,520,24874,25394,2.05
August 31 2021,Bexar,TX,Passenger,2,4,6,544,550,1.09
March 31 2021,New London,CT,Passenger,1,1,2,223,225,0.89
April 30 2023,York,VA,Passenger,1,0,1,76,77,1.30
March 31 2020,Manassas,VA,Passenger,0,1,1,5,6,16.67
July 31 2023,Adams,WA,Passenger,24,12,36,13067,13103,0.27
February 28 2017,Pima,AZ,Passenger,0,2,2,456,458,0.44
November 30 2019,Monterey,CA,Passenger,0,1,1,186,187,0.53
March 31 2018,Richland,SC,Passenger,0,1,1,174,175,0.57
November 30 2020,Miami-Dade,FL,Passenger,1,0,1,106,107,0.93
April 30 2020,Grant,WA,Passenger,59,71,130,65257,65387,0.20
April 30 2019,Maricopa,AZ,Passenger,6,4,10,1614,1624,0.62
November 30 2020,Okanogan,WA,Truck,0,0,0,16569,16569,0.00
October 31 2023,Tarrant,TX,Passenger,1,0,1,81,82,1.22
November 30 2019,Jefferson,CO,Passenger,0,2,2,56,58,3.45
June 30 2023,Frederick,MD,Passenger,2,1,3,54,57,5.26
May 31 2019,Eagle,CO,Passenger,1,0,1,6,7,14.29
November 30 2020,Utah,UT,Passenger,0,1,1,135,136,0.74
February 28 2021,Pinellas,FL,Passenger,1,1,2,104,106,1.89
July 31 2022,Cumberland,PA,Passenger,1,0,1,44,45,2.22
April 30 2019,Spartanburg,SC,Passenger,0,1,1,37,38,2.63
February 28 2023,Kings,CA,Passenger,2,1,3,290,293,1.02
April 30 2023,Arapahoe,CO,Passenger,1,1,2,87,89,2.25
April 30 2021,Kittitas,WA,Truck,0,0,0,14777,14777,0.00
January 31 2017,Mason,WA,Truck,0,0,0,19182,19182,0.00
December 31 2019,Moore,NC,Passenger,0,1,1,166,167,0.60
April 30 2020,Howard,MD,Passenger,0,1,1,80,81,1.23
June 30 2021,Camden,NJ,Passenger,0,1,1,16,17,5.88
January 31 2022,Rockdale,GA,Passenger,1,0,1,5,6,16.67
November 30 2019,Queens,NY,Passenger,1,0,1,54,55,1.82
November 30 2022,Fredericksburg,VA,Passenger,1,0,1,5,6,16.67
September 30 2020,Kitsap,WA,Passenger,1426,712,2138,179549,181687,1.18
May 31 2018,Lewis,WA,Truck,0,0,0,25408,25408,0.00
May 31 2020,Harford,MD,Passenger,0,1,1,56,57,1.75
August 31 2022,Harford,MD,Passenger,1,1,2,43,45,4.44
April 30 2021,Charles,MD,Passenger,1,1,2,73,75,2.67
September 30 2017,Pierce,WA,Truck,0,0,0,137051,137051,0.00
April 30 2022,Island,WA,Truck,1,0,1,21423,21424,0.00
November 30 2021,Allen,IN,Passenger,1,0,1,20,21,4.76
June 30 2021,Plaquemines,LA,Passenger,0,1,1,17,18,5.56
February 28 2022,Chelan,WA,Passenger,429,121,550,54543,55093,1.00
October 31 2022,Grays Harbor,WA,Passenger,231,166,397,48678,49075,0.81
July 31 2020,Klamath,OR,Passenger,1,0,1,35,36,2.78
June 30 2019,Walla Walla,WA,Truck,0,0,0,13592,13592,0.00
July 31 2022,Sacramento,CA,Passenger,2,1,3,226,229,1.31
December 31 2021,Skamania,WA,Truck,0,0,0,3996,3996,0.00
July 31 2023,Berkeley,SC,Passenger,0,1,1,99,100,1.00
March 31 2023,Fairfax,VA,Passenger,7,3,10,602,612,1.63
June 30 2018,Jefferson,CO,Passenger,0,1,1,60,61,1.64
January 31 2018,Walla Walla,WA,Passenger,30,33,63,35371,35434,0.18
March 31 2022,Chelan,WA,Passenger,437,122,559,54568,55127,1.01
January 31 2024,Gwinnett,GA,Passenger,1,0,1,33,34,2.94
January 31 2020,New London,CT,Passenger,0,1,1,243,244,0.41
October 31 2019,Hennepin,MN,Passenger,3,1,4,103,107,3.74
July 31 2022,Williamson,TX,Passenger,1,2,3,89,92,3.26
October 31 2023,Travis,TX,Passenger,2,1,3,76,79,3.80
October 31 2023,Rockingham,NH,Passenger,1,0,1,8,9,11.11
February 28 2021,Franklin,WA,Passenger,92,86,178,61587,61765,0.29
August 31 2021,Kitsap,WA,Truck,0,0,0,54335,54335,0.00
August 31 2018,Contra Costa,CA,Passenger,0,1,1,435,436,0.23
February 28 2023,Duval,FL,Passenger,1,0,1,269,270,0.37
June 30 2017,Montgomery,PA,Passenger,1,0,1,40,41,2.44
September 30 2019,Randolph,NC,Passenger,1,0,1,6,7,14.29
April 30 2023,Grant,WA,Passenger,267,114,381,66875,67256,0.57
September 30 2019,Yakima,WA,Passenger,112,113,225,165626,165851,0.14
June 30 2017,San Juan,WA,Truck,0,0,0,5534,5534,0.00
September 30 2023,Plaquemines,LA,Passenger,1,1,2,16,18,11.11
January 31 2023,San Diego,CA,Passenger,21,7,28,2286,2314,1.21
February 29 2024,Bell,TX,Passenger,1,0,1,199,200,0.50
January 31 2023,Suffolk,VA,Passenger,1,0,1,119,120,0.83
March 31 2024,Moore,NC,Passenger,0,1,1,96,97,1.03
October 31 2021,Washtenaw,MI,Passenger,0,1,1,29,30,3.33
May 31 2022,Columbia,WA,Passenger,7,0,7,2438,2445,0.29
June 30 2017,,,Passenger,3,0,3,460,463,0.65
January 31 2019,Cook,IL,Passenger,1,0,1,252,253,0.40
July 31 2019,Placer,CA,Passenger,1,0,1,104,105,0.95
August 31 2020,Spartanburg,SC,Passenger,0,1,1,51,52,1.92
June 30 2018,Carroll,NH,Passenger,0,1,1,1,2,50.00
December 31 2019,Clark,WA,Passenger,1843,1043,2886,317647,320533,0.90
March 31 2020,Sacramento,CA,Passenger,1,1,2,289,291,0.69
November 30 2020,Fresno,CA,Passenger,1,0,1,190,191,0.52
February 28 2019,New Haven,CT,Passenger,0,1,1,48,49,2.04
August 31 2020,Boone,MO,Passenger,0,1,1,11,12,8.33
September 30 2020,Pierce,WA,Passenger,2574,1709,4283,553536,557819,0.77
February 29 2020,Ferry,WA,Passenger,5,2,7,4375,4382,0.16
December 31 2021,DuPage,IL,Passenger,3,1,4,52,56,7.14
May 31 2021,Wichita,TX,Passenger,1,0,1,42,43,2.33
August 31 2023,Adams,CO,Passenger,1,0,1,20,21,4.76
December 31 2017,King,WA,Passenger,11272,4683,15955,1370418,1386373,1.15
August 31 2020,Lewis,WA,Passenger,112,119,231,58195,58426,0.40
April 30 2021,Skamania,WA,Passenger,40,30,70,8355,8425,0.83
August 31 2023,DeKalb,GA,Passenger,2,0,2,36,38,5.26
July 31 2021,Yakima,WA,Truck,0,0,0,61701,61701,0.00
April 30 2024,Clark,NV,Passenger,6,2,8,321,329,2.43
December 31 2018,Santa Fe,NM,Passenger,0,1,1,42,43,2.33
January 31 2017,Thurston,WA,Truck,0,0,0,53326,53326,0.00
February 28 2019,Benton,WA,Truck,0,0,0,41546,41546,0.00
September 30 2020,Greene,MO,Passenger,0,1,1,36,37,2.70
April 30 2021,Salt Lake,UT,Passenger,0,1,1,194,195,0.51
February 28 2023,Pacific,WA,Passenger,72,82,154,15662,15816,0.97
September 30 2020,Monterey,CA,Passenger,0,2,2,165,167,1.20
December 31 2022,Yakima,WA,Truck,6,0,6,61158,61164,0.01
May 31 2020,Nassau,NY,Passenger,4,0,4,39,43,9.30
November 30 2023,Yolo,CA,Passenger,1,0,1,19,20,5.00
March 31 2020,Charles,MD,Passenger,0,1,1,79,80,1.25
February 28 2023,King,WA,Truck,496,2,498,177259,177757,0.28
July 31 2018,Jefferson,WA,Truck,0,0,0,9580,9580,0.00
February 28 2023,Whatcom,WA,Truck,44,0,44,42899,42943,0.10
June 30 2017,Sacramento,CA,Passenger,0,1,1,384,385,0.26
March 31 2017,New London,CT,Passenger,1,0,1,259,260,0.38
October 31 2023,Charlottesville,VA,Passenger,0,1,1,3,4,25.00
May 31 2020,Jefferson,WA,Passenger,233,141,374,24820,25194,1.48
April 30 2017,Okaloosa,FL,Passenger,1,0,1,196,197,0.51
July 31 2018,Moore,NC,Passenger,0,1,1,196,197,0.51
September 30 2019,Charleston,SC,Passenger,1,0,1,117,118,0.85
November 30 2021,Mercer,NJ,Passenger,0,1,1,15,16,6.25
July 31 2023,Marion,IA,Passenger,1,0,1,0,1,100.00
November 30 2022,Benton,WA,Passenger,909,491,1400,135692,137092,1.02
January 31 2018,Norfolk,VA,Passenger,1,1,2,322,324,0.62
January 31 2021,Orange,NC,Passenger,0,1,1,12,13,7.69
December 31 2017,Albemarle,VA,Passenger,0,1,1,32,33,3.03
October 31 2022,Ray,MO,Passenger,0,1,1,1,2,50.00
May 31 2017,Douglas,WA,Passenger,32,23,55,26685,26740,0.21
September 30 2022,Jefferson,WA,Passenger,455,224,679,24418,25097,2.71
February 28 2017,Pacific,WA,Truck,0,0,0,7483,7483,0.00
April 30 2024,Moore,NC,Passenger,0,1,1,94,95,1.05
December 31 2020,St. Mary's,MD,Passenger,1,0,1,210,211,0.47
September 30 2023,Cumberland,PA,Passenger,1,0,1,33,34,2.94
July 31 2018,Juneau,AK,Passenger,0,1,1,47,48,2.08
September 30 2018,Chelan,WA,Passenger,117,59,176,53802,53978,0.33
July 31 2018,Multnomah,OR,Passenger,3,4,7,801,808,0.87
February 28 2023,New Haven,CT,Passenger,0,2,2,28,30,6.67
December 31 2022,Moore,NC,Passenger,0,1,1,109,110,0.91
June 30 2017,Palm Beach,FL,Passenger,0,2,2,98,100,2.00
March 31 2019,Oldham,KY,Passenger,0,1,1,5,6,16.67
May 31 2020,Boulder,CO,Passenger,1,1,2,48,50,4.00
April 30 2024,San Mateo,CA,Passenger,3,0,3,46,49,6.12
May 31 2022,Hamilton,OH,Passenger,1,0,1,35,36,2.78
September 30 2020,Rogers,OK,Passenger,1,0,1,5,6,16.67
April 30 2024,Douglas,WA,Truck,14,0,14,12671,12685,0.11
January 31 2023,Arapahoe,CO,Passenger,0,1,1,86,87,1.15
August 31 2019,Skagit,WA,Passenger,310,209,519,92294,92813,0.56
July 31 2020,Garfield,WA,Passenger,0,1,1,1350,1351,0.07
March 31 2023,Pulaski,MO,Passenger,3,0,3,95,98,3.06
February 28 2017,Norfolk,VA,Passenger,1,1,2,304,306,0.65
November 30 2023,Sheridan,WY,Passenger,1,0,1,4,5,20.00
January 31 2023,Essex,MA,Passenger,1,0,1,16,17,5.88
March 31 2024,Galveston,TX,Passenger,0,1,1,11,12,8.33
July 31 2022,Grant,WA,Truck,0,0,0,27947,27947,0.00
September 30 2018,Asotin,WA,Truck,0,0,0,6629,6629,0.00
January 31 2021,Ferry,WA,Passenger,9,3,12,4343,4355,0.28
October 31 2022,Ventura,CA,Passenger,3,2,5,237,242,2.07
August 31 2019,Loudoun,VA,Passenger,1,0,1,95,96,1.04
November 30 2021,Danville,VA,Passenger,1,0,1,0,1,100.00
July 31 2018,Skamania,WA,Passenger,13,9,22,8632,8654,0.25
August 31 2023,Jefferson,WA,Passenger,593,264,857,24234,25091,3.42
October 31 2021,Pacific,WA,Passenger,49,59,108,16100,16208,0.67
December 31 2023,San Bernardino,CA,Passenger,2,1,3,269,272,1.10
June 30 2022,Moore,NC,Passenger,0,1,1,117,118,0.85
September 30 2018,District of Columbia,DC,Passenger,0,3,3,195,198,1.52
October 31 2023,Sarasota,FL,Passenger,1,0,1,23,24,4.17
December 31 2017,Latah,ID,Passenger,0,1,1,80,81,1.23
October 31 2021,Allegheny,PA,Passenger,2,1,3,73,76,3.95
May 31 2021,DuPage,IL,Passenger,3,1,4,56,60,6.67
May 31 2019,Wahkiakum,WA,Truck,0,0,0,1743,1743,0.00
April 30 2019,Carson City,NV,Passenger,1,0,1,14,15,6.67
July 31 2017,Benton,WA,Passenger,155,148,303,128653,128956,0.23
July 31 2017,Orange,FL,Passenger,1,1,2,131,133,1.50
October 31 2022,Frederick,MD,Passenger,1,0,1,63,64,1.56
December 31 2023,Washoe,NV,Passenger,2,0,2,49,51,3.92
November 30 2018,Beaufort,SC,Passenger,1,0,1,37,38,2.63
November 30 2023,Benton,WA,Passenger,1351,634,1985,135296,137281,1.45
February 28 2018,Chelan,WA,Passenger,94,39,133,53237,53370,0.25
January 31 2019,Fulton,GA,Passenger,1,3,4,111,115,3.48
June 30 2018,Tulsa,OK,Passenger,0,1,1,53,54,1.85
December 31 2023,Yakima,WA,Passenger,646,300,946,166438,167384,0.57
January 31 2024,Grant,WA,Passenger,378,162,540,67207,67747,0.80
March 31 2019,Klickitat,WA,Truck,0,0,0,8203,8203,0.00
December 31 2020,Grays Harbor,WA,Truck,0,0,0,21197,21197,0.00
March 31 2019,Calvert,MD,Passenger,0,1,1,87,88,1.14
May 31 2023,Santa Cruz,CA,Passenger,1,0,1,22,23,4.35
June 30 2019,Pierce,WA,Truck,0,0,0,139753,139753,0.00
September 30 2022,Virginia Beach,VA,Passenger,2,1,3,504,507,0.59
March 31 2022,Gwinnett,GA,Passenger,1,0,1,58,59,1.69
February 28 2018,Nueces,TX,Passenger,1,1,2,94,96,2.08
March 31 2022,Essex,NJ,Passenger,2,0,2,13,15,13.33
January 31 2019,Cowlitz,WA,Truck,0,0,0,28724,28724,0.00
July 31 2022,Berkeley,SC,Passenger,0,1,1,120,121,0.83
December 31 2022,Cumberland,NC,Passenger,1,4,5,349,354,1.41
May 31 2020,Kitsap,WA,Passenger,1312,678,1990,179572,181562,1.10
July 31 2018,Howard,MD,Passenger,0,1,1,91,92,1.09
March 31 2017,Monterey,CA,Passenger,0,1,1,220,221,0.45
September 30 2018,Washtenaw,MI,Passenger,1,0,1,38,39,2.56
February 29 2020,Powhatan,VA,Passenger,1,0,1,1,2,50.00
March 31 2022,Spokane,WA,Truck,0,0,0,102370,102370,0.00
July 31 2023,Franklin,WA,Passenger,322,143,465,62012,62477,0.74
April 30 2021,Wahkiakum,WA,Passenger,11,6,17,3113,3130,0.54
July 31 2022,El Paso,TX,Passenger,3,0,3,352,355,0.85
August 31 2021,Collier,FL,Passenger,1,0,1,21,22,4.55
May 31 2023,Miami-Dade,FL,Passenger,1,0,1,65,66,1.52
March 31 2023,Maricopa,AZ,Passenger,10,5,15,804,819,1.83
August 31 2023,Contra Costa,CA,Passenger,1,3,4,167,171,2.34
July 31 2021,Missoula,MT,Passenger,1,0,1,59,60,1.67
January 31 2019,New Haven,CT,Passenger,0,1,1,48,49,2.04
December 31 2019,Snohomish,WA,Truck,0,0,0,123257,123257,0.00
March 31 2017,Kittitas,WA,Truck,0,0,0,13426,13426,0.00
February 28 2018,Whatcom,WA,Passenger,557,249,806,145551,146357,0.55
December 31 2022,Hillsborough,FL,Passenger,1,2,3,123,126,2.38
February 28 2022,Collier,FL,Passenger,1,0,1,21,22,4.55
March 31 2017,Thurston,WA,Truck,0,0,0,53284,53284,0.00
November 30 2023,Walla Walla,WA,Passenger,259,126,385,35351,35736,1.08
June 30 2018,Marin,CA,Passenger,1,0,1,55,56,1.79
March 31 2020,Hennepin,MN,Passenger,3,1,4,101,105,3.81
April 30 2018,Sumter,FL,Passenger,0,1,1,10,11,9.09
September 30 2021,Ulster,NY,Passenger,1,0,1,13,14,7.14
July 31 2022,Rockingham,NH,Passenger,1,0,1,16,17,5.88
July 31 2023,Kittitas,WA,Passenger,369,107,476,29365,29841,1.60
July 31 2022,Franklin,WA,Passenger,203,110,313,61796,62109,0.50
November 30 2020,Ada,ID,Passenger,0,1,1,263,264,0.38
February 28 2019,Garfield,WA,Passenger,1,1,2,1323,1325,0.15
February 28 2021,Anchorage,AK,Passenger,1,0,1,149,150,0.67
April 30 2019,Douglas,WA,Truck,0,0,0,12175,12175,0.00
November 30 2022,Sarasota,FL,Passenger,1,0,1,29,30,3.33
May 31 2021,Lake,IL,Passenger,2,0,2,166,168,1.19
May 31 2021,Riverside,CA,Passenger,5,1,6,573,579,1.04
December 31 2020,Leavenworth,KS,Passenger,0,1,1,116,117,0.85
December 31 2018,Santa Cruz,CA,Passenger,1,0,1,44,45,2.22
October 31 2021,Columbia,OR,Passenger,1,0,1,21,22,4.55
February 28 2023,Danville,VA,Passenger,1,0,1,0,1,100.00
October 31 2020,Howard,IN,Passenger,0,1,1,3,4,25.00
March 31 2020,Montgomery,OH,Passenger,0,1,1,46,47,2.13
December 31 2019,Jefferson,CO,Passenger,0,2,2,55,57,3.51
February 29 2024,Garfield,OK,Passenger,1,0,1,15,16,6.25
November 30 2022,Denton,TX,Passenger,2,0,2,57,59,3.39
March 31 2019,Pierce,WA,Passenger,1635,1456,3091,539230,542321,0.57
June 30 2017,Okanogan,WA,Passenger,4,17,21,25698,25719,0.08
June 30 2021,Fresno,CA,Passenger,1,0,1,190,191,0.52
November 30 2019,Dakota,MN,Passenger,0,1,1,32,33,3.03
March 31 2024,Carroll,MD,Passenger,0,1,1,11,12,8.33
February 29 2024,Howard,MD,Passenger,0,2,2,53,55,3.64
November 30 2020,Jefferson,WA,Truck,0,0,0,9579,9579,0.00
April 30 2019,Bergen,NJ,Passenger,1,0,1,27,28,3.57
June 30 2020,Montgomery,PA,Passenger,1,0,1,32,33,3.03
August 31 2020,Spokane,WA,Passenger,780,504,1284,317338,318622,0.40
September 30 2019,Prince William,VA,Passenger,1,4,5,243,248,2.02
January 31 2021,Alameda,CA,Passenger,4,0,4,274,278,1.44
February 28 2019,Fulton,GA,Passenger,1,3,4,113,117,3.42
September 30 2020,Benton,WA,Passenger,393,329,722,134329,135051,0.53
April 30 2017,Hamilton,IN,Passenger,1,0,1,61,62,1.61
August 31 2023,Hudson,NJ,Passenger,1,0,1,18,19,5.26
June 30 2023,Burlington,NJ,Passenger,2,2,4,91,95,4.21
October 31 2018,Benton,WA,Truck,0,0,0,41426,41426,0.00
September 30 2020,Santa Cruz,CA,Passenger,1,0,1,35,36,2.78
June 30 2021,Powhatan,VA,Passenger,1,0,1,1,2,50.00
September 30 2017,Adams,WA,Passenger,3,3,6,12260,12266,0.05
June 30 2019,Ramsey,MN,Passenger,1,0,1,45,46,2.17
June 30 2023,Orange,FL,Passenger,1,0,1,61,62,1.61
May 31 2021,Hampshire,MA,Passenger,1,0,1,9,10,10.00
September 30 2022,Galveston,TX,Passenger,0,1,1,17,18,5.56
December 31 2021,Hanover,VA,Passenger,1,0,1,1,2,50.00
May 31 2022,Lincoln,WA,Passenger,8,18,26,7685,7711,0.34
June 30 2018,Chelan,WA,Truck,0,0,0,21869,21869,0.00
September 30 2022,Marion,OR,Passenger,1,0,1,86,87,1.15
September 30 2023,San Joaquin,CA,Passenger,1,1,2,68,70,2.86
August 31 2023,Shelby,AL,Passenger,1,0,1,7,8,12.50
July 31 2017,Bexar,TX,Passenger,1,1,2,897,899,0.22
May 31 2023,Leavenworth,KS,Passenger,0,1,1,89,90,1.11
March 31 2018,New London,CT,Passenger,1,0,1,245,246,0.41
October 31 2020,Lake,IL,Passenger,2,0,2,171,173,1.16
August 31 2020,New York,NY,Passenger,1,0,1,62,63,1.59
March 31 2018,Jefferson,CO,Passenger,0,1,1,70,71,1.41
June 30 2022,Snohomish,WA,Passenger,8355,2525,10880,532480,543360,2.00
October 31 2023,Whitman,WA,Passenger,185,92,277,21960,22237,1.25
August 31 2023,Clark,NV,Passenger,7,2,9,395,404,2.23
April 30 2021,Moore,NC,Passenger,0,1,1,138,139,0.72
August 31 2021,Harris,TX,Passenger,1,1,2,213,215,0.93
April 30 2023,Washtenaw,MI,Passenger,0,2,2,23,25,8.00
April 30 2023,Clark,WA,Passenger,5458,2216,7674,313537,321211,2.39
September 30 2018,Grays Harbor,WA,Passenger,55,65,120,47158,47278,0.25
December 31 2020,Asotin,WA,Passenger,16,13,29,12403,12432,0.23
November 30 2022,Island,WA,Truck,15,0,15,21210,21225,0.07
December 31 2021,Riverside,CA,Passenger,5,1,6,525,531,1.13
March 31 2022,Bell,TX,Passenger,1,0,1,345,346,0.29
July 31 2023,Charles,MD,Passenger,1,1,2,52,54,3.70
November 30 2021,Las Animas,CO,Passenger,1,0,1,0,1,100.00
July 31 2017,Mason,WA,Passenger,57,69,126,43627,43753,0.29
October 31 2022,Sacramento,CA,Passenger,2,1,3,218,221,1.36
December 31 2022,Currituck,NC,Passenger,1,0,1,19,20,5.00
September 30 2017,Hardin,KY,Passenger,0,1,1,111,112,0.89
February 28 2019,Ramsey,MN,Passenger,1,0,1,41,42,2.38
December 31 2021,Clinton,PA,Passenger,1,0,1,0,1,100.00
January 31 2020,RÃ­o Grande,PR,Passenger,1,0,1,1,2,50.00
March 31 2023,Hanover,VA,Passenger,1,0,1,1,2,50.00
June 30 2022,Grant,WA,Truck,0,0,0,28007,28007,0.00
February 29 2024,Yolo,CA,Passenger,1,0,1,18,19,5.26
April 30 2023,Kootenai,ID,Truck,1,0,1,31,32,3.12
December 31 2019,Walla Walla,WA,Truck,0,0,0,13663,13663,0.00
January 31 2021,Clallam,WA,Truck,1,0,1,21860,21861,0.00
September 30 2023,Pinal,AZ,Passenger,1,1,2,82,84,2.38
January 31 2020,Bucks,PA,Passenger,1,0,1,21,22,4.55
January 31 2024,Garfield,WA,Truck,0,0,0,978,978,0.00
November 30 2019,Montgomery,TX,Passenger,1,0,1,60,61,1.64
April 30 2020,Anne Arundel,MD,Passenger,0,1,1,414,415,0.24
September 30 2022,Montgomery,MD,Passenger,4,2,6,194,200,3.00
September 30 2022,Middlesex,MA,Passenger,2,0,2,86,88,2.27
September 30 2019,Walla Walla,WA,Truck,0,0,0,13686,13686,0.00
October 31 2021,Newport,RI,Passenger,0,1,1,73,74,1.35
January 31 2022,Cook,IL,Passenger,2,0,2,211,213,0.94
December 31 2019,Denver,CO,Passenger,1,0,1,131,132,0.76
June 30 2020,Powhatan,VA,Passenger,1,0,1,1,2,50.00
August 31 2022,Okaloosa,FL,Passenger,0,1,1,103,104,0.96
September 30 2020,Eagle,CO,Passenger,1,0,1,7,8,12.50
September 30 2020,Jones,GA,Passenger,1,0,1,1,2,50.00
March 31 2017,Walla Walla,WA,Passenger,20,22,42,34822,34864,0.12
January 31 2018,DuPage,IL,Passenger,1,0,1,66,67,1.49
September 30 2023,Lewis,WA,Truck,8,0,8,25841,25849,0.03
April 30 2019,Hawaii,HI,Passenger,1,0,1,66,67,1.49
May 31 2021,Leavenworth,KS,Passenger,0,1,1,112,113,0.88
February 29 2024,Hamilton,OH,Passenger,2,0,2,22,24,8.33
January 31 2019,St. Clair,IL,Passenger,0,1,1,170,171,0.58
September 30 2022,Kauai,HI,Passenger,1,0,1,17,18,5.56
January 31 2024,Columbia,WA,Passenger,12,0,12,2409,2421,0.50
March 31 2023,Lewis,WA,Truck,5,0,5,26100,26105,0.02
September 30 2022,Skamania,WA,Passenger,85,51,136,8101,8237,1.65
July 31 2017,Yakima,WA,Passenger,49,62,111,159637,159748,0.07
March 31 2020,Pacific,WA,Passenger,29,34,63,16018,16081,0.39
May 31 2018,Okaloosa,FL,Passenger,1,0,1,176,177,0.56
October 31 2021,Bexar,TX,Passenger,2,5,7,531,538,1.30
August 31 2023,Pacific,WA,Truck,5,0,5,7855,7860,0.06
September 30 2023,Atlantic,NJ,Passenger,1,0,1,13,14,7.14
January 31 2022,Mason,WA,Passenger,270,159,429,47742,48171,0.89
October 31 2020,Grays Harbor,WA,Passenger,118,117,235,48501,48736,0.48
November 30 2018,Los Angeles,CA,Passenger,5,5,10,1149,1159,0.86
November 30 2022,Mason,WA,Truck,7,0,7,20858,20865,0.03
August 31 2021,Charleston,SC,Passenger,1,1,2,88,90,2.22
November 30 2022,Okaloosa,FL,Passenger,0,1,1,101,102,0.98
August 31 2020,Klickitat,WA,Passenger,57,42,99,15038,15137,0.65
December 31 2017,Arlington,VA,Passenger,1,2,3,174,177,1.69
August 31 2017,Orange,CA,Passenger,3,1,4,622,626,0.64
February 28 2022,Yavapai,AZ,Passenger,0,1,1,34,35,2.86
August 31 2023,Loudoun,VA,Passenger,2,1,3,58,61,4.92
March 31 2022,Yakima,WA,Passenger,312,181,493,167617,168110,0.29
November 30 2022,Klickitat,WA,Truck,3,0,3,8244,8247,0.04
September 30 2021,Boulder,CO,Passenger,1,1,2,48,50,4.00
August 31 2022,Klickitat,WA,Passenger,105,54,159,15162,15321,1.04
April 30 2021,Placer,CA,Passenger,2,0,2,83,85,2.35
March 31 2023,Grays Harbor,WA,Truck,2,0,2,20997,20999,0.01
June 30 2022,Stafford,VA,Passenger,2,1,3,93,96,3.12
June 30 2017,Shelby,TN,Passenger,0,1,1,113,114,0.88
December 31 2021,Orange,NC,Passenger,0,1,1,12,13,7.69
August 31 2020,Jones,GA,Passenger,1,0,1,1,2,50.00
October 31 2018,Grays Harbor,WA,Passenger,60,66,126,47268,47394,0.27
February 28 2022,Kings,NY,Passenger,1,0,1,71,72,1.39
November 30 2020,Ferry,WA,Passenger,8,3,11,4348,4359,0.25
December 31 2021,Chesapeake,VA,Passenger,2,2,4,406,410,0.98
January 31 2024,Calvert,MD,Passenger,1,1,2,69,71,2.82
August 31 2019,Flathead,MT,Passenger,1,0,1,70,71,1.41
June 30 2021,Howard,IN,Passenger,0,1,1,5,6,16.67
May 31 2019,Cowlitz,WA,Passenger,95,107,202,72900,73102,0.28
December 31 2022,Garfield,WA,Truck,0,0,0,972,972,0.00
April 30 2018,Moore,NC,Passenger,0,1,1,193,194,0.52
August 31 2022,Marion,OR,Passenger,1,0,1,87,88,1.14
November 30 2017,Ferry,WA,Truck,0,0,0,3546,3546,0.00
May 31 2020,Grays Harbor,WA,Truck,0,0,0,20764,20764,0.00
December 31 2022,Larimer,CO,Passenger,1,0,1,38,39,2.56
June 30 2022,Placer,CA,Passenger,2,0,2,72,74,2.70
September 30 2023,Hudson,NJ,Passenger,1,0,1,16,17,5.88
August 31 2017,DeKalb,IN,Passenger,1,0,1,1,2,50.00
October 31 2018,Grant,WA,Passenger,32,50,82,63916,63998,0.13
February 28 2023,Pierce,WA,Passenger,6583,2580,9163,535196,544359,1.68
December 31 2023,San Juan,WA,Passenger,681,195,876,13602,14478,6.05
June 30 2019,Thurston,WA,Passenger,875,638,1513,197590,199103,0.76
March 31 2020,Guadalupe,TX,Passenger,1,0,1,70,71,1.41
July 31 2021,Kern,CA,Passenger,0,1,1,213,214,0.47
August 31 2023,Orange,FL,Passenger,1,0,1,54,55,1.82
March 31 2021,Maui,HI,Passenger,2,0,2,30,32,6.25
May 31 2020,Oldham,KY,Passenger,0,1,1,4,5,20.00
August 31 2022,St. Louis,MO,Passenger,2,0,2,65,67,2.99
August 31 2019,New London,CT,Passenger,0,1,1,236,237,0.42
February 28 2018,Pierce,WA,Truck,0,0,0,136984,136984,0.00
September 30 2023,Franklin,WA,Truck,7,0,7,20909,20916,0.03
February 29 2024,Anne Arundel,MD,Passenger,4,3,7,272,279,2.51
July 31 2019,Bexar,TX,Passenger,1,5,6,673,679,0.88
January 31 2024,Duval,FL,Passenger,1,0,1,201,202,0.50
August 31 2020,Solano,CA,Passenger,1,0,1,212,213,0.47
January 31 2017,New London,CT,Passenger,2,0,2,268,270,0.74
January 31 2022,Howard,IN,Passenger,0,1,1,6,7,14.29
June 30 2020,Bartow,GA,Passenger,0,1,1,6,7,14.29
July 31 2019,Snohomish,WA,Passenger,3556,1616,5172,532597,537769,0.96
July 31 2021,Skamania,WA,Passenger,51,36,87,8399,8486,1.03
October 31 2019,Wahkiakum,WA,Passenger,4,3,7,3050,3057,0.23
December 31 2019,Fresno,CA,Passenger,1,0,1,203,204,0.49
June 30 2020,Alexandria,VA,Passenger,2,0,2,137,139,1.44
February 28 2018,,,Passenger,3,1,4,442,446,0.90
May 31 2022,Galveston,TX,Passenger,0,1,1,18,19,5.26
December 31 2021,Albemarle,VA,Passenger,3,0,3,23,26,11.54
April 30 2018,Polk,FL,Passenger,1,0,1,66,67,1.49
March 31 2018,Madison,ID,Passenger,1,0,1,39,40,2.50
February 28 2021,El Paso,CO,Passenger,2,0,2,703,705,0.28
September 30 2022,Washington,OR,Passenger,1,0,1,314,315,0.32
April 30 2019,Moore,NC,Passenger,0,1,1,180,181,0.55
July 31 2017,Sangamon,IL,Passenger,1,0,1,11,12,8.33
March 31 2017,Madison,ID,Passenger,1,0,1,43,44,2.27
June 30 2023,Dorchester,SC,Passenger,1,0,1,44,45,2.22
October 31 2017,Kitsap,WA,Truck,1,0,1,52593,52594,0.00
May 31 2019,Lincoln,WA,Truck,0,0,0,4695,4695,0.00
October 31 2023,Hudson,NJ,Passenger,1,0,1,15,16,6.25
August 31 2019,Clark,WA,Truck,0,0,0,80844,80844,0.00
July 31 2021,Whatcom,WA,Passenger,1476,618,2094,150565,152659,1.37
April 30 2018,Palm Beach,FL,Passenger,0,2,2,88,90,2.22
October 31 2018,Deschutes,OR,Passenger,3,0,3,170,173,1.73
February 28 2023,Cook,IL,Passenger,3,0,3,179,182,1.65
September 30 2023,Los Angeles,CA,Passenger,6,4,10,601,611,1.64
February 28 2021,Prince George's,MD,Passenger,2,1,3,149,152,1.97
June 30 2022,Collin,TX,Passenger,3,0,3,97,100,3.00
May 31 2017,Pend Oreille,WA,Truck,0,0,0,5565,5565,0.00
April 30 2023,Sonoma,CA,Passenger,3,1,4,69,73,5.48
April 30 2022,Lincoln,OR,Passenger,0,1,1,33,34,2.94
July 31 2018,Franklin,MA,Passenger,0,1,1,1,2,50.00
January 31 2021,Yakima,WA,Truck,0,0,0,61070,61070,0.00
July 31 2022,Cowlitz,WA,Passenger,349,171,520,70499,71019,0.73
May 31 2021,Douglas,WA,Truck,0,0,0,12660,12660,0.00
June 30 2019,Whatcom,WA,Truck,2,0,2,42907,42909,0.00
February 28 2018,Honolulu,HI,Passenger,2,2,4,566,570,0.70
November 30 2018,Yakima,WA,Passenger,78,98,176,164660,164836,0.11
April 30 2019,Larimer,CO,Passenger,1,0,1,59,60,1.67
January 31 2022,Leavenworth,KS,Passenger,0,1,1,103,104,0.96
October 31 2020,Orange,NC,Passenger,0,1,1,12,13,7.69
April 30 2019,Lumpkin,GA,Passenger,1,0,1,6,7,14.29
January 31 2020,Thurston,WA,Truck,0,0,0,55750,55750,0.00
January 31 2022,Harrison,MS,Passenger,2,0,2,50,52,3.85
August 31 2019,Cochise,AZ,Passenger,0,1,1,107,108,0.93
October 31 2017,Lee,AL,Passenger,1,0,1,35,36,2.78
September 30 2020,Nueces,TX,Passenger,1,0,1,88,89,1.12
April 30 2021,Hamilton,IN,Passenger,2,0,2,38,40,5.00
August 31 2020,Rockingham,NH,Passenger,1,0,1,20,21,4.76
May 31 2021,Vigo,IN,Passenger,1,0,1,5,6,16.67
January 31 2017,Yakima,WA,Passenger,36,49,85,159920,160005,0.05
April 30 2024,Chesterfield,VA,Passenger,1,0,1,29,30,3.33
March 31 2020,Larimer,CO,Passenger,1,0,1,53,54,1.85
March 31 2022,Marion,OR,Passenger,1,0,1,111,112,0.89
June 30 2023,Clark,WA,Truck,97,0,97,81498,81595,0.12
January 31 2017,Kittitas,WA,Truck,0,0,0,13415,13415,0.00
November 30 2022,Pulaski,AR,Passenger,3,0,3,29,32,9.38
October 31 2022,Chesterfield,VA,Passenger,1,0,1,38,39,2.56
February 28 2021,Penobscot,ME,Passenger,0,1,1,11,12,8.33
December 31 2020,Hamilton,IN,Passenger,2,0,2,38,40,5.00
March 31 2021,Washington,MD,Passenger,1,0,1,10,11,9.09
February 29 2024,Pierce,WA,Truck,259,0,259,132690,132949,0.19
February 29 2024,Prince George's,MD,Passenger,3,1,4,103,107,3.74
November 30 2022,Pulaski,MO,Passenger,2,0,2,103,105,1.90
March 31 2024,Williamson,TX,Passenger,0,1,1,36,37,2.70
October 31 2019,Penobscot,ME,Passenger,0,1,1,14,15,6.67
February 28 2022,Danville,VA,Passenger,1,0,1,0,1,100.00
September 30 2018,Snohomish,WA,Passenger,2517,1329,3846,524448,528294,0.73
October 31 2020,Skagit,WA,Truck,1,0,1,32670,32671,0.00
August 31 2023,Chelan,WA,Truck,33,0,33,23189,23222,0.14
June 30 2017,Douglas,WA,Truck,0,0,0,11527,11527,0.00
January 31 2023,Anchorage,AK,Passenger,1,0,1,120,121,0.83
January 31 2022,Anchorage,AK,Passenger,2,0,2,139,141,1.42
March 31 2022,San Mateo,CA,Passenger,2,0,2,86,88,2.27
November 30 2019,Pacific,WA,Truck,0,0,0,7736,7736,0.00
September 30 2017,Collin,TX,Passenger,0,1,1,149,150,0.67
June 30 2018,Sumter,FL,Passenger,0,1,1,9,10,10.00
March 31 2022,Clinton,PA,Passenger,1,0,1,0,1,100.00
April 30 2020,Bartow,GA,Passenger,0,1,1,5,6,16.67
March 31 2024,Orange,CA,Passenger,5,2,7,242,249,2.81
January 31 2020,Fairbanks North Star,AK,Passenger,0,1,1,103,104,0.96
January 31 2024,Wake,NC,Passenger,3,0,3,69,72,4.17
February 28 2023,Sonoma,CA,Passenger,3,1,4,75,79,5.06
June 30 2019,DeKalb,GA,Passenger,1,0,1,81,82,1.22
March 31 2022,Eagle,CO,Passenger,1,0,1,6,7,14.29
May 31 2018,King,WA,Truck,7,1,8,183117,183125,0.00
August 31 2023,Thurston,WA,Truck,70,0,70,53891,53961,0.13
December 31 2021,Stevens,WA,Passenger,56,44,100,30263,30363,0.33
May 31 2022,Garfield,WA,Passenger,0,3,3,1322,1325,0.23
April 30 2019,Wayne,MI,Passenger,0,1,1,71,72,1.39
August 31 2023,Tarrant,TX,Passenger,1,0,1,84,85,1.18
August 31 2020,Douglas,WA,Truck,0,0,0,12334,12334,0.00
February 28 2019,Pacific,WA,Passenger,22,26,48,15856,15904,0.30
February 29 2024,Calvert,MD,Passenger,1,1,2,69,71,2.82
July 31 2019,Kittitas,WA,Truck,0,0,0,14493,14493,0.00
February 29 2020,New Haven,CT,Passenger,0,2,2,42,44,4.55
February 28 2019,Bucks,PA,Passenger,1,0,1,19,20,5.00
August 31 2018,Kittitas,WA,Passenger,52,34,86,29121,29207,0.29
February 28 2021,San Bernardino,CA,Passenger,1,0,1,395,396,0.25
August 31 2019,Whatcom,WA,Truck,2,0,2,42993,42995,0.00
September 30 2020,Moore,NC,Passenger,0,1,1,160,161,0.62
April 30 2017,Riverside,CA,Passenger,1,1,2,834,836,0.24
November 30 2018,Marion,IN,Passenger,1,0,1,122,123,0.81
November 30 2019,Penobscot,ME,Passenger,0,1,1,14,15,6.67
July 31 2018,Sumter,FL,Passenger,0,1,1,10,11,9.09
October 31 2023,Whatcom,WA,Passenger,2821,989,3810,147664,151474,2.52
May 31 2018,Prince William,VA,Passenger,0,5,5,266,271,1.85
March 31 2021,Alexandria,VA,Passenger,3,0,3,129,132,2.27
October 31 2020,Houston,GA,Passenger,1,0,1,53,54,1.85
October 31 2018,Santa Rosa,FL,Passenger,1,0,1,93,94,1.06
January 31 2023,Sacramento,CA,Truck,1,0,1,38,39,2.56
December 31 2017,Kent,MI,Passenger,0,1,1,34,35,2.86
September 30 2019,Grays Harbor,WA,Truck,0,0,0,20632,20632,0.00
June 30 2020,Thurston,WA,Truck,0,0,0,55732,55732,0.00
November 30 2023,Columbia,WA,Truck,0,0,0,1559,1559,0.00
April 30 2021,New Haven,CT,Passenger,0,2,2,35,37,5.41
October 31 2020,Nassau,FL,Passenger,1,0,1,34,35,2.86
June 30 2021,Lee,FL,Passenger,1,0,1,39,40,2.50
April 30 2019,Rogers,OK,Passenger,1,0,1,6,7,14.29
January 31 2019,Stevens,WA,Passenger,19,28,47,31801,31848,0.15
December 31 2021,Pennington,SD,Passenger,1,0,1,34,35,2.86
January 31 2023,Calvert,MD,Passenger,0,2,2,85,87,2.30
February 29 2020,Cochise,AZ,Passenger,0,1,1,104,105,0.95
July 31 2017,Lumpkin,GA,Passenger,1,0,1,9,10,10.00
January 31 2022,Powhatan,VA,Passenger,1,0,1,1,2,50.00
December 31 2023,Kitsap,WA,Passenger,3938,1515,5453,174945,180398,3.02
January 31 2022,Kittitas,WA,Truck,0,0,0,14772,14772,0.00
September 30 2023,Mason,WA,Truck,15,0,15,20616,20631,0.07
April 30 2020,Los Angeles,CA,Passenger,6,12,18,1045,1063,1.69
June 30 2020,Collier,FL,Passenger,1,0,1,21,22,4.55
July 31 2023,Richland,SC,Passenger,0,1,1,107,108,0.93
January 31 2022,Wake,NC,Passenger,1,0,1,123,124,0.81
November 30 2017,Eagle,CO,Passenger,1,0,1,6,7,14.29
November 30 2020,Cowlitz,WA,Passenger,170,124,294,72005,72299,0.41
January 31 2024,San Diego,CA,Passenger,16,7,23,1871,1894,1.21
July 31 2017,Spokane,WA,Truck,1,0,1,90736,90737,0.00
February 28 2021,Kittitas,WA,Truck,0,0,0,14695,14695,0.00
October 31 2020,Fort Bend,TX,Passenger,1,0,1,41,42,2.38
February 28 2023,Sedgwick,KS,Passenger,1,1,2,68,70,2.86
June 30 2017,Deschutes,OR,Passenger,1,0,1,203,204,0.49
June 30 2023,Meade,KY,Passenger,1,0,1,19,20,5.00
November 30 2019,King,WA,Passenger,21595,7456,29051,1394979,1424030,2.04
August 31 2017,Pierce,WA,Passenger,999,866,1865,524800,526665,0.35
May 31 2017,Whitman,WA,Passenger,10,20,30,21982,22012,0.14
March 31 2021,Jefferson,WA,Passenger,302,174,476,24820,25296,1.88
December 31 2020,Skagit,WA,Truck,1,0,1,32770,32771,0.00
July 31 2019,Tarrant,TX,Passenger,3,0,3,203,206,1.46
January 31 2023,Beaufort,SC,Passenger,1,0,1,29,30,3.33
May 31 2023,Collier,FL,Passenger,1,0,1,17,18,5.56
February 29 2024,Cumberland,PA,Passenger,1,1,2,32,34,5.88
March 31 2021,Thurston,WA,Truck,0,0,0,56501,56501,0.00
June 30 2019,Skagit,WA,Passenger,298,200,498,91934,92432,0.54
April 30 2018,Ferry,WA,Passenger,2,3,5,4414,4419,0.11
February 28 2022,Bexar,TX,Passenger,2,4,6,517,523,1.15
July 31 2020,Douglas,NE,Passenger,0,1,1,54,55,1.82
June 30 2021,Williamson,TX,Passenger,0,2,2,119,121,1.65
April 30 2017,Spokane,WA,Truck,1,0,1,90258,90259,0.00
April 30 2020,Ada,ID,Passenger,0,1,1,295,296,0.34
October 31 2023,Nueces,TX,Passenger,1,1,2,49,51,3.92
October 31 2019,Cascade,MT,Passenger,0,1,1,62,63,1.59
May 31 2019,Guadalupe,TX,Passenger,1,0,1,80,81,1.23
May 31 2020,Bartow,GA,Passenger,0,1,1,5,6,16.67
November 30 2018,Whatcom,WA,Passenger,731,354,1085,149097,150182,0.72
February 28 2022,Clallam,WA,Passenger,394,243,637,50121,50758,1.25
December 31 2017,Kittitas,WA,Passenger,36,26,62,28443,28505,0.22
June 30 2021,,,Passenger,4,2,6,352,358,1.68
June 30 2018,Lincoln,WA,Truck,0,0,0,4558,4558,0.00
April 30 2018,Monterey,CA,Passenger,0,1,1,189,190,0.53
April 30 2022,Plaquemines,LA,Passenger,1,1,2,19,21,9.52
April 30 2019,San Juan,PR,Passenger,0,1,1,3,4,25.00
June 30 2018,Camden,NJ,Passenger,0,1,1,33,34,2.94
November 30 2019,Shasta,CA,Passenger,1,0,1,40,41,2.44
January 31 2023,Grant,WA,Passenger,231,113,344,66841,67185,0.51
August 31 2018,San Diego,CA,Passenger,8,2,10,2576,2586,0.39
September 30 2020,Thurston,WA,Truck,0,0,0,56115,56115,0.00
April 30 2018,Honolulu,HI,Passenger,2,2,4,542,546,0.73
December 31 2020,Stafford,VA,Passenger,2,1,3,101,104,2.88
May 31 2018,Benton,WA,Truck,0,0,0,40986,40986,0.00
June 30 2020,San Juan,WA,Truck,0,0,0,5852,5852,0.00
May 31 2023,Marion,OR,Passenger,1,0,1,70,71,1.41
July 31 2023,Anchorage,AK,Passenger,1,0,1,99,100,1.00
February 28 2022,Mason,WA,Truck,0,0,0,21154,21154,0.00
September 30 2021,,,Passenger,4,2,6,343,349,1.72
September 30 2018,Guadalupe,TX,Passenger,1,0,1,85,86,1.16
August 31 2022,Palm Beach,FL,Passenger,0,1,1,57,58,1.72
June 30 2018,Eagle,CO,Passenger,1,0,1,6,7,14.29
October 31 2023,Gwinnett,GA,Passenger,1,0,1,37,38,2.63
January 31 2024,Parker,TX,Passenger,0,1,1,13,14,7.14
November 30 2023,Honolulu,HI,Passenger,4,2,6,247,253,2.37
January 31 2019,Mason,WA,Truck,0,0,0,20214,20214,0.00
March 31 2022,Asotin,WA,Truck,0,0,0,6748,6748,0.00
June 30 2021,DuPage,IL,Passenger,3,1,4,54,58,6.90
March 31 2018,Orange,CA,Passenger,3,1,4,589,593,0.67
July 31 2020,Virginia Beach,VA,Passenger,1,0,1,668,669,0.15
August 31 2022,San Francisco,CA,Passenger,1,0,1,85,86,1.16
February 28 2023,District of Columbia,DC,Passenger,2,0,2,156,158,1.27
January 31 2019,Snohomish,WA,Truck,1,0,1,121985,121986,0.00
October 31 2020,Walla Walla,WA,Truck,0,0,0,13796,13796,0.00
October 31 2020,Garfield,WA,Passenger,0,1,1,1352,1353,0.07
July 31 2017,Jackson,MO,Passenger,1,0,1,59,60,1.67
April 30 2020,Middlesex,MA,Passenger,1,0,1,98,99,1.01
August 31 2021,Montgomery,OH,Passenger,0,1,1,56,57,1.75
December 31 2023,Cowlitz,WA,Passenger,594,249,843,69550,70393,1.20
January 31 2017,Los Angeles,CA,Passenger,2,1,3,1489,1492,0.20
June 30 2023,Prince George's,MD,Passenger,3,1,4,119,123,3.25
June 30 2017,Canyon,ID,Passenger,0,1,1,102,103,0.97
December 31 2022,Eau Claire,WI,Passenger,1,0,1,1,2,50.00
September 30 2020,Powhatan,VA,Passenger,1,0,1,1,2,50.00
August 31 2023,Okanogan,WA,Truck,7,0,7,16398,16405,0.04
November 30 2018,New Haven,CT,Passenger,0,1,1,47,48,2.08
March 31 2021,New Haven,CT,Passenger,0,2,2,35,37,5.41
January 31 2023,Klickitat,WA,Passenger,126,53,179,15139,15318,1.17
August 31 2022,Los Angeles,CA,Passenger,5,7,12,803,815,1.47
April 30 2022,Gwinnett,GA,Passenger,1,0,1,54,55,1.82
August 31 2018,St. Lucie,FL,Passenger,1,0,1,29,30,3.33
May 31 2022,Snohomish,WA,Truck,6,0,6,124047,124053,0.00
July 31 2023,Fairfax,VA,Passenger,7,3,10,572,582,1.72
November 30 2023,Leavenworth,KS,Passenger,0,1,1,79,80,1.25
June 30 2020,Sarasota,FL,Passenger,2,0,2,36,38,5.26
September 30 2018,Clay,FL,Passenger,0,1,1,93,94,1.06
September 30 2020,Fairfax,VA,Passenger,5,3,8,746,754,1.06
February 28 2017,DeKalb,GA,Passenger,1,0,1,85,86,1.16
October 31 2023,Lane,OR,Passenger,0,2,2,59,61,3.28
December 31 2021,Boone,MO,Passenger,0,1,1,11,12,8.33
February 29 2020,Wilson,TX,Passenger,0,1,1,8,9,11.11
June 30 2021,Sevier,AR,Passenger,0,1,1,0,1,100.00
July 31 2019,Wahkiakum,WA,Passenger,2,2,4,3006,3010,0.13
May 31 2020,Okanogan,WA,Truck,0,0,0,16385,16385,0.00
February 29 2020,Tarrant,TX,Passenger,3,0,3,189,192,1.56
April 30 2022,York,VA,Passenger,1,0,1,89,90,1.11
December 31 2022,Contra Costa,CA,Passenger,0,3,3,205,208,1.44
March 31 2019,Charleston,SC,Passenger,1,0,1,125,126,0.79
May 31 2022,Carroll,MD,Passenger,0,1,1,15,16,6.25
February 28 2023,Eau Claire,WI,Passenger,1,0,1,1,2,50.00
February 28 2021,Island,WA,Passenger,546,296,842,62775,63617,1.32
March 31 2017,Okanogan,WA,Truck,0,0,0,16302,16302,0.00
April 30 2021,El Paso,TX,Passenger,3,0,3,396,399,0.75
March 31 2019,Kootenai,ID,Passenger,1,2,3,212,215,1.40
May 31 2020,Hennepin,MN,Passenger,3,0,3,95,98,3.06
September 30 2017,New Haven,CT,Passenger,0,1,1,55,56,1.79
January 31 2022,Randolph,NC,Passenger,1,0,1,6,7,14.29
May 31 2023,Williamsburg,VA,Passenger,0,1,1,5,6,16.67
April 30 2023,El Paso,TX,Passenger,3,0,3,305,308,0.97
August 31 2017,Clark,NV,Passenger,2,2,4,804,808,0.50
September 30 2017,Los Angeles,CA,Passenger,4,2,6,1263,1269,0.47
August 31 2018,Fulton,GA,Passenger,1,3,4,109,113,3.54
September 30 2017,DeKalb,IN,Passenger,1,0,1,1,2,50.00
December 31 2021,Williams,ND,Passenger,0,1,1,8,9,11.11
November 30 2023,Stafford,VA,Passenger,3,0,3,73,76,3.95
June 30 2022,Hamilton,OH,Passenger,1,0,1,34,35,2.86
April 30 2018,Madison,ID,Passenger,1,0,1,37,38,2.63
June 30 2018,San Juan,WA,Passenger,145,61,206,14061,14267,1.44
November 30 2023,Charles,MD,Passenger,1,1,2,50,52,3.85
October 31 2023,Maricopa,AZ,Passenger,9,3,12,625,637,1.88
November 30 2020,Frederick,MD,Passenger,1,1,2,71,73,2.74
July 31 2020,Dallas,IA,Passenger,0,1,1,10,11,9.09
January 31 2023,Collier,FL,Passenger,1,0,1,18,19,5.26
June 30 2022,Carroll,NH,Passenger,0,1,1,5,6,16.67
March 31 2020,Lake,FL,Passenger,1,0,1,24,25,4.00
April 30 2023,Kittitas,WA,Passenger,330,96,426,29458,29884,1.43
April 30 2019,Garfield,WA,Passenger,1,1,2,1297,1299,0.15
October 31 2021,Pend Oreille,WA,Truck,0,0,0,5682,5682,0.00
January 31 2024,Clark,WA,Truck,155,0,155,80153,80308,0.19
November 30 2021,,,Passenger,5,2,7,331,338,2.07
May 31 2018,Morris,NJ,Passenger,1,0,1,18,19,5.26
July 31 2022,Santa Clara,CA,Passenger,13,2,15,253,268,5.60
April 30 2024,Loudoun,VA,Passenger,2,1,3,48,51,5.88
January 31 2022,Williamson,TX,Passenger,1,2,3,101,104,2.88
May 31 2022,Alexandria,VA,Passenger,4,0,4,107,111,3.60
April 30 2022,Hamilton,OH,Passenger,1,0,1,35,36,2.78
November 30 2023,Rockdale,GA,Passenger,1,0,1,5,6,16.67
October 31 2018,Lewis,WA,Truck,0,0,0,25615,25615,0.00
April 30 2018,Orleans,LA,Passenger,0,1,1,48,49,2.04
September 30 2020,Collin,TX,Passenger,2,1,3,135,138,2.17
August 31 2018,San Mateo,CA,Passenger,1,1,2,137,139,1.44
September 30 2023,Garfield,WA,Truck,0,0,0,977,977,0.00
November 30 2022,Richland,SC,Passenger,0,1,1,126,127,0.79
December 31 2019,Riverside,CA,Passenger,4,1,5,647,652,0.77
July 31 2018,Clay,FL,Passenger,0,1,1,94,95,1.05
October 31 2018,Mecklenburg,NC,Passenger,1,0,1,82,83,1.20
May 31 2022,Montgomery,MD,Passenger,4,2,6,207,213,2.82
June 30 2021,Thurston,WA,Truck,0,0,0,56529,56529,0.00
February 28 2019,Santa Fe,NM,Passenger,0,1,1,42,43,2.33
October 31 2023,Orange,FL,Passenger,1,0,1,50,51,1.96
June 30 2018,Nueces,TX,Passenger,1,1,2,87,89,2.25
March 31 2017,Deschutes,OR,Passenger,1,0,1,208,209,0.48
November 30 2021,Hudson,NJ,Passenger,1,0,1,43,44,2.27
September 30 2021,Duval,FL,Passenger,0,2,2,341,343,0.58
February 28 2018,Skamania,WA,Truck,0,0,0,3921,3921,0.00
July 31 2022,Douglas,NE,Passenger,1,2,3,43,46,6.52
July 31 2021,Montgomery,PA,Passenger,1,0,1,25,26,3.85
October 31 2018,Mason,WA,Passenger,101,106,207,46345,46552,0.44
July 31 2019,DuPage,IL,Passenger,3,0,3,60,63,4.76
September 30 2017,Pima,AZ,Passenger,1,1,2,437,439,0.46
June 30 2020,Hillsborough,FL,Passenger,0,1,1,185,186,0.54
February 29 2024,Rockdale,GA,Passenger,1,0,1,5,6,16.67
July 31 2019,Monroe,IL,Passenger,1,0,1,4,5,20.00
August 31 2023,Hamilton,OH,Truck,1,0,1,4,5,20.00
August 31 2023,King,WA,Passenger,62518,15409,77927,1322556,1400483,5.56
March 31 2023,Nueces,TX,Passenger,0,1,1,52,53,1.89
July 31 2022,Allegheny,PA,Passenger,2,1,3,66,69,4.35
January 31 2022,Frederick,MD,Passenger,1,1,2,71,73,2.74
May 31 2023,District of Columbia,DC,Passenger,3,0,3,153,156,1.92
June 30 2022,Ray,MO,Passenger,0,1,1,1,2,50.00
February 29 2020,Cowlitz,WA,Passenger,128,111,239,73451,73690,0.32
July 31 2019,Douglas,WA,Passenger,60,37,97,28074,28171,0.34
November 30 2021,Kittitas,WA,Truck,0,0,0,14808,14808,0.00
March 31 2020,Kitsap,WA,Truck,1,0,1,54202,54203,0.00
August 31 2021,Wichita,TX,Passenger,1,0,1,44,45,2.22
September 30 2018,Charleston,SC,Passenger,1,0,1,131,132,0.76
March 31 2022,Middlesex,MA,Passenger,1,0,1,94,95,1.05
January 31 2022,San Juan,WA,Passenger,482,151,633,14163,14796,4.28
January 31 2022,Pacific,WA,Passenger,55,63,118,16043,16161,0.73
November 30 2019,Stafford,VA,Passenger,1,1,2,100,102,1.96
August 31 2021,Virginia Beach,VA,Passenger,1,0,1,609,610,0.16
January 31 2018,Skamania,WA,Truck,0,0,0,3901,3901,0.00
February 28 2021,Newport,RI,Passenger,0,1,1,81,82,1.22
March 31 2024,Dallas,TX,Passenger,1,0,1,58,59,1.69
June 30 2017,Snohomish,WA,Passenger,1794,902,2696,513114,515810,0.52
March 31 2024,San Mateo,CA,Passenger,2,0,2,49,51,3.92
April 30 2024,Harford,MD,Passenger,2,1,3,40,43,6.98
November 30 2023,Stevens,WA,Passenger,137,76,213,29505,29718,0.72
May 31 2018,Norfolk,VA,Passenger,1,2,3,330,333,0.90
December 31 2022,Kern,CA,Passenger,1,1,2,201,203,0.99
August 31 2023,Sacramento,CA,Passenger,3,1,4,155,159,2.52
April 30 2020,Tarrant,TX,Passenger,2,0,2,185,187,1.07
March 31 2023,Lake,IL,Passenger,1,0,1,129,130,0.77
September 30 2023,Sarpy,NE,Passenger,1,0,1,55,56,1.79
March 31 2020,Yakima,WA,Truck,0,0,0,59584,59584,0.00
July 31 2018,Collin,TX,Passenger,1,0,1,171,172,0.58
September 30 2019,Fairbanks North Star,AK,Passenger,0,1,1,98,99,1.01
August 31 2018,Larimer,CO,Passenger,1,0,1,65,66,1.52
August 31 2018,Polk,FL,Passenger,1,0,1,67,68,1.47
February 28 2022,Hamilton,IN,Passenger,2,0,2,26,28,7.14
February 29 2024,Stafford,VA,Passenger,3,0,3,69,72,4.17
July 31 2023,Yakima,WA,Passenger,516,261,777,166127,166904,0.47
February 28 2022,Travis,TX,Passenger,3,0,3,135,138,2.17
May 31 2022,Douglas,CO,Passenger,0,1,1,84,85,1.18
November 30 2021,Hennepin,MN,Passenger,3,0,3,74,77,3.90
November 30 2022,Island,WA,Passenger,919,393,1312,61286,62598,2.10
February 28 2022,Providence,RI,Passenger,1,0,1,24,25,4.00
December 31 2023,Sacramento,CA,Truck,1,0,1,29,30,3.33
May 31 2017,Santa Rosa,FL,Passenger,1,0,1,113,114,0.88
July 31 2023,Sarasota,FL,Passenger,1,0,1,28,29,3.45
September 30 2021,Saratoga,NY,Passenger,1,0,1,43,44,2.27
March 31 2020,Clackamas,OR,Passenger,2,1,3,213,216,1.39
June 30 2018,Collin,TX,Passenger,1,0,1,169,170,0.59
November 30 2022,Williamson,TX,Passenger,0,2,2,71,73,2.74
August 31 2023,Grays Harbor,WA,Truck,9,0,9,20900,20909,0.04
October 31 2022,Montgomery,PA,Passenger,1,0,1,24,25,4.00
July 31 2023,Stevens,WA,Truck,2,0,2,18716,18718,0.01
February 28 2022,Flathead,MT,Passenger,1,0,1,47,48,2.08
April 30 2017,Utah,UT,Passenger,0,1,1,172,173,0.58
April 30 2023,Yavapai,AZ,Passenger,0,1,1,20,21,4.76
June 30 2018,Multnomah,OR,Passenger,3,4,7,810,817,0.86
November 30 2018,Duval,FL,Passenger,1,2,3,384,387,0.78
October 31 2020,Pend Oreille,WA,Truck,0,0,0,5716,5716,0.00
December 31 2022,Maui,HI,Passenger,1,0,1,28,29,3.45
December 31 2023,Hawaii,HI,Passenger,1,0,1,27,28,3.57
November 30 2022,Adams,CO,Passenger,1,0,1,32,33,3.03
September 30 2020,Oldham,KY,Passenger,0,1,1,4,5,20.00
December 31 2019,Santa Cruz,CA,Passenger,1,0,1,39,40,2.50
July 31 2021,Pinellas,FL,Passenger,0,1,1,99,100,1.00
October 31 2021,Palm Beach,FL,Passenger,0,1,1,68,69,1.45
May 31 2017,Benton,WA,Passenger,146,142,288,128269,128557,0.22
September 30 2019,Walla Walla,WA,Passenger,59,63,122,36247,36369,0.34
November 30 2022,Broward,FL,Passenger,1,0,1,73,74,1.35
April 30 2018,Latah,ID,Passenger,0,1,1,82,83,1.20
October 31 2020,Sumter,FL,Passenger,0,1,1,10,11,9.09
November 30 2017,Dakota,MN,Passenger,0,2,2,38,40,5.00
December 31 2021,Grant,WA,Truck,0,0,0,27985,27985,0.00
March 31 2023,Los Angeles,CA,Passenger,5,5,10,718,728,1.37
December 31 2017,Orange,CA,Passenger,3,1,4,594,598,0.67
April 30 2023,Newport News,VA,Passenger,1,0,1,104,105,0.95
February 28 2023,Salt Lake,UT,Passenger,1,1,2,127,129,1.55
December 31 2022,St. Clair,IL,Passenger,1,0,1,111,112,0.89
October 31 2022,Williamson,TX,Passenger,0,2,2,74,76,2.63
June 30 2022,Richmond,NY,Passenger,1,0,1,4,5,20.00
June 30 2022,New York,NY,Passenger,1,0,1,43,44,2.27
November 30 2022,Whatcom,WA,Truck,21,0,21,43059,43080,0.05
July 31 2017,Clark,WA,Truck,0,0,0,77724,77724,0.00
November 30 2021,Stafford,VA,Passenger,2,1,3,103,106,2.83
July 31 2022,Prince William,VA,Passenger,1,3,4,196,200,2.00
October 31 2019,Lake,CA,Passenger,0,1,1,11,12,8.33
January 31 2023,Santa Clara,CA,Passenger,12,4,16,216,232,6.90
October 31 2023,Harrison,MS,Passenger,1,0,1,30,31,3.23
October 31 2018,Kitsap,WA,Truck,1,0,1,53619,53620,0.00
July 31 2022,Cook,IL,Passenger,2,0,2,201,203,0.99
October 31 2020,Alameda,CA,Passenger,2,0,2,270,272,0.74
May 31 2019,Volusia,FL,Passenger,0,1,1,41,42,2.38
October 31 2020,Saginaw,MI,Passenger,1,0,1,11,12,8.33
April 30 2017,Carroll,NH,Passenger,0,1,1,0,1,100.00
December 31 2017,Thurston,WA,Truck,0,0,0,53755,53755,0.00
June 30 2018,Lincoln,WA,Passenger,2,6,8,7685,7693,0.10
October 31 2017,Manassas,VA,Passenger,0,1,1,9,10,10.00
July 31 2022,Las Animas,CO,Passenger,1,0,1,1,2,50.00
June 30 2023,Eagle,CO,Passenger,1,0,1,6,7,14.29
January 31 2024,Williamsburg,VA,Passenger,0,1,1,4,5,20.00
February 28 2022,Stevens,WA,Truck,0,0,0,18959,18959,0.00
August 31 2020,DeKalb,IN,Passenger,1,0,1,1,2,50.00
September 30 2017,Spokane,WA,Truck,1,0,1,91160,91161,0.00
February 29 2020,Okanogan,WA,Passenger,34,31,65,26111,26176,0.25
May 31 2018,Moore,NC,Passenger,0,1,1,194,195,0.51
September 30 2020,Sacramento,CA,Passenger,1,1,2,274,276,0.72
April 30 2017,Asotin,WA,Passenger,6,2,8,12337,12345,0.06
June 30 2020,Denver,CO,Passenger,1,0,1,121,122,0.82
February 28 2018,Pend Oreille,WA,Passenger,4,3,7,9419,9426,0.07
April 30 2022,Williamson,TX,Passenger,1,2,3,93,96,3.12
October 31 2021,Kitsap,WA,Truck,0,0,0,54182,54182,0.00
April 30 2021,Wahkiakum,WA,Truck,0,0,0,1805,1805,0.00
May 31 2018,Prince George,VA,Passenger,0,1,1,70,71,1.41
December 31 2019,Penobscot,ME,Passenger,0,1,1,14,15,6.67
February 28 2021,Putnam,TN,Passenger,0,1,1,3,4,25.00
June 30 2020,DeKalb,IN,Passenger,1,0,1,1,2,50.00
May 31 2020,Lincoln,WA,Truck,0,0,0,4615,4615,0.00
March 31 2021,Williamson,TX,Passenger,0,2,2,127,129,1.55
February 28 2022,Clallam,WA,Truck,1,0,1,22085,22086,0.00
July 31 2022,Walla Walla,WA,Truck,1,0,1,13913,13914,0.01
July 31 2018,Clark,WA,Passenger,1042,744,1786,308610,310396,0.58
June 30 2017,Norfolk,MA,Passenger,1,0,1,40,41,2.44
July 31 2022,Yakima,WA,Truck,1,0,1,61309,61310,0.00
January 31 2023,Walla Walla,WA,Truck,3,0,3,13871,13874,0.02
June 30 2021,St. Louis,MO,Passenger,1,0,1,87,88,1.14
February 28 2017,Clark,WA,Passenger,695,434,1129,297910,299039,0.38
November 30 2017,Spokane,WA,Truck,1,0,1,91407,91408,0.00
October 31 2023,Kittitas,WA,Truck,12,0,12,14588,14600,0.08
September 30 2019,Chesapeake,VA,Passenger,0,1,1,453,454,0.22
September 30 2019,Sedgwick,KS,Passenger,1,1,2,102,104,1.92
September 30 2021,Sedgwick,KS,Passenger,1,1,2,85,87,2.30
July 31 2019,Norfolk,MA,Passenger,1,0,1,40,41,2.44
February 28 2018,Los Angeles,CA,Passenger,4,3,7,1220,1227,0.57
March 31 2017,Wahkiakum,WA,Passenger,0,2,2,2849,2851,0.07
August 31 2018,Essex,NJ,Passenger,1,0,1,13,14,7.14
November 30 2021,Salt Lake,UT,Passenger,0,1,1,178,179,0.56
August 31 2023,Harford,MD,Passenger,1,1,2,41,43,4.65
April 30 2021,Ventura,CA,Passenger,1,2,3,281,284,1.06
November 30 2021,Vigo,IN,Passenger,1,0,1,5,6,16.67
February 28 2017,Spokane,WA,Passenger,226,196,422,294986,295408,0.14
September 30 2021,Thurston,WA,Truck,0,0,0,56283,56283,0.00
March 31 2018,Santa Fe,NM,Passenger,0,1,1,41,42,2.38
April 30 2022,Rogers,OK,Passenger,1,0,1,3,4,25.00
November 30 2021,Washington,MD,Passenger,2,0,2,12,14,14.29
May 31 2021,Jones,GA,Passenger,1,0,1,1,2,50.00
May 31 2017,DeKalb,IN,Passenger,1,0,1,1,2,50.00
April 30 2019,Whitman,WA,Passenger,29,45,74,22699,22773,0.32
March 31 2021,Charleston,SC,Passenger,2,0,2,91,93,2.15
March 31 2019,Owyhee,ID,Passenger,1,0,1,5,6,16.67
March 31 2020,Clark,WA,Truck,0,0,0,82025,82025,0.00
February 28 2018,Spokane,WA,Truck,1,0,1,91708,91709,0.00
July 31 2022,Skagit,WA,Passenger,812,345,1157,89740,90897,1.27
March 31 2022,San Juan,WA,Passenger,492,152,644,14118,14762,4.36
October 31 2017,Tarrant,TX,Passenger,1,0,1,227,228,0.44
September 30 2023,Brown,WI,Passenger,1,0,1,6,7,14.29
December 31 2020,Whitman,WA,Passenger,51,44,95,21886,21981,0.43
October 31 2019,Virginia Beach,VA,Passenger,1,0,1,696,697,0.14
April 30 2020,Alexandria,VA,Passenger,1,0,1,137,138,0.72
December 31 2019,Calvert,MD,Passenger,0,2,2,90,92,2.17
October 31 2022,Geary,KS,Passenger,1,0,1,77,78,1.28
September 30 2023,Yolo,CA,Passenger,1,0,1,20,21,4.76
September 30 2022,Cowlitz,WA,Truck,3,0,3,28437,28440,0.01
July 31 2019,Clark,NV,Passenger,5,2,7,704,711,0.98
January 31 2020,Jefferson,CO,Passenger,0,2,2,55,57,3.51
January 31 2020,Dakota,MN,Passenger,0,1,1,31,32,3.12
December 31 2017,Montgomery,PA,Passenger,1,0,1,39,40,2.50
May 31 2020,Manassas,VA,Passenger,0,1,1,5,6,16.67
January 31 2020,Whitman,WA,Passenger,42,48,90,22650,22740,0.40
September 30 2017,Grant,WA,Passenger,20,33,53,61453,61506,0.09
July 31 2023,El Paso,CO,Passenger,3,1,4,498,502,0.80
September 30 2019,District of Columbia,DC,Passenger,1,1,2,206,208,0.96
June 30 2021,Chelan,WA,Truck,0,0,0,23113,23113,0.00
September 30 2020,Walla Walla,WA,Truck,0,0,0,13789,13789,0.00
July 31 2023,Hardin,KY,Passenger,1,0,1,57,58,1.72
March 31 2021,Anchorage,AK,Passenger,1,0,1,150,151,0.66
October 31 2019,Santa Cruz,CA,Passenger,1,0,1,39,40,2.50
November 30 2023,Washtenaw,MI,Passenger,0,2,2,16,18,11.11
January 31 2019,Eagle,CO,Passenger,1,0,1,5,6,16.67
November 30 2022,Kootenai,ID,Passenger,0,1,1,147,148,0.68
February 28 2017,Skamania,WA,Truck,0,0,0,3888,3888,0.00
February 28 2017,Collin,TX,Passenger,0,1,1,152,153,0.65
August 31 2019,Wahkiakum,WA,Truck,0,0,0,1762,1762,0.00
December 31 2018,Ramsey,MN,Passenger,1,0,1,41,42,2.38
June 30 2021,Frederick,MD,Passenger,1,1,2,67,69,2.90
April 30 2024,Carroll,MD,Passenger,0,1,1,10,11,9.09
March 31 2019,Snohomish,WA,Passenger,3195,1519,4714,527861,532575,0.89
September 30 2017,Lewis,WA,Passenger,53,40,93,56021,56114,0.17
April 30 2022,Tarrant,TX,Passenger,3,0,3,137,140,2.14
January 31 2021,Nassau,NY,Passenger,4,0,4,34,38,10.53
August 31 2022,Garfield,WA,Truck,0,0,0,973,973,0.00
July 31 2023,Boulder,CO,Passenger,2,0,2,33,35,5.71
June 30 2019,King,WA,Truck,5,1,6,182037,182043,0.00
December 31 2017,Riverside,CA,Passenger,1,2,3,743,746,0.40
March 31 2019,Santa Fe,NM,Passenger,0,1,1,40,41,2.44
December 31 2023,DeKalb,GA,Passenger,2,0,2,32,34,5.88
September 30 2018,Chelan,WA,Truck,0,0,0,22024,22024,0.00
January 31 2022,Pacific,WA,Truck,0,0,0,8020,8020,0.00
May 31 2017,District of Columbia,DC,Passenger,0,3,3,219,222,1.35
December 31 2021,Klamath,OR,Passenger,1,0,1,31,32,3.12
December 31 2021,Dorchester,SC,Passenger,1,0,1,74,75,1.33
September 30 2018,DeKalb,GA,Passenger,1,0,1,80,81,1.23
May 31 2018,Dakota,MN,Passenger,0,2,2,38,40,5.00
February 28 2017,Yakima,WA,Passenger,36,50,86,159117,159203,0.05
February 28 2021,Pend Oreille,WA,Passenger,12,4,16,9188,9204,0.17
July 31 2022,Ray,MO,Passenger,0,1,1,1,2,50.00
June 30 2019,Adams,WA,Passenger,5,6,11,12752,12763,0.09
October 31 2018,Mason,WA,Truck,0,0,0,20166,20166,0.00
February 28 2021,Riverside,CA,Passenger,4,1,5,599,604,0.83
February 28 2022,Miami-Dade,FL,Passenger,1,0,1,93,94,1.06
September 30 2021,Hudson,NJ,Passenger,1,0,1,43,44,2.27
July 31 2022,Ulster,NY,Passenger,1,0,1,12,13,7.69
September 30 2017,Kitsap,WA,Truck,1,0,1,52605,52606,0.00
August 31 2021,Snohomish,WA,Truck,1,0,1,125968,125969,0.00
June 30 2020,Kittitas,WA,Passenger,99,47,146,29802,29948,0.49
July 31 2021,Clackamas,OR,Passenger,2,0,2,182,184,1.09
December 31 2021,Shelby,OH,Passenger,0,1,1,3,4,25.00
December 31 2017,Franklin,WA,Passenger,30,50,80,56858,56938,0.14
February 28 2019,Adams,WA,Truck,0,0,0,5107,5107,0.00
March 31 2024,Collin,TX,Passenger,2,0,2,33,35,5.71
June 30 2022,Chesapeake,VA,Passenger,2,2,4,363,367,1.09
June 30 2021,DeKalb,GA,Passenger,1,0,1,61,62,1.61
February 28 2023,Beaufort,SC,Passenger,1,0,1,30,31,3.23
March 31 2023,Hillsborough,FL,Passenger,1,2,3,122,125,2.40
July 31 2023,Harford,MD,Passenger,1,1,2,40,42,4.76
February 28 2023,Lincoln,WA,Truck,0,0,0,4839,4839,0.00
April 30 2021,Howard,MD,Passenger,0,1,1,72,73,1.37
January 31 2019,Frederick,MD,Passenger,0,1,1,80,81,1.23
April 30 2024,Sarasota,FL,Passenger,1,0,1,19,20,5.00
February 29 2020,Owyhee,ID,Passenger,1,0,1,3,4,25.00
July 31 2017,Ferry,WA,Truck,0,0,0,3528,3528,0.00
March 31 2020,Oklahoma,OK,Passenger,0,1,1,135,136,0.74
August 31 2020,Klamath,OR,Passenger,1,0,1,34,35,2.86
December 31 2023,Las Animas,CO,Passenger,1,0,1,0,1,100.00
January 31 2019,Pacific,WA,Truck,0,0,0,7611,7611,0.00
May 31 2017,Juneau,AK,Passenger,0,1,1,50,51,1.96
November 30 2021,Collin,TX,Passenger,2,0,2,120,122,1.64
May 31 2021,Nueces,TX,Passenger,1,0,1,80,81,1.23
May 31 2017,Salt Lake,UT,Passenger,0,1,1,277,278,0.36
July 31 2022,St. Clair,IL,Passenger,1,0,1,118,119,0.84
July 31 2021,Fairbanks North Star,AK,Passenger,0,1,1,89,90,1.11
June 30 2023,Santa Clara,CA,Passenger,11,3,14,194,208,6.73
April 30 2017,Lane,OR,Passenger,0,1,1,250,251,0.40
August 31 2022,Sonoma,CA,Passenger,1,1,2,86,88,2.27
January 31 2019,Hennepin,MN,Passenger,2,0,2,106,108,1.85
December 31 2020,Maui,HI,Passenger,2,0,2,31,33,6.06
March 31 2023,Eau Claire,WI,Passenger,1,0,1,1,2,50.00
July 31 2020,Cowlitz,WA,Truck,0,0,0,28872,28872,0.00
October 31 2022,Alexandria,VA,Passenger,4,0,4,101,105,3.81
May 31 2022,Prince George's,MD,Passenger,2,1,3,137,140,2.14
February 28 2022,Charleston,SC,Passenger,2,1,3,76,79,3.80
November 30 2021,Skagit,WA,Truck,1,0,1,32784,32785,0.00
May 31 2018,Clark,NV,Passenger,2,2,4,756,760,0.53
November 30 2022,Middlesex,MA,Passenger,2,0,2,81,83,2.41
March 31 2021,Spartanburg,SC,Passenger,0,1,1,54,55,1.82
October 31 2019,Klickitat,WA,Passenger,43,37,80,15661,15741,0.51
May 31 2019,San Francisco,CA,Passenger,2,1,3,111,114,2.63
July 31 2019,Goochland,VA,Passenger,1,1,2,265,267,0.75
March 31 2019,Okanogan,WA,Truck,0,0,0,16438,16438,0.00
January 31 2017,Dale,AL,Passenger,0,1,1,66,67,1.49
September 30 2017,Twin Falls,ID,Passenger,0,1,1,23,24,4.17
October 31 2019,Saginaw,MI,Passenger,1,0,1,12,13,7.69
February 28 2021,Okanogan,WA,Truck,0,0,0,16619,16619,0.00
April 30 2019,Charles,MD,Passenger,0,1,1,87,88,1.14
January 31 2019,Manatee,FL,Passenger,1,0,1,37,38,2.63
May 31 2018,Hamilton,IN,Passenger,1,0,1,46,47,2.13
May 31 2019,Wilson,TX,Passenger,0,1,1,7,8,12.50
December 31 2021,Allegheny,PA,Passenger,2,1,3,69,72,4.17
April 30 2020,Mason,WA,Passenger,155,133,288,47198,47486,0.61
October 31 2021,Multnomah,OR,Passenger,2,6,8,659,667,1.20
August 31 2019,Suffolk,MA,Passenger,0,1,1,38,39,2.56
July 31 2020,King,WA,Truck,7,1,8,182909,182917,0.00
July 31 2018,Island,WA,Truck,0,0,0,20983,20983,0.00
December 31 2018,Pacific,WA,Truck,0,0,0,7609,7609,0.00
June 30 2018,Maricopa,AZ,Passenger,2,2,4,1642,1646,0.24
January 31 2019,Duval,FL,Passenger,1,2,3,386,389,0.77
April 30 2021,Santa Clara,CA,Passenger,9,2,11,288,299,3.68
May 31 2017,Bergen,NJ,Passenger,0,2,2,32,34,5.88
January 31 2019,Fairfax,VA,Passenger,4,2,6,808,814,0.74
February 28 2018,El Paso,TX,Passenger,1,0,1,523,524,0.19
April 30 2023,Riverside,CA,Passenger,6,1,7,414,421,1.66
January 31 2023,Orange,CA,Passenger,10,3,13,360,373,3.49
June 30 2019,DuPage,IL,Passenger,2,0,2,64,66,3.03
November 30 2018,Hardin,KY,Passenger,0,1,1,107,108,0.93
October 31 2021,Lane,OR,Passenger,0,2,2,123,125,1.60
November 30 2020,Kitsap,WA,Passenger,1520,736,2256,179672,181928,1.24
April 30 2018,Mason,WA,Truck,0,0,0,19801,19801,0.00
May 31 2018,Palm Beach,FL,Passenger,0,2,2,84,86,2.33
January 31 2024,Saratoga,NY,Passenger,1,1,2,27,29,6.90
January 31 2020,Boulder,CO,Passenger,1,1,2,54,56,3.57
January 31 2022,Charleston,SC,Passenger,2,1,3,77,80,3.75
July 31 2022,Kitsap,WA,Passenger,2460,1072,3532,177789,181321,1.95
January 31 2024,San Juan,WA,Passenger,693,202,895,13536,14431,6.20
January 31 2019,Yakima,WA,Truck,0,0,0,58921,58921,0.00
November 30 2020,St. Mary's,MD,Passenger,1,0,1,216,217,0.46
November 30 2017,New Haven,CT,Passenger,0,1,1,54,55,1.82
February 28 2021,Sedgwick,KS,Passenger,1,1,2,92,94,2.13
August 31 2019,Grays Harbor,WA,Truck,0,0,0,20566,20566,0.00
October 31 2019,Cowlitz,WA,Truck,0,0,0,29017,29017,0.00
September 30 2017,Santa Fe,NM,Passenger,0,1,1,42,43,2.33
September 30 2020,Washoe,NV,Passenger,1,0,1,105,106,0.94
December 31 2023,Providence,RI,Passenger,1,0,1,16,17,5.88
July 31 2021,Howard,IN,Passenger,0,1,1,5,6,16.67
May 31 2018,Montgomery,MD,Passenger,1,0,1,290,291,0.34
October 31 2023,Skagit,WA,Truck,31,0,31,31718,31749,0.10
February 28 2023,Lee,FL,Passenger,1,0,1,32,33,3.03
December 31 2023,Charles,MD,Passenger,1,1,2,49,51,3.92
December 31 2023,Monterey,CA,Truck,1,0,1,26,27,3.70
March 31 2019,Valencia,NM,Passenger,1,0,1,11,12,8.33
July 31 2020,Pend Oreille,WA,Passenger,7,5,12,9241,9253,0.13
August 31 2019,Douglas,WA,Passenger,61,36,97,28175,28272,0.34
February 28 2019,Skamania,WA,Truck,0,0,0,3989,3989,0.00
July 31 2023,Leavenworth,KS,Passenger,0,1,1,84,85,1.18
November 30 2023,Marion,OR,Passenger,1,0,1,50,51,1.96
April 30 2024,Yuba,CA,Passenger,1,0,1,43,44,2.27
November 30 2017,Yakima,WA,Passenger,57,73,130,161605,161735,0.08
April 30 2020,Pend Oreille,WA,Passenger,8,6,14,9255,9269,0.15
August 31 2018,Adams,WA,Truck,0,0,0,5173,5173,0.00
October 31 2018,Skagit,WA,Truck,1,0,1,32332,32333,0.00
September 30 2020,Kittitas,WA,Truck,0,0,0,14602,14602,0.00
March 31 2022,Pacific,WA,Truck,0,0,0,8003,8003,0.00
June 30 2018,Orleans,LA,Passenger,0,1,1,48,49,2.04
February 28 2021,Twin Falls,ID,Passenger,0,1,1,24,25,4.00
June 30 2023,Pacific,WA,Passenger,74,92,166,15613,15779,1.05
June 30 2022,Jefferson,NY,Passenger,1,0,1,217,218,0.46
November 30 2019,Orange,CA,Passenger,7,2,9,530,539,1.67
October 31 2018,El Paso,CO,Passenger,3,1,4,768,772,0.52
May 31 2020,Fulton,GA,Passenger,1,3,4,108,112,3.57
December 31 2023,Pulaski,AR,Passenger,2,0,2,18,20,10.00
February 28 2022,Grant,WA,Passenger,142,99,241,66756,66997,0.36
January 31 2018,Franklin,OH,Passenger,0,1,1,109,110,0.91
March 31 2021,Orange,CA,Passenger,4,3,7,471,478,1.46
July 31 2019,Washtenaw,MI,Passenger,1,0,1,41,42,2.38
May 31 2021,Yakima,WA,Truck,0,0,0,61662,61662,0.00
December 31 2017,Walla Walla,WA,Truck,0,0,0,13293,13293,0.00
May 31 2022,Asotin,WA,Truck,0,0,0,6700,6700,0.00
November 30 2018,Kitsap,WA,Passenger,916,522,1438,180308,181746,0.79
July 31 2020,Garfield,WA,Truck,0,0,0,986,986,0.00
October 31 2020,Ferry,WA,Passenger,8,3,11,4352,4363,0.25
June 30 2018,Duval,FL,Passenger,1,2,3,383,386,0.78
June 30 2018,Maui,HI,Passenger,1,0,1,57,58,1.72
September 30 2023,Cache,UT,Passenger,1,0,1,10,11,9.09
April 30 2019,Pierce,WA,Passenger,1692,1485,3177,540705,543882,0.58
November 30 2017,District of Columbia,DC,Passenger,0,3,3,203,206,1.46
March 31 2018,Hardin,KY,Passenger,0,1,1,112,113,0.88
September 30 2022,Calvert,MD,Passenger,0,2,2,82,84,2.38
June 30 2021,Gwinnett,GA,Passenger,1,0,1,65,66,1.52
July 31 2023,Madison,IL,Passenger,2,0,2,16,18,11.11
June 30 2017,Franklin,MA,Passenger,0,1,1,4,5,20.00
September 30 2023,Tooele,UT,Passenger,2,0,2,8,10,20.00
June 30 2023,Spokane,WA,Passenger,2310,1093,3403,322668,326071,1.04
May 31 2020,Island,WA,Passenger,409,271,680,62733,63413,1.07
July 31 2019,Skamania,WA,Truck,0,0,0,4062,4062,0.00
August 31 2017,St. Clair,IL,Passenger,0,1,1,171,172,0.58
January 31 2019,Norfolk,MA,Passenger,1,0,1,36,37,2.70
April 30 2020,Maui,HI,Passenger,2,0,2,38,40,5.00
January 31 2024,Yolo,CA,Passenger,1,0,1,18,19,5.26
May 31 2018,Okanogan,WA,Truck,0,0,0,16410,16410,0.00
June 30 2023,Wahkiakum,WA,Passenger,26,17,43,3032,3075,1.40
January 31 2024,Bartow,GA,Passenger,0,1,1,4,5,20.00
October 31 2022,Okanogan,WA,Passenger,95,49,144,26247,26391,0.55
January 31 2021,Chelan,WA,Passenger,294,87,381,54475,54856,0.69
June 30 2020,El Paso,TX,Passenger,3,0,3,423,426,0.70
July 31 2017,Lee,AL,Passenger,1,0,1,36,37,2.70
December 31 2021,Anchorage,AK,Passenger,2,0,2,139,141,1.42
February 28 2022,Skagit,WA,Passenger,715,316,1031,90589,91620,1.13
September 30 2022,Benton,WA,Passenger,832,480,1312,135446,136758,0.96
January 31 2020,Portsmouth,VA,Passenger,0,1,1,77,78,1.28
July 31 2018,Columbia,WA,Truck,0,0,0,1530,1530,0.00
June 30 2023,Miami-Dade,FL,Passenger,1,0,1,63,64,1.56
September 30 2018,Madison,ID,Passenger,1,0,1,38,39,2.56
August 31 2023,Lincoln,OR,Passenger,0,1,1,14,15,6.67
October 31 2020,Snohomish,WA,Truck,0,0,0,125302,125302,0.00
February 28 2018,Walla Walla,WA,Truck,0,0,0,13324,13324,0.00
February 29 2024,Chelan,WA,Passenger,785,221,1006,53789,54795,1.84
October 31 2020,Ada,ID,Passenger,0,1,1,268,269,0.37
August 31 2019,Clay,FL,Passenger,0,1,1,86,87,1.15
April 30 2024,Virginia Beach,VA,Passenger,3,2,5,372,377,1.33
December 31 2018,Prince George's,MD,Passenger,1,1,2,188,190,1.05
April 30 2023,Saratoga,NY,Passenger,1,1,2,36,38,5.26
August 31 2021,Oldham,KY,Passenger,0,1,1,4,5,20.00
September 30 2020,Carroll,MD,Passenger,0,1,1,18,19,5.26
July 31 2019,Thurston,WA,Truck,0,0,0,55252,55252,0.00
July 31 2020,Pacific,WA,Truck,0,0,0,7711,7711,0.00
April 30 2020,Walla Walla,WA,Passenger,69,63,132,35990,36122,0.37
March 31 2022,Jefferson,WA,Truck,0,0,0,9544,9544,0.00
April 30 2021,Riverside,CA,Passenger,5,1,6,586,592,1.01
June 30 2019,Prince William,VA,Passenger,1,4,5,251,256,1.95
May 31 2022,Richland,SC,Passenger,0,2,2,138,140,1.43
August 31 2022,Cumberland,NC,Passenger,1,4,5,363,368,1.36
July 31 2020,Asotin,WA,Truck,0,0,0,6653,6653,0.00
October 31 2020,Spartanburg,SC,Passenger,0,1,1,53,54,1.85
October 31 2023,Brevard,FL,Passenger,1,0,1,55,56,1.79
January 31 2018,Lake,CA,Passenger,0,1,1,9,10,10.00
April 30 2020,Lake,FL,Passenger,1,0,1,23,24,4.17
October 31 2021,Manassas,VA,Passenger,0,1,1,7,8,12.50
January 31 2020,Walla Walla,WA,Passenger,65,61,126,36342,36468,0.35
December 31 2017,Klickitat,WA,Passenger,24,26,50,14902,14952,0.33
October 31 2018,Asotin,WA,Passenger,12,9,21,12709,12730,0.16
January 31 2018,Clallam,WA,Passenger,106,95,201,49286,49487,0.41
February 29 2024,Clark,NV,Passenger,7,2,9,348,357,2.52
February 29 2024,Adams,CO,Passenger,1,0,1,17,18,5.56
May 31 2022,Harford,MD,Passenger,1,1,2,49,51,3.92
November 30 2023,Middlesex,MA,Passenger,2,0,2,70,72,2.78
April 30 2022,Bexar,TX,Passenger,3,4,7,494,501,1.40
April 30 2020,Denton,TX,Passenger,1,0,1,96,97,1.03
June 30 2019,Klamath,OR,Passenger,1,0,1,40,41,2.44
April 30 2019,Grant,WA,Truck,0,0,0,26423,26423,0.00
July 31 2021,Honolulu,HI,Passenger,5,2,7,426,433,1.62
October 31 2023,Cochise,AZ,Passenger,1,0,1,54,55,1.82
August 31 2023,New York,NY,Passenger,1,0,1,33,34,2.94
November 30 2021,Klamath,OR,Passenger,1,0,1,31,32,3.12
September 30 2021,Pierce,WA,Truck,0,0,0,145329,145329,0.00
October 31 2021,Sarpy,NE,Passenger,1,0,1,71,72,1.39
September 30 2020,Rockingham,NH,Passenger,1,0,1,22,23,4.35
October 31 2017,Shelby,TN,Passenger,0,1,1,106,107,0.93
August 31 2017,DeKalb,GA,Passenger,1,0,1,88,89,1.12
February 28 2018,District of Columbia,DC,Passenger,0,3,3,191,194,1.55
April 30 2019,Sedgwick,KS,Passenger,0,1,1,105,106,0.94
January 31 2024,Frederick,MD,Passenger,2,1,3,47,50,6.00
October 31 2021,Washington,MD,Passenger,2,0,2,11,13,15.38
February 28 2021,Shelby,OH,Passenger,0,1,1,2,3,33.33
June 30 2019,Wayne,MI,Passenger,0,1,1,67,68,1.47
November 30 2017,Ventura,CA,Passenger,0,1,1,337,338,0.30
May 31 2018,Garfield,WA,Truck,0,0,0,954,954,0.00
December 31 2021,Oldham,KY,Passenger,0,1,1,4,5,20.00
October 31 2021,Yakima,WA,Truck,0,0,0,61652,61652,0.00
January 31 2019,Ferry,WA,Truck,0,0,0,3590,3590,0.00
January 31 2022,Saratoga,NY,Passenger,1,0,1,40,41,2.44
January 31 2019,San Mateo,CA,Passenger,2,1,3,132,135,2.22
May 31 2023,Solano,CA,Passenger,5,0,5,145,150,3.33
February 28 2019,Prince William,VA,Passenger,0,5,5,256,261,1.92
December 31 2019,Shelby,OH,Passenger,0,1,1,2,3,33.33
February 29 2024,Wahkiakum,WA,Passenger,34,23,57,3041,3098,1.84
September 30 2023,Broward,FL,Passenger,1,0,1,55,56,1.79
July 31 2019,Pend Oreille,WA,Passenger,4,6,10,9533,9543,0.10
November 30 2018,Alameda,CA,Passenger,0,2,2,336,338,0.59
April 30 2023,Columbia,WA,Truck,0,0,0,1555,1555,0.00
November 30 2023,Suffolk,VA,Passenger,1,0,1,96,97,1.03
March 31 2020,Cascade,MT,Passenger,0,1,1,61,62,1.61
May 31 2019,Spokane,WA,Truck,1,0,1,94589,94590,0.00
September 30 2019,Okanogan,WA,Truck,0,0,0,16493,16493,0.00
May 31 2022,Snohomish,WA,Passenger,8136,2472,10608,532585,543193,1.95
September 30 2023,Skamania,WA,Truck,1,0,1,3812,3813,0.03
April 30 2019,Snohomish,WA,Passenger,3292,1539,4831,529031,533862,0.90
September 30 2022,Pend Oreille,WA,Passenger,18,12,30,9005,9035,0.33
May 31 2020,Pima,AZ,Passenger,3,1,4,367,371,1.08
March 31 2024,Cook,IL,Passenger,2,1,3,125,128,2.34
December 31 2021,Lane,OR,Passenger,0,2,2,117,119,1.68
December 31 2022,Ulster,NY,Passenger,1,0,1,8,9,11.11
February 28 2022,Spokane,WA,Passenger,1388,784,2172,325832,328004,0.66
November 30 2017,Douglas,WA,Passenger,37,33,70,27076,27146,0.26
November 30 2018,Skamania,WA,Passenger,18,14,32,8726,8758,0.37
January 31 2023,Wahkiakum,WA,Truck,1,0,1,1792,1793,0.06
March 31 2020,Harnett,NC,Passenger,1,1,2,216,218,0.92
November 30 2022,Richmond,NY,Passenger,1,0,1,4,5,20.00
May 31 2023,Cochise,AZ,Passenger,1,0,1,65,66,1.52
February 28 2023,Portsmouth,VA,Passenger,0,1,1,67,68,1.47
May 31 2020,Pinal,AZ,Passenger,1,0,1,194,195,0.51
July 31 2023,Travis,TX,Passenger,2,1,3,91,94,3.19
April 30 2020,Shelby,TN,Passenger,0,1,1,96,97,1.03
July 31 2021,Charles,MD,Passenger,1,1,2,73,75,2.67
December 31 2018,Monroe,IL,Passenger,1,0,1,3,4,25.00
May 31 2021,Skagit,WA,Truck,1,0,1,33038,33039,0.00
December 31 2022,Douglas,WA,Truck,3,0,3,12815,12818,0.02
December 31 2022,Clark,NV,Passenger,9,2,11,478,489,2.25
October 31 2022,Virginia Beach,VA,Passenger,2,1,3,496,499,0.60
February 28 2023,Los Angeles,CA,Passenger,5,5,10,725,735,1.36
June 30 2021,Kootenai,ID,Passenger,0,1,1,198,199,0.50
May 31 2019,Hennepin,MN,Passenger,2,0,2,104,106,1.89
March 31 2021,Howard,MD,Passenger,0,1,1,72,73,1.37
September 30 2021,Palm Beach,FL,Passenger,0,1,1,70,71,1.41
August 31 2022,Travis,TX,Passenger,3,1,4,110,114,3.51
September 30 2018,Charles,MD,Passenger,0,1,1,86,87,1.15
July 31 2019,El Paso,TX,Passenger,3,0,3,482,485,0.62
January 31 2022,Walla Walla,WA,Truck,0,0,0,14102,14102,0.00
April 30 2019,Washtenaw,MI,Passenger,1,0,1,37,38,2.63
August 31 2022,Norfolk,VA,Passenger,2,3,5,292,297,1.68
July 31 2023,Newport,RI,Passenger,0,1,1,55,56,1.79
April 30 2017,King,WA,Truck,8,1,9,188917,188926,0.00
August 31 2018,Whatcom,WA,Truck,2,0,2,42394,42396,0.00
February 29 2020,Shasta,CA,Passenger,1,0,1,38,39,2.56
April 30 2019,Pend Oreille,WA,Passenger,4,5,9,9502,9511,0.09
June 30 2022,Lincoln,WA,Truck,0,0,0,4831,4831,0.00
July 31 2023,Meade,KY,Passenger,1,0,1,19,20,5.00
January 31 2022,Montgomery,PA,Passenger,2,0,2,25,27,7.41
January 31 2023,Lake,FL,Passenger,1,0,1,18,19,5.26
April 30 2019,Franklin,MA,Passenger,0,1,1,1,2,50.00
May 31 2021,Eagle,CO,Passenger,1,0,1,8,9,11.11
June 30 2017,Latah,ID,Passenger,0,1,1,106,107,0.93
February 28 2017,Hamilton,TN,Passenger,1,0,1,26,27,3.70
September 30 2021,Eagle,CO,Passenger,1,0,1,8,9,11.11
June 30 2021,Douglas,WA,Truck,0,0,0,12681,12681,0.00
April 30 2017,Polk,FL,Passenger,1,0,1,69,70,1.43
November 30 2019,Hillsborough,FL,Passenger,0,1,1,196,197,0.51
June 30 2022,Anchorage,AK,Passenger,2,0,2,135,137,1.46
August 31 2022,Calvert,MD,Passenger,0,2,2,79,81,2.47
June 30 2022,Parker,TX,Passenger,0,1,1,21,22,4.55
April 30 2021,Broward,FL,Passenger,1,0,1,110,111,0.90
December 31 2020,RÃ­o Grande,PR,Passenger,1,0,1,1,2,50.00
May 31 2018,King,WA,Passenger,12741,5479,18220,1369182,1387402,1.31
November 30 2018,Multnomah,OR,Passenger,3,5,8,769,777,1.03
December 31 2017,New London,CT,Passenger,1,0,1,241,242,0.41
January 31 2023,Sacramento,CA,Passenger,3,1,4,202,206,1.94
October 31 2022,Boulder,CO,Passenger,2,0,2,45,47,4.26
June 30 2023,York,VA,Passenger,1,0,1,74,75,1.33
October 31 2022,Sarasota,FL,Passenger,1,0,1,29,30,3.33
December 31 2021,Marion,IA,Passenger,1,0,1,0,1,100.00
November 30 2018,El Paso,CO,Passenger,3,1,4,777,781,0.51
March 31 2017,Marin,CA,Passenger,1,0,1,59,60,1.67
July 31 2022,Lincoln,WA,Truck,0,0,0,4831,4831,0.00
January 31 2024,Richland,SC,Passenger,0,1,1,93,94,1.06
May 31 2019,Cascade,MT,Passenger,0,1,1,64,65,1.54
September 30 2019,Clallam,WA,Passenger,185,151,336,50848,51184,0.66
August 31 2020,Pacific,WA,Passenger,32,33,65,15702,15767,0.41
July 31 2023,Honolulu,HI,Passenger,3,3,6,284,290,2.07
May 31 2021,Garfield,WA,Truck,0,0,0,997,997,0.00
March 31 2022,Plaquemines,LA,Passenger,0,1,1,20,21,4.76
August 31 2020,Okanogan,WA,Truck,0,0,0,16536,16536,0.00
June 30 2020,Walla Walla,WA,Truck,0,0,0,13745,13745,0.00
November 30 2022,Yakima,WA,Passenger,411,218,629,166346,166975,0.38
December 31 2017,Island,WA,Passenger,155,166,321,61542,61863,0.52
June 30 2020,Grays Harbor,WA,Passenger,106,111,217,48129,48346,0.45
June 30 2021,Houston,GA,Passenger,1,0,1,48,49,2.04
May 31 2017,New London,CT,Passenger,1,0,1,246,247,0.40
April 30 2021,Fulton,GA,Passenger,0,2,2,89,91,2.20
March 31 2020,Kittitas,WA,Truck,0,0,0,14624,14624,0.00
December 31 2020,Pinellas,FL,Passenger,1,1,2,104,106,1.89
July 31 2021,Allegheny,PA,Passenger,2,1,3,75,78,3.85
December 31 2022,Alexandria,VA,Passenger,3,1,4,97,101,3.96
February 29 2020,Lincoln,WA,Truck,0,0,0,4656,4656,0.00
January 31 2022,Juneau,AK,Passenger,0,1,1,31,32,3.12
March 31 2020,Greene,MO,Passenger,0,1,1,33,34,2.94
March 31 2019,Walla Walla,WA,Truck,0,0,0,13553,13553,0.00
September 30 2017,Okanogan,WA,Truck,0,0,0,16232,16232,0.00
April 30 2023,Cowlitz,WA,Passenger,435,204,639,69992,70631,0.90
October 31 2018,Guadalupe,TX,Passenger,1,0,1,82,83,1.20
November 30 2021,Flathead,MT,Passenger,1,0,1,50,51,1.96
March 31 2023,Sedgwick,KS,Passenger,1,1,2,63,65,3.08
June 30 2019,Cascade,MT,Passenger,0,1,1,67,68,1.47
February 28 2019,Skagit,WA,Passenger,278,187,465,91205,91670,0.51
February 28 2022,Columbia,WA,Passenger,6,1,7,2454,2461,0.28
November 30 2017,San Diego,CA,Passenger,5,1,6,2593,2599,0.23
March 31 2019,Klamath,OR,Passenger,1,0,1,40,41,2.44
October 31 2019,Houston,GA,Passenger,1,0,1,58,59,1.69
January 31 2024,Rock Island,IL,Passenger,0,1,1,12,13,7.69
November 30 2021,Thurston,WA,Passenger,1841,948,2789,196764,199553,1.40
July 31 2021,Prince William,VA,Passenger,1,2,3,210,213,1.41
November 30 2018,Montgomery,PA,Passenger,2,0,2,35,37,5.41
September 30 2019,Carson City,NV,Passenger,1,0,1,10,11,9.09
March 31 2017,DeKalb,IN,Passenger,1,0,1,1,2,50.00
April 30 2022,Snohomish,WA,Truck,4,0,4,124553,124557,0.00
June 30 2020,Spartanburg,SC,Passenger,0,1,1,50,51,1.96
July 31 2022,Broward,FL,Passenger,1,0,1,83,84,1.19
December 31 2023,Berkeley,SC,Passenger,1,1,2,89,91,2.20
August 31 2021,Benton,WA,Passenger,565,408,973,136111,137084,0.71
May 31 2022,Clark,WA,Passenger,3933,1734,5667,316477,322144,1.76
April 30 2023,Okanogan,WA,Passenger,119,58,177,26091,26268,0.67
April 30 2017,Kittitas,WA,Passenger,22,17,39,27200,27239,0.14
October 31 2022,Kitsap,WA,Truck,25,0,25,53044,53069,0.05
July 31 2020,Spokane,WA,Truck,1,0,1,98960,98961,0.00
June 30 2021,Garfield,WA,Passenger,0,3,3,1370,1373,0.22
April 30 2019,Columbia,WA,Truck,0,0,0,1531,1531,0.00
April 30 2024,Newport,RI,Passenger,0,1,1,46,47,2.13
November 30 2021,Howard,MD,Passenger,0,2,2,63,65,3.08
April 30 2021,Columbia,OR,Passenger,1,0,1,19,20,5.00
October 31 2022,Cowlitz,WA,Passenger,383,184,567,70211,70778,0.80
January 31 2023,Alameda,CA,Passenger,4,1,5,181,186,2.69
July 31 2017,Howard,MD,Passenger,0,2,2,94,96,2.08
July 31 2023,Larimer,CO,Passenger,1,0,1,30,31,3.23
December 31 2023,Fulton,GA,Passenger,1,1,2,52,54,3.70
March 31 2024,Clark,NV,Passenger,7,2,9,337,346,2.60
November 30 2020,Grays Harbor,WA,Truck,0,0,0,21125,21125,0.00
September 30 2021,Onslow,NC,Passenger,0,1,1,176,177,0.56
March 31 2023,Las Animas,CO,Passenger,1,0,1,0,1,100.00
January 31 2023,Thurston,WA,Passenger,2694,1141,3835,191538,195373,1.96
October 31 2018,Skamania,WA,Passenger,18,12,30,8723,8753,0.34
November 30 2023,Spokane,WA,Truck,54,0,54,101514,101568,0.05
February 28 2017,Orange,CA,Passenger,2,1,3,685,688,0.44
February 28 2021,Salt Lake,UT,Passenger,0,1,1,190,191,0.52
September 30 2018,Clackamas,OR,Passenger,0,1,1,218,219,0.46
June 30 2021,Fort Bend,TX,Passenger,1,0,1,35,36,2.78
January 31 2018,San Juan,WA,Truck,0,0,0,5642,5642,0.00
September 30 2021,Harford,MD,Passenger,0,1,1,52,53,1.89
January 31 2022,St. Mary's,MD,Passenger,1,0,1,204,205,0.49
July 31 2017,Tarrant,TX,Passenger,1,0,1,241,242,0.41
April 30 2020,Pinal,AZ,Passenger,1,0,1,195,196,0.51
June 30 2018,Twin Falls,ID,Passenger,0,1,1,23,24,4.17
February 28 2018,Nassau,NY,Passenger,1,0,1,40,41,2.44
April 30 2022,Lake,IN,Passenger,0,1,1,9,10,10.00
April 30 2023,Spokane,WA,Passenger,2158,1029,3187,321939,325126,0.98
November 30 2021,San Bernardino,CA,Passenger,1,1,2,390,392,0.51
October 31 2020,Utah,UT,Passenger,0,1,1,136,137,0.73
April 30 2018,Dallas,TX,Passenger,0,1,1,196,197,0.51
August 31 2023,San Diego,CA,Passenger,18,7,25,2045,2070,1.21
April 30 2019,Bexar,TX,Passenger,2,4,6,686,692,0.87
January 31 2024,Williamson,TX,Passenger,0,1,1,42,43,2.33
July 31 2020,Grant,WA,Passenger,61,75,136,65267,65403,0.21
March 31 2023,King,WA,Passenger,52084,13147,65231,1321249,1386480,4.70
March 31 2022,Grant,WA,Passenger,151,100,251,66820,67071,0.37
August 31 2021,Okanogan,WA,Truck,0,0,0,16739,16739,0.00
February 28 2019,Middlesex,MA,Passenger,1,0,1,120,121,0.83
September 30 2022,Houston,GA,Passenger,1,0,1,34,35,2.86
July 31 2021,Kittitas,WA,Passenger,166,68,234,29979,30213,0.77
May 31 2019,Contra Costa,CA,Passenger,2,2,4,377,381,1.05
July 31 2019,Nueces,TX,Passenger,1,1,2,91,93,2.15
September 30 2020,Owyhee,ID,Passenger,1,0,1,3,4,25.00
June 30 2023,Allen,IN,Passenger,1,0,1,13,14,7.14
December 31 2022,Snohomish,WA,Truck,91,0,91,122451,122542,0.07
April 30 2021,Lincoln,WA,Truck,0,0,0,4749,4749,0.00
January 31 2023,Columbia,WA,Truck,0,0,0,1574,1574,0.00
March 31 2019,Asotin,WA,Passenger,12,9,21,12656,12677,0.17
June 30 2021,Travis,TX,Passenger,4,3,7,173,180,3.89
September 30 2019,Klamath,OR,Passenger,1,0,1,41,42,2.38
September 30 2017,Palm Beach,FL,Passenger,0,2,2,96,98,2.04
January 31 2024,Houston,GA,Passenger,1,0,1,27,28,3.57
June 30 2019,Alameda,CA,Passenger,3,2,5,316,321,1.56
December 31 2019,Queens,NY,Passenger,1,0,1,53,54,1.85
January 31 2022,Yellowstone,MT,Passenger,0,1,1,32,33,3.03
March 31 2018,Okaloosa,FL,Passenger,1,0,1,179,180,0.56
January 31 2024,Salt Lake,UT,Passenger,2,1,3,86,89,3.37
January 31 2022,Maricopa,AZ,Passenger,8,5,13,1189,1202,1.08
September 30 2022,Harrison,MS,Passenger,1,0,1,43,44,2.27
November 30 2022,Sacramento,CA,Truck,1,0,1,38,39,2.56
September 30 2023,Marin,CA,Passenger,1,1,2,26,28,7.14
December 31 2020,Randolph,NC,Passenger,1,0,1,7,8,12.50
September 30 2018,Lewis,WA,Truck,0,0,0,25571,25571,0.00
September 30 2019,Asotin,WA,Passenger,12,8,20,12626,12646,0.16
October 31 2017,Santa Clara,CA,Passenger,6,1,7,395,402,1.74
June 30 2020,Montgomery,TX,Passenger,1,0,1,54,55,1.82
June 30 2019,Carroll,NH,Passenger,0,1,1,3,4,25.00
June 30 2022,Whatcom,WA,Passenger,1815,737,2552,148850,151402,1.69
September 30 2021,Santa Clara,CA,Passenger,9,2,11,274,285,3.86
June 30 2023,Otero,NM,Passenger,0,1,1,26,27,3.70
July 31 2018,Honolulu,HI,Passenger,1,2,3,536,539,0.56
December 31 2023,Los Angeles,CA,Passenger,6,4,10,560,570,1.75
June 30 2023,Yolo,CA,Passenger,1,0,1,23,24,4.17
June 30 2022,Douglas,NE,Passenger,1,2,3,44,47,6.38
August 31 2020,Morris,NJ,Passenger,1,0,1,17,18,5.56
October 31 2022,Stevens,WA,Truck,2,0,2,18863,18865,0.01
October 31 2018,St. Mary's,MD,Passenger,1,0,1,217,218,0.46
November 30 2022,Washington,OR,Passenger,1,0,1,298,299,0.33
October 31 2022,Dallas,TX,Passenger,1,0,1,107,108,0.93
May 31 2019,Montgomery,PA,Passenger,2,0,2,39,41,4.88
January 31 2024,Champaign,IL,Passenger,1,0,1,9,10,10.00
January 31 2021,Clark,NV,Passenger,5,2,7,667,674,1.04
June 30 2021,Nassau,NY,Passenger,2,0,2,35,37,5.41
May 31 2021,Burlington,NJ,Passenger,0,1,1,128,129,0.78
April 30 2021,Howard,IN,Passenger,0,1,1,3,4,25.00
September 30 2020,Grays Harbor,WA,Passenger,115,116,231,48464,48695,0.47
July 31 2021,Walla Walla,WA,Truck,0,0,0,14053,14053,0.00
October 31 2017,Collin,TX,Passenger,0,1,1,152,153,0.65
April 30 2024,Chesapeake,VA,Passenger,2,1,3,237,240,1.25
July 31 2018,Norfolk,VA,Passenger,2,2,4,331,335,1.19
December 31 2020,Snohomish,WA,Passenger,5037,1846,6883,538413,545296,1.26
November 30 2017,Charles,MD,Passenger,0,1,1,86,87,1.15
May 31 2023,Kent,DE,Passenger,1,0,1,44,45,2.22
May 31 2022,Coryell,TX,Passenger,1,0,1,100,101,0.99
October 31 2022,Benton,WA,Truck,7,0,7,43318,43325,0.02
March 31 2020,Pend Oreille,WA,Truck,0,0,0,5756,5756,0.00
September 30 2020,Lincoln,WA,Truck,0,0,0,4637,4637,0.00
April 30 2023,Santa Clara,CA,Passenger,11,4,15,201,216,6.94
January 31 2018,San Mateo,CA,Passenger,0,1,1,144,145,0.69
July 31 2019,Arlington,VA,Passenger,0,2,2,160,162,1.23
April 30 2023,Brown,WI,Passenger,1,0,1,7,8,12.50
June 30 2017,Adams,WA,Passenger,2,3,5,12201,12206,0.04
November 30 2018,San Juan,WA,Passenger,176,68,244,14205,14449,1.69
July 31 2017,Pacific,WA,Truck,0,0,0,7493,7493,0.00
September 30 2022,Washington,MD,Passenger,2,0,2,13,15,13.33
January 31 2020,Clallam,WA,Passenger,203,163,366,50906,51272,0.71
February 28 2018,Douglas,WA,Passenger,43,33,76,27319,27395,0.28
March 31 2021,Douglas,WA,Passenger,87,47,134,28377,28511,0.47
July 31 2022,Cumberland,NC,Passenger,1,4,5,367,372,1.34
December 31 2022,Hawaii,HI,Passenger,1,0,1,32,33,3.03
March 31 2020,Gwinnett,GA,Passenger,1,0,1,78,79,1.27
November 30 2017,Manatee,FL,Passenger,1,0,1,39,40,2.50
January 31 2024,Sarasota,FL,Passenger,1,0,1,21,22,4.55
June 30 2017,Franklin,WA,Passenger,26,45,71,55610,55681,0.13
October 31 2018,Douglas,WA,Passenger,47,33,80,27893,27973,0.29
September 30 2018,Tarrant,TX,Passenger,1,0,1,211,212,0.47
March 31 2021,Yakima,WA,Truck,0,0,0,61371,61371,0.00
December 31 2021,Orange,FL,Passenger,2,0,2,111,113,1.77
September 30 2020,Calvert,MD,Passenger,0,2,2,86,88,2.27
May 31 2021,Oldham,KY,Passenger,0,1,1,4,5,20.00
January 31 2017,Eagle,CO,Passenger,1,0,1,11,12,8.33
July 31 2018,Mason,WA,Passenger,87,91,178,45857,46035,0.39
January 31 2019,Thurston,WA,Passenger,771,589,1360,195945,197305,0.69
January 31 2022,Adams,WA,Passenger,17,14,31,13025,13056,0.24
January 31 2020,Skamania,WA,Truck,0,0,0,4103,4103,0.00
June 30 2022,Bexar,TX,Passenger,3,3,6,479,485,1.24
October 31 2019,Juneau,AK,Passenger,0,2,2,29,31,6.45
September 30 2017,Missoula,MT,Passenger,1,0,1,70,71,1.41
December 31 2018,Norfolk,MA,Passenger,1,0,1,36,37,2.70
September 30 2022,Snohomish,WA,Passenger,9063,2621,11684,530627,542311,2.15
June 30 2017,Lincoln,WA,Truck,0,0,0,4429,4429,0.00
September 30 2020,Denver,CO,Passenger,1,0,1,121,122,0.82
March 31 2017,Grays Harbor,WA,Passenger,27,26,53,44413,44466,0.12
September 30 2020,District of Columbia,DC,Passenger,1,1,2,196,198,1.01
July 31 2019,Sarasota,FL,Passenger,1,0,1,33,34,2.94
September 30 2022,Lincoln,OR,Passenger,0,1,1,25,26,3.85
February 29 2020,Polk,FL,Passenger,1,0,1,75,76,1.32
October 31 2018,Orange,FL,Passenger,2,1,3,166,169,1.78
April 30 2023,Douglas,NE,Passenger,1,1,2,29,31,6.45
June 30 2023,Texas,MO,Passenger,1,0,1,1,2,50.00
August 31 2017,Stevens,WA,Passenger,8,22,30,31507,31537,0.10
February 28 2023,Skamania,WA,Passenger,93,53,146,8102,8248,1.77
November 30 2022,Adams,WA,Passenger,22,11,33,13008,13041,0.25
July 31 2020,Jefferson,CO,Passenger,0,1,1,54,55,1.82
April 30 2021,Carroll,NH,Passenger,0,1,1,5,6,16.67
March 31 2017,Lewis,WA,Passenger,45,36,81,55097,55178,0.15
June 30 2021,Okanogan,WA,Passenger,63,38,101,26495,26596,0.38
December 31 2019,Sedgwick,KS,Passenger,1,1,2,100,102,1.96
August 31 2020,Douglas,NE,Passenger,0,1,1,53,54,1.85
February 28 2023,Island,WA,Passenger,973,412,1385,61224,62609,2.21
October 31 2021,Douglas,CO,Passenger,0,1,1,87,88,1.14
March 31 2020,Goochland,VA,Passenger,2,1,3,271,274,1.09
January 31 2023,Sedgwick,KS,Passenger,1,1,2,69,71,2.82
April 30 2019,Montgomery,AL,Passenger,0,1,1,45,46,2.17
October 31 2018,Pierce,WA,Truck,0,0,0,138737,138737,0.00
September 30 2021,Jefferson,WA,Passenger,356,186,542,24797,25339,2.14
June 30 2019,Charleston,SC,Passenger,1,0,1,120,121,0.83
December 31 2017,Fairfax,VA,Passenger,3,2,5,828,833,0.60
December 31 2018,Manatee,FL,Passenger,1,0,1,38,39,2.56
September 30 2017,Maui,HI,Passenger,1,0,1,71,72,1.39
August 31 2020,Montgomery,AL,Passenger,0,1,1,39,40,2.50
July 31 2022,San Diego,CA,Passenger,19,8,27,2397,2424,1.11
March 31 2024,Cumberland,PA,Passenger,1,1,2,33,35,5.71
September 30 2017,Saratoga,NY,Passenger,1,1,2,71,73,2.74
July 31 2023,Polk,OR,Passenger,1,1,2,16,18,11.11
January 31 2019,Sacramento,CA,Passenger,0,1,1,308,309,0.32
September 30 2020,Tulsa,OK,Passenger,1,1,2,48,50,4.00
April 30 2024,Champaign,IL,Passenger,1,0,1,7,8,12.50
January 31 2023,St. Lawrence,NY,Passenger,1,0,1,2,3,33.33
May 31 2017,Franklin,WA,Truck,0,0,0,18086,18086,0.00
February 28 2023,Mason,WA,Truck,9,0,9,20864,20873,0.04
September 30 2023,Grays Harbor,WA,Passenger,342,207,549,48130,48679,1.13
February 29 2024,Kent,DE,Passenger,1,0,1,36,37,2.70
December 31 2023,Lane,OR,Passenger,0,2,2,57,59,3.39
July 31 2019,Collier,FL,Passenger,1,0,1,19,20,5.00
February 28 2021,Collier,FL,Passenger,1,0,1,21,22,4.55
May 31 2023,Plaquemines,LA,Passenger,1,1,2,16,18,11.11
July 31 2019,Adams,WA,Passenger,5,6,11,12829,12840,0.09
March 31 2019,Whitman,WA,Truck,0,0,0,8503,8503,0.00
December 31 2018,Camden,NJ,Passenger,0,1,1,28,29,3.45
January 31 2021,Saginaw,MI,Passenger,2,0,2,11,13,15.38
July 31 2018,Essex,NJ,Passenger,1,0,1,13,14,7.14
July 31 2019,Skagit,WA,Passenger,307,210,517,92203,92720,0.56
May 31 2021,Columbia,WA,Truck,0,0,0,1551,1551,0.00
November 30 2022,Cochise,AZ,Passenger,1,0,1,69,70,1.43
July 31 2019,Deschutes,OR,Passenger,3,0,3,164,167,1.80
April 30 2019,Sumter,FL,Passenger,0,1,1,10,11,9.09
September 30 2021,Grays Harbor,WA,Truck,0,0,0,21394,21394,0.00
December 31 2023,Columbia,WA,Passenger,12,0,12,2413,2425,0.49
February 29 2024,Richland,SC,Passenger,0,1,1,84,85,1.18
August 31 2019,Washoe,NV,Passenger,2,0,2,116,118,1.69
August 31 2019,Skamania,WA,Truck,0,0,0,4072,4072,0.00
March 31 2020,Mercer,NJ,Passenger,0,1,1,18,19,5.26
August 31 2021,Marion,IA,Passenger,1,0,1,1,2,50.00
June 30 2020,Kootenai,ID,Passenger,1,1,2,219,221,0.90
March 31 2020,Montgomery,AL,Passenger,0,1,1,37,38,2.63
September 30 2019,Oldham,KY,Passenger,0,1,1,5,6,16.67
September 30 2018,San Juan,PR,Passenger,0,1,1,4,5,20.00
March 31 2018,King,WA,Truck,7,1,8,183681,183689,0.00
October 31 2020,Benton,WA,Truck,0,0,0,43060,43060,0.00
April 30 2022,Cowlitz,WA,Passenger,314,172,486,70860,71346,0.68
December 31 2018,Howard,MD,Passenger,0,1,1,89,90,1.11
June 30 2021,Montgomery,MD,Passenger,3,1,4,221,225,1.78
June 30 2017,Jefferson,NY,Passenger,1,1,2,251,253,0.79
April 30 2020,Denver,CO,Passenger,1,0,1,125,126,0.79
November 30 2019,Manassas,VA,Passenger,0,1,1,7,8,12.50
July 31 2019,Valencia,NM,Passenger,1,0,1,8,9,11.11
August 31 2020,San Juan,WA,Truck,0,0,0,5836,5836,0.00
June 30 2023,Okanogan,WA,Truck,7,0,7,16454,16461,0.04
July 31 2018,San Diego,CA,Passenger,7,1,8,2578,2586,0.31
July 31 2020,Maricopa,AZ,Passenger,5,9,14,1516,1530,0.92
June 30 2019,Orange,CA,Passenger,6,1,7,549,556,1.26
September 30 2019,Pierce,WA,Truck,0,0,0,140428,140428,0.00
July 31 2020,Gwinnett,GA,Passenger,1,0,1,74,75,1.33
March 31 2017,King,WA,Passenger,9315,3786,13101,1382443,1395544,0.94
December 31 2020,Rockingham,NH,Passenger,1,0,1,21,22,4.55
August 31 2018,Grays Harbor,WA,Passenger,54,65,119,46986,47105,0.25
May 31 2017,Collin,TX,Passenger,0,1,1,146,147,0.68
September 30 2021,Pima,AZ,Passenger,1,1,2,287,289,0.69
July 31 2018,Cook,IL,Passenger,1,0,1,260,261,0.38
August 31 2018,St. Clair,IL,Passenger,0,1,1,161,162,0.62
August 31 2023,Houston,GA,Passenger,1,0,1,30,31,3.23
July 31 2018,St. Lucie,FL,Passenger,1,0,1,28,29,3.45
June 30 2023,New Haven,CT,Passenger,0,2,2,25,27,7.41
January 31 2022,Wichita,TX,Passenger,1,0,1,44,45,2.22
July 31 2023,Charleston,SC,Passenger,1,2,3,51,54,5.56
July 31 2018,Santa Fe,NM,Passenger,0,1,1,44,45,2.22
December 31 2021,Fort Bend,TX,Passenger,1,0,1,30,31,3.23
October 31 2021,Suffolk,MA,Passenger,0,2,2,28,30,6.67
September 30 2023,Hennepin,MN,Passenger,1,0,1,37,38,2.63
August 31 2023,Stafford,VA,Passenger,3,0,3,78,81,3.70
October 31 2018,Wahkiakum,WA,Truck,0,0,0,1701,1701,0.00
September 30 2019,Charles,MD,Passenger,0,1,1,91,92,1.09
July 31 2019,Franklin,MA,Passenger,0,1,1,1,2,50.00
September 30 2018,Benton,WA,Truck,0,0,0,41344,41344,0.00
February 28 2021,Fulton,GA,Passenger,0,3,3,94,97,3.09
November 30 2017,Travis,TX,Passenger,1,1,2,192,194,1.03
May 31 2018,Frederick,MD,Passenger,0,1,1,86,87,1.15
March 31 2023,Stevens,WA,Passenger,103,60,163,29792,29955,0.54
January 31 2017,Grays Harbor,WA,Passenger,27,24,51,44309,44360,0.11
October 31 2017,Columbia,WA,Passenger,1,1,2,2394,2396,0.08
October 31 2022,New York,NY,Passenger,1,0,1,36,37,2.70
June 30 2022,Sheridan,WY,Passenger,1,0,1,7,8,12.50
February 28 2022,Orange,CA,Passenger,5,3,8,412,420,1.90
November 30 2020,Sedgwick,KS,Passenger,1,1,2,92,94,2.13
October 31 2021,Polk,FL,Passenger,1,0,1,65,66,1.52
July 31 2018,Camden,NJ,Passenger,0,1,1,32,33,3.03
January 31 2021,Carroll,NH,Passenger,0,1,1,5,6,16.67
December 31 2021,Montgomery,TX,Passenger,1,1,2,42,44,4.55
January 31 2024,San Bernardino,CA,Passenger,2,1,3,260,263,1.14
November 30 2019,Shelby,TN,Passenger,0,1,1,102,103,0.97
February 28 2017,Muscogee,GA,Passenger,0,1,1,257,258,0.39
August 31 2017,Bergen,NJ,Passenger,0,2,2,31,33,6.06
August 31 2023,Berkeley,SC,Passenger,0,1,1,96,97,1.03
October 31 2017,Dallas,TX,Passenger,0,1,1,187,188,0.53
October 31 2020,Boulder,CO,Passenger,1,1,2,46,48,4.17
May 31 2023,Las Animas,CO,Passenger,1,0,1,0,1,100.00
February 28 2019,Grays Harbor,WA,Passenger,66,79,145,47449,47594,0.30
February 28 2017,San Juan,WA,Truck,0,0,0,5572,5572,0.00
March 31 2021,Hillsborough,FL,Passenger,0,1,1,164,165,0.61
August 31 2019,Harnett,NC,Passenger,1,1,2,218,220,0.91
November 30 2021,Wichita,TX,Passenger,1,0,1,44,45,2.22
November 30 2020,Cumberland,NC,Passenger,0,3,3,459,462,0.65
January 31 2019,Tarrant,TX,Passenger,2,0,2,204,206,0.97
May 31 2021,Hawaii,HI,Passenger,1,0,1,51,52,1.92
November 30 2019,Prince George's,MD,Passenger,1,1,2,178,180,1.11
April 30 2018,San Juan,WA,Truck,0,0,0,5696,5696,0.00
February 28 2021,Douglas,CO,Passenger,0,1,1,83,84,1.19
March 31 2019,Cochise,AZ,Passenger,0,1,1,115,116,0.86
June 30 2017,Montgomery,TN,Passenger,1,0,1,286,287,0.35
January 31 2021,Rogers,OK,Passenger,1,0,1,5,6,16.67
September 30 2022,Las Animas,CO,Passenger,1,0,1,1,2,50.00
May 31 2023,Pend Oreille,WA,Truck,0,0,0,5620,5620,0.00
June 30 2023,Essex,MA,Passenger,1,0,1,10,11,9.09
July 31 2018,Pierce,WA,Passenger,1262,1194,2456,533359,535815,0.46
February 28 2023,Riverside,CA,Passenger,7,0,7,434,441,1.59
February 28 2022,San Luis Obispo,CA,Passenger,1,0,1,62,63,1.59
December 31 2020,Orange,FL,Passenger,1,0,1,120,121,0.83
February 28 2018,Prince George,VA,Passenger,0,1,1,73,74,1.35
September 30 2022,Autauga,AL,Passenger,1,0,1,14,15,6.67
April 30 2021,Putnam,TN,Passenger,0,1,1,1,2,50.00
July 31 2023,Grant,WA,Truck,12,0,12,28079,28091,0.04
September 30 2019,Lincoln,WA,Truck,0,0,0,4690,4690,0.00
November 30 2017,Orange,CA,Passenger,3,1,4,601,605,0.66
November 30 2022,St. Lawrence,NY,Passenger,1,0,1,2,3,33.33
May 31 2022,Larimer,CO,Passenger,1,0,1,45,46,2.17
January 31 2019,Valencia,NM,Passenger,1,0,1,11,12,8.33
March 31 2021,King,WA,Truck,6,1,7,184495,184502,0.00
July 31 2020,Honolulu,HI,Passenger,4,2,6,467,473,1.27
February 29 2020,Bexar,TX,Passenger,1,5,6,665,671,0.89
September 30 2018,Saratoga,NY,Passenger,1,0,1,59,60,1.67
June 30 2021,Lincoln,WA,Truck,0,0,0,4752,4752,0.00
April 30 2017,Grays Harbor,WA,Passenger,29,30,59,44471,44530,0.13
October 31 2022,Montgomery,MD,Passenger,4,2,6,194,200,3.00
October 31 2022,Anne Arundel,MD,Passenger,3,3,6,319,325,1.85
August 31 2020,Juneau,AK,Passenger,0,1,1,28,29,3.45
November 30 2023,Harford,MD,Passenger,1,1,2,40,42,4.76
June 30 2023,Williamson,TX,Passenger,0,1,1,55,56,1.79
May 31 2021,Polk,FL,Passenger,1,0,1,65,66,1.52
April 30 2023,Camden,NJ,Passenger,0,1,1,13,14,7.14
June 30 2021,Wichita,TX,Passenger,1,0,1,43,44,2.27
September 30 2018,Twin Falls,ID,Passenger,0,1,1,22,23,4.35
March 31 2020,Wahkiakum,WA,Passenger,6,5,11,3006,3017,0.36
October 31 2018,Pinal,AZ,Passenger,2,0,2,211,213,0.94
April 30 2024,Alexandria,VA,Passenger,3,0,3,73,76,3.95
December 31 2022,Williamson,TX,Passenger,0,2,2,68,70,2.86
November 30 2019,Santa Cruz,CA,Passenger,1,0,1,39,40,2.50
June 30 2023,Rock Island,IL,Passenger,0,1,1,12,13,7.69
January 31 2018,Pacific,WA,Passenger,15,13,28,15446,15474,0.18
February 28 2017,Grant,WA,Truck,0,0,0,24997,24997,0.00
March 31 2020,Santa Clara,CA,Passenger,8,2,10,341,351,2.85
February 28 2018,Travis,TX,Passenger,1,1,2,197,199,1.01
June 30 2020,Stevens,WA,Truck,0,0,0,18640,18640,0.00
June 30 2021,Stevens,WA,Truck,0,0,0,18941,18941,0.00
July 31 2020,Ferry,WA,Truck,0,0,0,3570,3570,0.00
December 31 2017,Lincoln,WA,Truck,0,0,0,4493,4493,0.00
September 30 2022,Loudoun,VA,Passenger,2,1,3,64,67,4.48
November 30 2022,Placer,CA,Passenger,2,0,2,68,70,2.86
September 30 2023,Dallas,TX,Passenger,1,0,1,74,75,1.33
March 31 2022,Lincoln,WA,Passenger,7,18,25,7663,7688,0.33
December 31 2019,Yakima,WA,Passenger,117,114,231,166266,166497,0.14
January 31 2022,Los Angeles,CA,Passenger,8,7,15,883,898,1.67
October 31 2021,Alexandria,VA,Passenger,3,0,3,122,125,2.40
October 31 2017,Nassau,NY,Passenger,1,1,2,41,43,4.65
December 31 2022,Nassau,NY,Passenger,2,0,2,29,31,6.45
March 31 2023,Louisa,VA,Passenger,0,1,1,1,2,50.00
April 30 2019,Norfolk,MA,Passenger,1,0,1,39,40,2.50
February 28 2022,Randolph,NC,Passenger,1,0,1,6,7,14.29
March 31 2020,Mason,WA,Passenger,153,133,286,47499,47785,0.60
February 28 2021,Whatcom,WA,Passenger,1278,572,1850,149960,151810,1.22
October 31 2023,Stevens,WA,Truck,2,0,2,18678,18680,0.01
February 28 2018,Flathead,MT,Passenger,1,0,1,57,58,1.72
May 31 2022,Sarpy,NE,Passenger,1,0,1,65,66,1.52
March 31 2017,Whitman,WA,Passenger,9,18,27,21932,21959,0.12
June 30 2018,Benton,WA,Truck,0,0,0,41025,41025,0.00
March 31 2022,Skagit,WA,Truck,1,0,1,32526,32527,0.00
November 30 2021,Albemarle,VA,Passenger,2,0,2,24,26,7.69
December 31 2022,Clallam,WA,Passenger,484,262,746,49388,50134,1.49
September 30 2020,Whitman,WA,Passenger,47,47,94,21981,22075,0.43
January 31 2020,Mason,WA,Truck,0,0,0,20557,20557,0.00
December 31 2023,Laramie,WY,Passenger,1,0,1,26,27,3.70
March 31 2023,Wilson,TX,Passenger,0,1,1,3,4,25.00
May 31 2021,Whatcom,WA,Truck,4,0,4,43860,43864,0.01
September 30 2021,Clallam,WA,Truck,1,0,1,22004,22005,0.00
August 31 2020,Nassau,FL,Passenger,1,0,1,34,35,2.86
November 30 2018,Santa Clara,CA,Passenger,8,1,9,386,395,2.28
March 31 2020,Boulder,CO,Passenger,1,1,2,50,52,3.85
March 31 2019,El Paso,CO,Passenger,3,2,5,761,766,0.65
July 31 2019,Houston,GA,Passenger,1,0,1,56,57,1.75
January 31 2018,Twin Falls,ID,Passenger,0,1,1,24,25,4.00
September 30 2018,Mason,WA,Truck,0,0,0,20082,20082,0.00
February 28 2019,Douglas,WA,Passenger,52,35,87,27937,28024,0.31
June 30 2018,Skamania,WA,Passenger,11,9,20,8657,8677,0.23
January 31 2019,Marion,OR,Passenger,1,0,1,122,123,0.81
December 31 2023,Yuba,CA,Passenger,1,0,1,44,45,2.22
October 31 2021,Sarasota,FL,Passenger,2,0,2,40,42,4.76
May 31 2021,Tarrant,TX,Passenger,2,0,2,157,159,1.26
April 30 2022,Montgomery,MD,Passenger,4,2,6,202,208,2.88
September 30 2017,Garfield,WA,Passenger,1,0,1,1295,1296,0.08
September 30 2023,Leavenworth,KS,Passenger,0,1,1,81,82,1.22
July 31 2020,San Joaquin,CA,Passenger,1,0,1,132,133,0.75
September 30 2020,Goochland,VA,Passenger,3,2,5,262,267,1.87
December 31 2019,Washoe,NV,Passenger,1,0,1,116,117,0.85
May 31 2019,Skagit,WA,Truck,1,0,1,32414,32415,0.00
January 31 2022,Rockingham,NH,Passenger,1,0,1,18,19,5.26
March 31 2021,Grays Harbor,WA,Truck,0,0,0,21263,21263,0.00
March 31 2018,El Paso,TX,Passenger,1,0,1,526,527,0.19
January 31 2024,Larimer,CO,Passenger,1,0,1,20,21,4.76
December 31 2017,Spokane,WA,Truck,1,0,1,91565,91566,0.00
August 31 2019,Virginia Beach,VA,Passenger,1,0,1,699,700,0.14
March 31 2021,Pima,AZ,Passenger,2,1,3,331,334,0.90
November 30 2023,Newport,RI,Passenger,0,1,1,51,52,1.92
April 30 2017,Hardin,KY,Passenger,0,1,1,118,119,0.84
July 31 2021,Owyhee,ID,Passenger,1,0,1,2,3,33.33
May 31 2020,Lee,FL,Passenger,1,0,1,50,51,1.96
June 30 2023,Newport News,VA,Passenger,1,0,1,101,102,0.98
November 30 2018,Jefferson,CO,Passenger,0,2,2,61,63,3.17
March 31 2021,Sarasota,FL,Passenger,2,0,2,36,38,5.26
December 31 2019,Twin Falls,ID,Passenger,0,1,1,30,31,3.23
April 30 2019,Boulder,CO,Passenger,1,0,1,50,51,1.96
November 30 2019,Grays Harbor,WA,Passenger,99,99,198,48340,48538,0.41
April 30 2024,Franklin,WA,Truck,14,0,14,20207,20221,0.07
November 30 2020,Skamania,WA,Truck,0,0,0,4005,4005,0.00
April 30 2024,Hawaii,HI,Passenger,1,0,1,24,25,4.00
September 30 2021,Providence,RI,Passenger,1,0,1,27,28,3.57
July 31 2021,Wilson,NC,Passenger,1,0,1,0,1,100.00
November 30 2019,Santa Clara,CA,Passenger,7,2,9,378,387,2.33
November 30 2018,St. Mary's,MD,Passenger,1,0,1,216,217,0.46
November 30 2020,Boone,MO,Passenger,0,1,1,11,12,8.33
May 31 2018,Eagle,CO,Passenger,1,0,1,6,7,14.29
July 31 2020,Adams,WA,Passenger,9,7,16,12860,12876,0.12
October 31 2017,Hawaii,HI,Passenger,1,0,1,78,79,1.27
March 31 2022,Suffolk,MA,Passenger,0,1,1,24,25,4.00
February 28 2022,Harrison,MS,Passenger,2,0,2,51,53,3.77
March 31 2024,Brevard,FL,Passenger,1,0,1,51,52,1.92
June 30 2018,Polk,FL,Passenger,1,0,1,69,70,1.43
February 29 2024,Ada,ID,Passenger,2,0,2,86,88,2.27
November 30 2020,Larimer,CO,Passenger,1,0,1,51,52,1.92
December 31 2020,Klickitat,WA,Passenger,62,43,105,14974,15079,0.70
March 31 2021,Contra Costa,CA,Passenger,3,4,7,270,277,2.53
February 28 2023,Berkeley,SC,Passenger,0,1,1,111,112,0.89
June 30 2023,Hawaii,HI,Passenger,1,0,1,32,33,3.03
December 31 2018,Thurston,WA,Passenger,739,571,1310,195501,196811,0.67
March 31 2019,Okanogan,WA,Passenger,20,21,41,25898,25939,0.16
September 30 2017,Maricopa,AZ,Passenger,2,1,3,1696,1699,0.18
July 31 2017,Okaloosa,FL,Passenger,1,0,1,185,186,0.54
September 30 2021,Ventura,CA,Passenger,1,3,4,270,274,1.46
September 30 2019,Asotin,WA,Truck,0,0,0,6682,6682,0.00
August 31 2020,Houston,GA,Passenger,1,0,1,54,55,1.82
January 31 2021,Arapahoe,CO,Passenger,1,0,1,131,132,0.76
July 31 2023,Chesterfield,VA,Passenger,1,0,1,36,37,2.70
February 29 2024,Adams,WA,Truck,3,0,3,5304,5307,0.06
December 31 2022,Asotin,WA,Truck,0,0,0,6659,6659,0.00
May 31 2023,Asotin,WA,Truck,0,0,0,6618,6618,0.00
May 31 2020,San Francisco,CA,Passenger,1,1,2,101,103,1.94
August 31 2020,Kent,MI,Passenger,0,1,1,27,28,3.57
November 30 2017,Okanogan,WA,Truck,0,0,0,16271,16271,0.00
April 30 2024,Stevens,WA,Truck,6,0,6,18092,18098,0.03
May 31 2020,Spokane,WA,Passenger,720,479,1199,314898,316097,0.38
July 31 2023,St. Louis,MN,Passenger,0,1,1,7,8,12.50
December 31 2022,Norfolk,MA,Passenger,1,0,1,23,24,4.17
December 31 2019,Norfolk,MA,Passenger,1,0,1,39,40,2.50
September 30 2019,Powhatan,VA,Passenger,1,0,1,1,2,50.00
February 28 2017,Mason,WA,Passenger,47,61,108,42771,42879,0.25
November 30 2018,Fresno,CA,Passenger,1,0,1,197,198,0.51
January 31 2021,Douglas,CO,Passenger,0,1,1,85,86,1.16
June 30 2019,Tulsa,OK,Passenger,1,1,2,54,56,3.57
June 30 2021,Yakima,WA,Truck,0,0,0,61705,61705,0.00
January 31 2023,Douglas,WA,Truck,5,0,5,12865,12870,0.04
November 30 2017,Cowlitz,WA,Truck,0,0,0,28144,28144,0.00
June 30 2020,Pinal,AZ,Passenger,1,0,1,190,191,0.52
April 30 2023,Fredericksburg,VA,Passenger,1,0,1,5,6,16.67
June 30 2022,Pierce,WA,Passenger,5055,2305,7360,545159,552519,1.33
February 29 2020,Whitman,WA,Passenger,42,48,90,22605,22695,0.40
September 30 2023,York,VA,Passenger,1,0,1,66,67,1.49
September 30 2021,Prince William,VA,Passenger,1,2,3,215,218,1.38
June 30 2017,Clark,NV,Passenger,2,2,4,839,843,0.47
December 31 2023,Rock Island,IL,Passenger,0,1,1,12,13,7.69
May 31 2023,Lee,AL,Passenger,1,0,1,15,16,6.25
May 31 2019,Yakima,WA,Truck,0,0,0,59075,59075,0.00
May 31 2018,Saratoga,NY,Passenger,1,1,2,62,64,3.12
June 30 2019,Nueces,TX,Passenger,1,1,2,96,98,2.04
March 31 2022,Hawaii,HI,Passenger,1,0,1,42,43,2.33
March 31 2024,Spokane,WA,Truck,84,0,84,99907,99991,0.08
June 30 2019,Whitman,WA,Passenger,31,46,77,22700,22777,0.34
August 31 2020,St. Mary's,MD,Passenger,1,0,1,214,215,0.47
December 31 2020,Tarrant,TX,Passenger,1,0,1,175,176,0.57
March 31 2017,Norfolk,VA,Passenger,1,1,2,305,307,0.65
January 31 2021,DuPage,IL,Passenger,4,1,5,58,63,7.94
July 31 2023,Arlington,VA,Passenger,1,0,1,109,110,0.91
November 30 2019,Lake,CA,Passenger,0,1,1,11,12,8.33
December 31 2019,Kitsap,WA,Passenger,1199,652,1851,182279,184130,1.01
December 31 2021,Bexar,TX,Passenger,2,4,6,524,530,1.13
May 31 2019,Middlesex,MA,Passenger,1,0,1,117,118,0.85
December 31 2021,Onslow,NC,Passenger,0,1,1,171,172,0.58
December 31 2022,Pulaski,MO,Passenger,3,0,3,101,104,2.88
May 31 2018,Washtenaw,MI,Passenger,1,0,1,38,39,2.56
January 31 2023,Louisa,VA,Passenger,0,1,1,1,2,50.00
July 31 2017,Pierce,WA,Truck,0,0,0,137343,137343,0.00
February 29 2024,Mason,WA,Truck,21,0,21,20146,20167,0.10
January 31 2021,Klickitat,WA,Passenger,63,43,106,14983,15089,0.70
November 30 2021,Portsmouth,VA,Passenger,0,1,1,80,81,1.23
December 31 2022,Cochise,AZ,Passenger,1,0,1,69,70,1.43
February 28 2017,Charles,MD,Passenger,0,1,1,92,93,1.08
July 31 2019,Shasta,CA,Passenger,1,0,1,42,43,2.33
February 28 2021,Houston,GA,Passenger,1,0,1,50,51,1.96
April 30 2020,Cowlitz,WA,Passenger,136,115,251,72707,72958,0.34
June 30 2017,Asotin,WA,Truck,0,0,0,6500,6500,0.00
March 31 2021,Kauai,HI,Passenger,1,0,1,19,20,5.00
June 30 2020,Travis,TX,Passenger,3,1,4,190,194,2.06
September 30 2020,Nassau,FL,Passenger,1,0,1,34,35,2.86
March 31 2024,Middlesex,NJ,Passenger,1,0,1,18,19,5.26
March 31 2023,Wahkiakum,WA,Passenger,24,16,40,3060,3100,1.29
May 31 2022,Bell,TX,Passenger,1,0,1,336,337,0.30
February 29 2020,Ventura,CA,Passenger,0,2,2,306,308,0.65
May 31 2017,Grant,WA,Passenger,20,25,45,60666,60711,0.07
October 31 2023,Pacific,WA,Truck,5,0,5,7822,7827,0.06
December 31 2018,Asotin,WA,Truck,0,0,0,6632,6632,0.00
December 31 2023,Norfolk,VA,Passenger,0,1,1,254,255,0.39
October 31 2019,Garfield,WA,Passenger,0,1,1,1300,1301,0.08
December 31 2021,Hudson,NJ,Passenger,2,0,2,41,43,4.65
March 31 2017,San Juan,WA,Passenger,88,34,122,13418,13540,0.90
March 31 2019,Ferry,WA,Passenger,3,2,5,4364,4369,0.11
August 31 2019,Harris,TX,Passenger,1,1,2,279,281,0.71
May 31 2018,Gwinnett,GA,Passenger,0,1,1,85,86,1.16
September 30 2020,Harrison,MS,Passenger,1,0,1,54,55,1.82
June 30 2017,Essex,NJ,Passenger,1,0,1,16,17,5.88
August 31 2023,Pierce,WA,Passenger,8316,2911,11227,528719,539946,2.08
April 30 2017,Grant,WA,Passenger,18,21,39,60480,60519,0.06
June 30 2021,Mason,WA,Passenger,215,138,353,48158,48511,0.73
November 30 2020,Washington,OR,Passenger,1,0,1,437,438,0.23
October 31 2022,Maricopa,AZ,Passenger,10,4,14,916,930,1.51
August 31 2020,Contra Costa,CA,Passenger,4,3,7,297,304,2.30
June 30 2017,Lee,AL,Passenger,1,0,1,36,37,2.70
October 31 2018,Denver,CO,Passenger,1,0,1,133,134,0.75
August 31 2019,Santa Fe,NM,Passenger,0,1,1,42,43,2.33
January 31 2020,Jones,GA,Passenger,1,0,1,1,2,50.00
December 31 2023,Pinal,AZ,Passenger,1,1,2,71,73,2.74
April 30 2023,Norfolk,MA,Passenger,1,0,1,20,21,4.76
October 31 2022,Penobscot,ME,Passenger,0,1,1,9,10,10.00
November 30 2022,Essex,MA,Passenger,1,0,1,16,17,5.88
March 31 2019,Monroe,IL,Passenger,1,0,1,3,4,25.00
November 30 2018,Benton,WA,Truck,0,0,0,41439,41439,0.00
August 31 2020,Adams,WA,Passenger,9,7,16,12862,12878,0.12
August 31 2022,Douglas,CO,Passenger,0,1,1,76,77,1.30
November 30 2021,Howard,IN,Passenger,0,1,1,6,7,14.29
April 30 2023,Mason,WA,Truck,10,0,10,20790,20800,0.05
March 31 2018,Pacific,WA,Truck,0,0,0,7575,7575,0.00
November 30 2022,Asotin,WA,Passenger,29,20,49,12474,12523,0.39
December 31 2018,Clallam,WA,Passenger,150,124,274,50355,50629,0.54
September 30 2017,Gwinnett,GA,Passenger,0,1,1,88,89,1.12
May 31 2019,Shelby,TN,Passenger,0,1,1,96,97,1.03
March 31 2021,Nueces,TX,Passenger,1,0,1,82,83,1.20
October 31 2022,Yavapai,AZ,Passenger,0,1,1,23,24,4.17
October 31 2023,Salt Lake,UT,Passenger,2,1,3,93,96,3.12
October 31 2018,Snohomish,WA,Truck,1,0,1,121850,121851,0.00
February 29 2024,Grays Harbor,WA,Passenger,393,223,616,47554,48170,1.28
April 30 2018,Clallam,WA,Passenger,117,105,222,49610,49832,0.45
October 31 2022,Chelan,WA,Passenger,506,139,645,54125,54770,1.18
March 31 2023,Harnett,NC,Passenger,3,0,3,145,148,2.03
July 31 2022,Providence,RI,Passenger,1,0,1,22,23,4.35
July 31 2021,Rogers,OK,Passenger,1,0,1,4,5,20.00
March 31 2017,Whatcom,WA,Truck,2,0,2,41392,41394,0.00
January 31 2019,Whatcom,WA,Truck,2,0,2,42736,42738,0.00
April 30 2017,Duval,FL,Passenger,1,1,2,374,376,0.53
November 30 2021,Duval,FL,Passenger,0,2,2,337,339,0.59
March 31 2018,Dakota,MN,Passenger,0,2,2,38,40,5.00
February 29 2020,Nassau,NY,Passenger,4,0,4,44,48,8.33
January 31 2024,Whatcom,WA,Passenger,2996,1066,4062,146952,151014,2.69
September 30 2020,Mason,WA,Passenger,162,129,291,47448,47739,0.61
February 28 2017,Okaloosa,FL,Passenger,1,0,1,192,193,0.52
April 30 2020,Lake,CA,Passenger,0,1,1,10,11,9.09
December 31 2017,Lane,OR,Passenger,0,1,1,210,211,0.47
October 31 2018,Washtenaw,MI,Passenger,1,0,1,38,39,2.56
October 31 2019,Nueces,TX,Passenger,1,1,2,90,92,2.17
September 30 2023,Oldham,KY,Passenger,0,1,1,3,4,25.00
July 31 2020,Palm Beach,FL,Passenger,0,2,2,82,84,2.38
October 31 2018,Jefferson,CO,Passenger,0,1,1,60,61,1.64
January 31 2020,Charleston,SC,Passenger,1,0,1,114,115,0.87
December 31 2022,Brown,WI,Passenger,1,0,1,9,10,10.00
July 31 2018,Frederick,MD,Passenger,0,1,1,86,87,1.15
May 31 2021,King,WA,Truck,6,1,7,184623,184630,0.00
June 30 2018,Klickitat,WA,Passenger,25,30,55,15165,15220,0.36
November 30 2020,Leavenworth,KS,Passenger,0,1,1,118,119,0.84
August 31 2022,Hillsborough,FL,Passenger,1,2,3,129,132,2.27
May 31 2017,Spokane,WA,Truck,1,0,1,90322,90323,0.00
December 31 2020,Lake,IL,Passenger,2,0,2,169,171,1.17
October 31 2019,Palm Beach,FL,Passenger,0,2,2,85,87,2.30
November 30 2018,Denver,CO,Passenger,1,0,1,134,135,0.74
July 31 2022,Miami-Dade,FL,Passenger,1,0,1,82,83,1.20
February 28 2021,Arlington,VA,Passenger,0,1,1,143,144,0.69
June 30 2019,Washoe,NV,Passenger,2,0,2,120,122,1.64
June 30 2021,Chesapeake,VA,Passenger,0,3,3,416,419,0.72
March 31 2023,Multnomah,OR,Passenger,1,2,3,474,477,0.63
March 31 2019,Sedgwick,KS,Passenger,0,1,1,106,107,0.93
June 30 2021,Denver,CO,Passenger,1,0,1,126,127,0.79
September 30 2017,Clay,FL,Passenger,0,1,1,114,115,0.87
May 31 2021,Montgomery,TX,Passenger,1,1,2,50,52,3.85
July 31 2018,Klamath,OR,Passenger,1,0,1,37,38,2.63
December 31 2020,Suffolk,VA,Passenger,1,0,1,124,125,0.80
September 30 2019,Montgomery,AL,Passenger,0,1,1,42,43,2.33
January 31 2019,Randolph,NC,Passenger,1,0,1,6,7,14.29
March 31 2020,Whatcom,WA,Passenger,1058,490,1548,151157,152705,1.01
April 30 2023,Whatcom,WA,Passenger,2341,859,3200,147716,150916,2.12
July 31 2018,Nueces,TX,Passenger,1,1,2,87,89,2.25
June 30 2020,DeKalb,GA,Passenger,1,0,1,83,84,1.19
September 30 2018,Maricopa,AZ,Passenger,2,2,4,1624,1628,0.25
March 31 2019,Jefferson,WA,Truck,0,0,0,9640,9640,0.00
February 28 2019,Gwinnett,GA,Passenger,0,1,1,78,79,1.27
March 31 2020,Clay,FL,Passenger,0,1,1,86,87,1.15
June 30 2022,Montgomery,PA,Passenger,2,0,2,25,27,7.41
March 31 2021,Klamath,OR,Passenger,1,0,1,32,33,3.03
October 31 2023,Richmond,NY,Passenger,1,0,1,4,5,20.00
November 30 2019,Arapahoe,CO,Passenger,1,0,1,149,150,0.67
August 31 2022,Dorchester,SC,Passenger,1,0,1,60,61,1.64
July 31 2023,Napa,CA,Passenger,0,1,1,11,12,8.33
April 30 2018,Hamilton,TN,Passenger,1,0,1,23,24,4.17
November 30 2021,Williamsburg,VA,Passenger,0,1,1,6,7,14.29
May 31 2019,King,WA,Truck,5,1,6,181897,181903,0.00
November 30 2021,Spokane,WA,Truck,0,0,0,102625,102625,0.00
June 30 2020,Lincoln,WA,Truck,0,0,0,4621,4621,0.00
March 31 2020,Ferry,WA,Truck,0,0,0,3566,3566,0.00
May 31 2019,Wayne,MI,Passenger,0,1,1,69,70,1.43
October 31 2020,DuPage,IL,Passenger,4,1,5,58,63,7.94
April 30 2020,Washoe,NV,Passenger,1,0,1,113,114,0.88
May 31 2023,Currituck,NC,Passenger,1,0,1,19,20,5.00
January 31 2021,King,WA,Passenger,27784,8323,36107,1366410,1402517,2.57
November 30 2020,Duval,FL,Passenger,0,2,2,367,369,0.54
July 31 2022,Fulton,GA,Passenger,1,1,2,77,79,2.53
June 30 2018,Whatcom,WA,Truck,2,0,2,42286,42288,0.00
January 31 2022,Sarasota,FL,Passenger,2,0,2,38,40,5.00
September 30 2022,Marin,CA,Passenger,1,1,2,29,31,6.45
February 28 2023,Las Animas,CO,Passenger,1,0,1,0,1,100.00
December 31 2023,Benton,WA,Truck,36,0,36,42866,42902,0.08
August 31 2022,Columbia,WA,Passenger,8,0,8,2433,2441,0.33
July 31 2019,Clackamas,OR,Passenger,1,1,2,215,217,0.92
October 31 2019,Ventura,CA,Passenger,0,2,2,315,317,0.63
March 31 2022,Boone,MO,Passenger,0,1,1,11,12,8.33
February 29 2020,Contra Costa,CA,Passenger,3,2,5,328,333,1.50
October 31 2023,Charles,MD,Passenger,1,1,2,49,51,3.92
May 31 2022,Ray,MO,Passenger,0,1,1,1,2,50.00
June 30 2023,Dallas,TX,Passenger,2,0,2,86,88,2.27
July 31 2021,Adams,WA,Passenger,16,12,28,13029,13057,0.21
March 31 2021,Adams,WA,Truck,0,0,0,5374,5374,0.00
April 30 2024,Ventura,CA,Passenger,3,2,5,171,176,2.84
June 30 2021,Dallas,TX,Passenger,1,0,1,170,171,0.58
April 30 2019,Broward,FL,Passenger,2,1,3,130,133,2.26
February 29 2024,Riverside,CA,Passenger,5,0,5,332,337,1.48
November 30 2022,Harrison,MS,Passenger,1,0,1,40,41,2.44
August 31 2018,Palm Beach,FL,Passenger,0,2,2,87,89,2.25
November 30 2023,Lee,AL,Passenger,1,0,1,12,13,7.69
February 28 2023,Yavapai,AZ,Passenger,0,1,1,22,23,4.35
October 31 2017,Pierce,WA,Truck,0,0,0,136991,136991,0.00
April 30 2021,Virginia Beach,VA,Passenger,2,0,2,632,634,0.32
November 30 2020,Allegheny,PA,Passenger,2,1,3,77,80,3.75
September 30 2017,Jefferson,NY,Passenger,1,0,1,242,243,0.41
October 31 2021,Orange,CA,Passenger,5,2,7,427,434,1.61
June 30 2023,Honolulu,HI,Passenger,3,3,6,292,298,2.01
July 31 2020,Brevard,FL,Passenger,0,1,1,88,89,1.12
January 31 2019,Polk,FL,Passenger,1,0,1,70,71,1.41
March 31 2019,Berkshire,MA,Passenger,0,1,1,4,5,20.00
June 30 2020,Putnam,TN,Passenger,0,1,1,3,4,25.00
March 31 2019,Nantucket,MA,Passenger,1,0,1,4,5,20.00
December 31 2018,King,WA,Truck,6,1,7,182618,182625,0.00
March 31 2024,Douglas,WA,Truck,11,0,11,12828,12839,0.09
May 31 2018,DuPage,IL,Passenger,1,0,1,66,67,1.49
January 31 2017,Latah,ID,Passenger,0,1,1,145,146,0.68
January 31 2024,Sarpy,NE,Passenger,1,0,1,53,54,1.85
December 31 2017,Carroll,NH,Passenger,0,1,1,1,2,50.00
October 31 2017,Spokane,WA,Truck,1,0,1,91319,91320,0.00
January 31 2020,Lewis,WA,Passenger,109,106,215,59590,59805,0.36
June 30 2017,Santa Rosa,FL,Passenger,1,0,1,116,117,0.85
February 28 2023,Lincoln,WA,Passenger,16,17,33,7746,7779,0.42
August 31 2020,Sarasota,FL,Passenger,2,0,2,33,35,5.71
August 31 2020,Chesapeake,VA,Passenger,0,1,1,429,430,0.23
August 31 2019,Los Angeles,CA,Passenger,6,6,12,1133,1145,1.05
December 31 2021,San Mateo,CA,Passenger,2,0,2,88,90,2.22
February 28 2017,Nueces,TX,Passenger,0,1,1,98,99,1.01
February 28 2018,Volusia,FL,Passenger,0,1,1,37,38,2.63
May 31 2023,Kittitas,WA,Truck,8,0,8,14565,14573,0.05
September 30 2018,Spokane,WA,Truck,1,0,1,93168,93169,0.00
April 30 2023,Grays Harbor,WA,Passenger,288,182,470,48382,48852,0.96
December 31 2018,Lincoln,WA,Passenger,2,5,7,7781,7788,0.09
January 31 2017,Charles,MD,Passenger,0,1,1,90,91,1.10
September 30 2017,Carroll,NH,Passenger,0,1,1,1,2,50.00
September 30 2017,Ferry,WA,Passenger,1,1,2,4381,4383,0.05
January 31 2024,Pend Oreille,WA,Passenger,33,21,54,8706,8760,0.62
September 30 2018,Portsmouth,VA,Passenger,0,1,1,76,77,1.30
July 31 2021,Spartanburg,SC,Passenger,0,1,1,54,55,1.82
March 31 2023,Walla Walla,WA,Truck,5,0,5,13791,13796,0.04
October 31 2018,Ferry,WA,Passenger,3,2,5,4408,4413,0.11
December 31 2018,Dallas,TX,Passenger,0,1,1,211,212,0.47
August 31 2017,Honolulu,HI,Passenger,3,2,5,571,576,0.87
November 30 2017,Grant,WA,Truck,0,0,0,25518,25518,0.00
February 29 2024,Williamson,TX,Passenger,0,1,1,41,42,2.38
February 28 2023,Thurston,WA,Passenger,2766,1150,3916,191157,195073,2.01
February 29 2024,Lincoln,WA,Passenger,25,26,51,7533,7584,0.67
August 31 2017,Cowlitz,WA,Passenger,50,62,112,70010,70122,0.16
September 30 2018,Whitman,WA,Truck,0,0,0,8521,8521,0.00
November 30 2021,Whitman,WA,Truck,0,0,0,8554,8554,0.00
July 31 2023,St. Mary's,MD,Passenger,1,0,1,175,176,0.57
March 31 2022,Galveston,TX,Passenger,0,1,1,20,21,4.76
March 31 2019,Williamson,TX,Passenger,0,1,1,154,155,0.65
November 30 2020,Morris,NJ,Passenger,1,0,1,16,17,5.88
February 28 2021,Broward,FL,Passenger,2,0,2,112,114,1.75
April 30 2022,Lake,FL,Passenger,1,0,1,22,23,4.35
December 31 2021,Orange,CA,Passenger,6,2,8,417,425,1.88
April 30 2021,Dallas,TX,Passenger,1,0,1,174,175,0.57
October 31 2018,Norfolk,MA,Passenger,1,0,1,37,38,2.63
February 28 2018,Ada,ID,Passenger,0,2,2,355,357,0.56
February 29 2020,Hillsborough,FL,Passenger,0,1,1,192,193,0.52
September 30 2023,Essex,NJ,Passenger,2,0,2,9,11,18.18
April 30 2024,District of Columbia,DC,Passenger,2,0,2,131,133,1.50
July 31 2018,Maui,HI,Passenger,1,0,1,57,58,1.72
June 30 2021,Sumter,FL,Passenger,0,1,1,8,9,11.11
January 31 2023,Parker,TX,Passenger,0,1,1,18,19,5.26
February 28 2022,Walla Walla,WA,Passenger,152,90,242,36211,36453,0.66
March 31 2022,Lincoln,OR,Passenger,0,1,1,33,34,2.94
December 31 2021,San Luis Obispo,CA,Passenger,1,0,1,63,64,1.56
December 31 2020,Palm Beach,FL,Passenger,0,2,2,80,82,2.44
December 31 2022,Charles,MD,Passenger,1,1,2,56,58,3.45
February 28 2021,Kent,MI,Passenger,0,1,1,27,28,3.57
October 31 2023,Cowlitz,WA,Passenger,547,236,783,69793,70576,1.11
January 31 2024,El Paso,CO,Passenger,5,1,6,431,437,1.37
July 31 2018,Lee,FL,Passenger,1,0,1,57,58,1.72
December 31 2019,Stafford,VA,Passenger,1,1,2,99,101,1.98
October 31 2022,Dorchester,SC,Passenger,1,0,1,56,57,1.75
March 31 2024,Leavenworth,KS,Passenger,0,1,1,68,69,1.45
July 31 2019,Ventura,CA,Passenger,0,2,2,320,322,0.62
March 31 2021,Columbia,WA,Truck,0,0,0,1548,1548,0.00
October 31 2023,Currituck,NC,Passenger,1,0,1,19,20,5.00
November 30 2019,Skagit,WA,Truck,1,0,1,32536,32537,0.00
August 31 2022,Bryan,GA,Passenger,0,1,1,33,34,2.94
January 31 2017,Hidalgo,TX,Passenger,0,1,1,100,101,0.99
February 28 2018,Thurston,WA,Truck,0,0,0,53914,53914,0.00
August 31 2020,Kittitas,WA,Truck,0,0,0,14559,14559,0.00
September 30 2021,Lincoln,WA,Truck,0,0,0,4782,4782,0.00
December 31 2020,Salt Lake,UT,Passenger,0,1,1,190,191,0.52
April 30 2021,Travis,TX,Passenger,3,3,6,178,184,3.26
June 30 2020,Multnomah,OR,Passenger,4,7,11,734,745,1.48
March 31 2023,San Juan,WA,Truck,10,0,10,5910,5920,0.17
February 28 2019,Washington,OR,Passenger,0,1,1,477,478,0.21
October 31 2022,Bryan,GA,Passenger,0,1,1,35,36,2.78
March 31 2021,Flathead,MT,Passenger,1,0,1,51,52,1.92
October 31 2020,Skamania,WA,Passenger,32,20,52,8323,8375,0.62
March 31 2020,Calvert,MD,Passenger,0,2,2,91,93,2.15
July 31 2023,Solano,CA,Passenger,5,0,5,137,142,3.52
February 28 2022,Honolulu,HI,Passenger,4,4,8,390,398,2.01
July 31 2023,Sheridan,WY,Passenger,1,0,1,5,6,16.67
February 28 2022,Pierce,WA,Passenger,4479,2172,6651,551872,558523,1.19
November 30 2022,Jefferson,WA,Truck,6,0,6,9377,9383,0.06
August 31 2023,,,Passenger,5,0,5,263,268,1.87
June 30 2022,Kootenai,ID,Passenger,0,1,1,162,163,0.61
February 28 2023,Washington,OR,Passenger,1,0,1,285,286,0.35
August 31 2023,Rockingham,NH,Passenger,1,0,1,10,11,9.09
December 31 2019,Jefferson,WA,Passenger,217,134,351,25182,25533,1.37
August 31 2017,Jefferson,WA,Truck,0,0,0,9423,9423,0.00
July 31 2022,Maui,HI,Passenger,1,0,1,25,26,3.85
October 31 2017,Benton,WA,Passenger,164,155,319,129391,129710,0.25
March 31 2021,Walla Walla,WA,Passenger,107,72,179,36269,36448,0.49
June 30 2019,Skamania,WA,Passenger,23,18,41,8718,8759,0.47
April 30 2024,Riverside,CA,Passenger,4,0,4,305,309,1.29
May 31 2023,Tooele,UT,Passenger,1,0,1,8,9,11.11
December 31 2021,Montgomery,MD,Passenger,3,2,5,211,216,2.31
October 31 2021,Sacramento,CA,Passenger,2,1,3,248,251,1.20
February 28 2019,Dakota,MN,Passenger,0,2,2,34,36,5.56
November 30 2020,Rockingham,NH,Passenger,1,0,1,22,23,4.35
December 31 2022,Marion,IA,Passenger,1,0,1,0,1,100.00
January 31 2024,King,WA,Passenger,71598,17344,88942,1309533,1398475,6.36
May 31 2018,Monterey,CA,Passenger,0,1,1,188,189,0.53
May 31 2019,Monroe,IL,Passenger,1,0,1,4,5,20.00
January 31 2024,DuPage,IL,Passenger,2,1,3,27,30,10.00
September 30 2022,Orange,NC,Passenger,0,1,1,7,8,12.50
June 30 2021,San Diego,CA,Passenger,18,4,22,2595,2617,0.84
October 31 2017,Clark,NV,Passenger,2,2,4,777,781,0.51
December 31 2017,Charles,MD,Passenger,0,1,1,87,88,1.14
May 31 2020,Santa Clara,CA,Passenger,8,2,10,321,331,3.02
January 31 2019,Lincoln,WA,Truck,0,0,0,4665,4665,0.00
January 31 2021,Queens,NY,Passenger,1,0,1,54,55,1.82
March 31 2018,Mason,WA,Truck,0,0,0,19787,19787,0.00
March 31 2024,Pend Oreille,WA,Truck,3,0,3,5489,5492,0.05
April 30 2019,San Juan,WA,Truck,0,0,0,5832,5832,0.00
March 31 2024,Kittitas,WA,Truck,23,0,23,14395,14418,0.16
May 31 2021,Salt Lake,UT,Passenger,0,1,1,194,195,0.51
September 30 2023,Honolulu,HI,Passenger,3,3,6,261,267,2.25
November 30 2022,Leavenworth,KS,Passenger,0,1,1,92,93,1.08
November 30 2017,Sangamon,IL,Passenger,1,0,1,11,12,8.33
March 31 2017,Dale,AL,Passenger,0,1,1,63,64,1.56
July 31 2020,Shelby,OH,Passenger,0,1,1,2,3,33.33
May 31 2021,Island,WA,Passenger,599,310,909,63115,64024,1.42
September 30 2021,Lewis,WA,Passenger,184,151,335,59560,59895,0.56
March 31 2020,Dallas,TX,Passenger,1,0,1,209,210,0.48
July 31 2022,St. Louis,MO,Passenger,2,0,2,67,69,2.90
December 31 2023,Franklin,WA,Truck,9,0,9,20804,20813,0.04
August 31 2020,Skamania,WA,Truck,0,0,0,4021,4021,0.00
January 31 2020,Orange,CA,Passenger,7,2,9,531,540,1.67
May 31 2023,Hawaii,HI,Passenger,1,0,1,30,31,3.23
November 30 2021,Randolph,NC,Passenger,1,0,1,6,7,14.29
October 31 2020,Thurston,WA,Passenger,1254,760,2014,197118,199132,1.01
February 28 2019,Sacramento,CA,Passenger,0,1,1,311,312,0.32
November 30 2020,Kent,MI,Passenger,0,1,1,27,28,3.57
October 31 2021,Saginaw,MI,Passenger,1,0,1,8,9,11.11
June 30 2023,Franklin,WA,Passenger,308,138,446,62001,62447,0.71
October 31 2021,Coryell,TX,Passenger,1,0,1,108,109,0.92
November 30 2019,Alameda,CA,Passenger,4,1,5,303,308,1.62
September 30 2020,Montgomery,PA,Passenger,1,0,1,29,30,3.33
September 30 2018,Prince George's,MD,Passenger,1,1,2,183,185,1.08
March 31 2021,Camden,NJ,Passenger,0,1,1,15,16,6.25
May 31 2023,Eagle,CO,Passenger,1,0,1,6,7,14.29
January 31 2023,Pierce,WA,Passenger,6386,2545,8931,536720,545651,1.64
May 31 2021,Snohomish,WA,Truck,1,0,1,126336,126337,0.00
April 30 2021,Newport,RI,Passenger,0,1,1,79,80,1.25
November 30 2021,King,WA,Passenger,34695,10086,44781,1361771,1406552,3.18
October 31 2017,Klickitat,WA,Truck,0,0,0,7998,7998,0.00
December 31 2020,Ferry,WA,Passenger,9,3,12,4362,4374,0.27
January 31 2024,Lincoln,WA,Truck,0,0,0,4756,4756,0.00
July 31 2021,Orange,NC,Passenger,0,1,1,13,14,7.14
January 31 2022,Cowlitz,WA,Passenger,273,164,437,71273,71710,0.61
July 31 2019,Cook,IL,Passenger,1,0,1,249,250,0.40
May 31 2019,Kalamazoo,MI,Passenger,1,0,1,14,15,6.67
October 31 2023,Arapahoe,CO,Passenger,1,1,2,69,71,2.82
February 28 2018,Jefferson,WA,Passenger,127,80,207,24309,24516,0.84
October 31 2017,Anne Arundel,MD,Passenger,0,1,1,485,486,0.21
September 30 2023,Carroll,MD,Passenger,0,1,1,15,16,6.25
May 31 2020,Harnett,NC,Passenger,1,0,1,211,212,0.47
August 31 2017,Kent,MI,Passenger,0,1,1,38,39,2.56
February 29 2024,Pinal,AZ,Passenger,1,1,2,66,68,2.94
February 28 2017,Snohomish,WA,Truck,1,0,1,122502,122503,0.00
September 30 2021,Benton,WA,Truck,0,0,0,43671,43671,0.00
August 31 2020,Whitman,WA,Truck,0,0,0,8480,8480,0.00
February 29 2020,Newport,RI,Passenger,0,1,1,87,88,1.14
June 30 2021,Rogers,OK,Passenger,1,0,1,4,5,20.00
December 31 2018,Pierce,WA,Truck,0,0,0,139080,139080,0.00
November 30 2018,Stevens,WA,Truck,0,0,0,18725,18725,0.00
July 31 2020,Skamania,WA,Passenger,31,20,51,8419,8470,0.60
September 30 2023,San Francisco,CA,Passenger,1,0,1,52,53,1.89
July 31 2020,Ventura,CA,Passenger,1,1,2,290,292,0.68
May 31 2022,Spokane,WA,Truck,1,0,1,102131,102132,0.00
May 31 2023,Clark,NV,Passenger,10,2,12,430,442,2.71
February 29 2024,Kings,CA,Passenger,2,1,3,248,251,1.20
September 30 2022,Broward,FL,Passenger,1,0,1,76,77,1.30
January 31 2020,Hillsborough,FL,Passenger,0,1,1,191,192,0.52
March 31 2022,Hillsborough,FL,Passenger,0,3,3,136,139,2.16
October 31 2021,Stevens,WA,Passenger,53,43,96,30213,30309,0.32
September 30 2019,Howard,MD,Passenger,0,1,1,83,84,1.19
February 28 2023,Anne Arundel,MD,Passenger,3,3,6,314,320,1.88
November 30 2023,Madison,IL,Passenger,2,0,2,16,18,11.11
December 31 2020,Virginia Beach,VA,Passenger,2,0,2,644,646,0.31
January 31 2022,Lincoln,WA,Truck,0,0,0,4831,4831,0.00
April 30 2018,Deschutes,OR,Passenger,1,0,1,181,182,0.55
December 31 2023,DuPage,IL,Passenger,2,1,3,29,32,9.38
July 31 2022,New York,NY,Passenger,1,0,1,40,41,2.44
June 30 2021,Lake,FL,Passenger,1,0,1,24,25,4.00
March 31 2021,Palm Beach,FL,Passenger,0,1,1,76,77,1.30
February 29 2024,Douglas,NE,Passenger,0,1,1,25,26,3.85
February 28 2019,Lewis,WA,Passenger,96,86,182,58302,58484,0.31
June 30 2018,Jefferson,WA,Passenger,144,97,241,24450,24691,0.98
September 30 2019,Whatcom,WA,Truck,2,0,2,43026,43028,0.00
September 30 2019,Mason,WA,Truck,0,0,0,20433,20433,0.00
January 31 2023,El Paso,CO,Passenger,2,2,4,567,571,0.70
October 31 2019,Broward,FL,Passenger,2,1,3,127,130,2.31
March 31 2020,Ventura,CA,Passenger,0,2,2,303,305,0.66
June 30 2022,St. Mary's,MD,Passenger,1,0,1,201,202,0.50
March 31 2023,Bell,TX,Passenger,1,0,1,285,286,0.35
January 31 2023,Cook,IL,Passenger,3,0,3,183,186,1.61
July 31 2023,Cook,IL,Passenger,3,1,4,159,163,2.45
March 31 2023,St. Louis,MN,Passenger,0,1,1,8,9,11.11
November 30 2018,Sumter,FL,Passenger,0,1,1,10,11,9.09
March 31 2021,Ulster,NY,Passenger,1,0,1,12,13,7.69
March 31 2018,Benton,WA,Passenger,176,187,363,130767,131130,0.28
July 31 2022,Geary,KS,Passenger,1,0,1,84,85,1.18
December 31 2020,Goochland,VA,Passenger,4,3,7,262,269,2.60
March 31 2024,Kern,CA,Passenger,1,1,2,141,143,1.40
May 31 2019,Stevens,WA,Passenger,21,29,50,31659,31709,0.16
May 31 2022,Marin,CA,Passenger,1,1,2,32,34,5.88
October 31 2017,Hardin,KY,Passenger,0,1,1,112,113,0.88
March 31 2020,Chelan,WA,Passenger,220,79,299,54475,54774,0.55
March 31 2023,Ada,ID,Passenger,2,0,2,138,140,1.43
July 31 2021,Klamath,OR,Passenger,1,0,1,31,32,3.12
August 31 2017,Anne Arundel,MD,Passenger,0,1,1,495,496,0.20
February 28 2017,Shelby,TN,Passenger,0,1,1,112,113,0.88
April 30 2023,Parker,TX,Passenger,0,1,1,16,17,5.88
April 30 2019,Valencia,NM,Passenger,1,0,1,10,11,9.09
January 31 2018,Grant,WA,Passenger,29,37,66,62282,62348,0.11
November 30 2021,Lewis,WA,Passenger,197,165,362,59595,59957,0.60
January 31 2023,Franklin,WA,Passenger,262,124,386,61792,62178,0.62
July 31 2021,Stafford,VA,Passenger,2,1,3,104,107,2.80
January 31 2023,Clallam,WA,Truck,9,0,9,21849,21858,0.04
November 30 2020,Pierce,WA,Truck,0,0,0,144471,144471,0.00
July 31 2017,Kitsap,WA,Truck,1,0,1,52514,52515,0.00
June 30 2019,Mason,WA,Truck,0,0,0,20353,20353,0.00
August 31 2019,Kittitas,WA,Truck,0,0,0,14528,14528,0.00
October 31 2019,Whitman,WA,Truck,0,0,0,8595,8595,0.00
March 31 2017,Clackamas,OR,Passenger,1,2,3,336,339,0.88
August 31 2022,Frederick,MD,Passenger,1,0,1,62,63,1.59
December 31 2018,Guadalupe,TX,Passenger,1,0,1,82,83,1.20
July 31 2020,Manassas,VA,Passenger,0,1,1,5,6,16.67
May 31 2021,Pend Oreille,WA,Passenger,14,6,20,9268,9288,0.22
August 31 2023,Riverside,CA,Passenger,6,0,6,376,382,1.57
October 31 2023,Wahkiakum,WA,Truck,4,0,4,1764,1768,0.23
March 31 2022,Columbia,WA,Truck,0,0,0,1588,1588,0.00
January 31 2022,Marin,CA,Passenger,1,1,2,35,37,5.41
July 31 2021,Penobscot,ME,Passenger,0,1,1,9,10,10.00
July 31 2022,Wilson,TX,Passenger,0,1,1,3,4,25.00
June 30 2023,Lewis,WA,Passenger,332,211,543,59351,59894,0.91
March 31 2024,Ferry,WA,Truck,0,0,0,3454,3454,0.00
June 30 2021,Owyhee,ID,Passenger,1,0,1,3,4,25.00
July 31 2018,Kitsap,WA,Passenger,810,473,1283,178818,180101,0.71
November 30 2022,Prince William,VA,Passenger,1,2,3,190,193,1.55
March 31 2023,Ferry,WA,Passenger,19,4,23,4339,4362,0.53
November 30 2023,Hardin,KY,Passenger,1,0,1,55,56,1.79
September 30 2022,Sonoma,CA,Passenger,1,1,2,84,86,2.33
March 31 2022,Marin,CA,Passenger,1,1,2,33,35,5.71
May 31 2023,Rock Island,IL,Passenger,0,1,1,12,13,7.69
October 31 2018,Franklin,WA,Passenger,35,66,101,58740,58841,0.17
August 31 2020,Washoe,NV,Passenger,1,0,1,106,107,0.93
March 31 2018,Orleans,LA,Passenger,0,1,1,46,47,2.13
March 31 2021,Moore,NC,Passenger,0,1,1,137,138,0.72
September 30 2021,Okaloosa,FL,Passenger,0,1,1,120,121,0.83
January 31 2023,Kent,DE,Passenger,1,0,1,48,49,2.04
February 28 2019,Snohomish,WA,Passenger,3146,1498,4644,527540,532184,0.87
April 30 2020,Jefferson,WA,Passenger,234,142,376,24904,25280,1.49
January 31 2020,Columbia,WA,Truck,0,0,0,1534,1534,0.00
July 31 2019,Fairfax,VA,Passenger,4,2,6,791,797,0.75
March 31 2022,Arlington,VA,Passenger,1,0,1,136,137,0.73
October 31 2020,Los Angeles,CA,Passenger,8,10,18,1017,1035,1.74
May 31 2017,Prince William,VA,Passenger,0,4,4,277,281,1.42
June 30 2019,Randolph,NC,Passenger,1,0,1,6,7,14.29
June 30 2020,King,WA,Truck,5,1,6,182125,182131,0.00
May 31 2017,Yakima,WA,Passenger,42,55,97,159362,159459,0.06
January 31 2022,Fulton,GA,Passenger,0,1,1,79,80,1.25
October 31 2021,Wilson,TX,Passenger,0,1,1,3,4,25.00
October 31 2022,Spokane,WA,Truck,14,0,14,101745,101759,0.01
May 31 2020,Solano,CA,Passenger,1,0,1,210,211,0.47
June 30 2018,Ramsey,MN,Passenger,1,0,1,41,42,2.38
April 30 2024,Middlesex,NJ,Passenger,1,0,1,19,20,5.00
April 30 2024,Montgomery,OH,Passenger,0,1,1,34,35,2.86
June 30 2021,Grays Harbor,WA,Passenger,168,144,312,49425,49737,0.63
July 31 2018,Kootenai,ID,Passenger,0,1,1,221,222,0.45
April 30 2017,Thurston,WA,Truck,0,0,0,53236,53236,0.00
April 30 2023,Pacific,WA,Truck,3,0,3,7823,7826,0.04
August 31 2017,Cowlitz,WA,Truck,0,0,0,27989,27989,0.00
April 30 2019,Volusia,FL,Passenger,0,1,1,39,40,2.50
October 31 2021,Cumberland,NC,Passenger,0,4,4,419,423,0.95
April 30 2021,Montgomery,TX,Passenger,1,1,2,50,52,3.85
December 31 2018,Klickitat,WA,Passenger,28,32,60,15428,15488,0.39
April 30 2018,Wahkiakum,WA,Passenger,1,3,4,2888,2892,0.14
August 31 2021,San Juan,WA,Truck,0,0,0,5973,5973,0.00
July 31 2022,Lewis,WA,Truck,0,0,0,26331,26331,0.00
February 28 2018,Polk,FL,Passenger,1,0,1,66,67,1.49
December 31 2021,Richmond,NY,Passenger,1,0,1,4,5,20.00
April 30 2020,Clark,WA,Truck,0,0,0,81814,81814,0.00
December 31 2018,Pend Oreille,WA,Passenger,5,5,10,9531,9541,0.10
January 31 2020,Oklahoma,OK,Passenger,0,1,1,133,134,0.75
July 31 2020,Suffolk,VA,Passenger,1,0,1,127,128,0.78
July 31 2023,Williamson,TX,Passenger,0,1,1,51,52,1.92
April 30 2021,Queens,NY,Passenger,2,0,2,54,56,3.57
December 31 2023,Houston,GA,Passenger,1,0,1,27,28,3.57
April 30 2019,Clark,WA,Passenger,1414,896,2310,312514,314824,0.73
November 30 2023,Pend Oreille,WA,Passenger,33,21,54,8763,8817,0.61
March 31 2019,Shelby,TN,Passenger,0,1,1,99,100,1.00
July 31 2023,Newport News,VA,Passenger,1,0,1,98,99,1.01
August 31 2017,Fulton,GA,Passenger,1,0,1,111,112,0.89
March 31 2019,St. Lucie,FL,Passenger,1,0,1,29,30,3.33
May 31 2022,Grays Harbor,WA,Truck,0,0,0,21291,21291,0.00
May 31 2022,Skamania,WA,Passenger,70,45,115,8188,8303,1.39
February 28 2018,Virginia Beach,VA,Passenger,2,1,3,674,677,0.44
August 31 2019,Contra Costa,CA,Passenger,2,2,4,364,368,1.09
November 30 2022,Hardin,KY,Passenger,1,0,1,59,60,1.67
September 30 2017,Cowlitz,WA,Truck,0,0,0,28038,28038,0.00
July 31 2023,Pierce,WA,Truck,167,0,167,136633,136800,0.12
July 31 2020,Adams,WA,Truck,0,0,0,5281,5281,0.00
January 31 2024,El Paso,TX,Passenger,3,0,3,254,257,1.17
September 30 2018,Santa Rosa,FL,Passenger,1,0,1,93,94,1.06
May 31 2022,Spokane,WA,Passenger,1538,831,2369,324852,327221,0.72
August 31 2022,Benton,WA,Passenger,813,471,1284,135218,136502,0.94
May 31 2022,King,WA,Truck,43,1,44,181076,181120,0.02
November 30 2020,San Mateo,CA,Passenger,1,1,2,118,120,1.67
September 30 2023,Douglas,CO,Passenger,0,2,2,53,55,3.64
August 31 2019,Dakota,MN,Passenger,0,1,1,36,37,2.70
February 28 2023,Whatcom,WA,Passenger,2224,824,3048,148538,151586,2.01
April 30 2021,Maricopa,AZ,Passenger,5,7,12,1347,1359,0.88
September 30 2019,,,Passenger,6,2,8,422,430,1.86
January 31 2017,Ventura,CA,Passenger,0,2,2,400,402,0.50
June 30 2021,Allen,IN,Passenger,1,0,1,20,21,4.76
June 30 2021,Hampshire,MA,Passenger,1,0,1,8,9,11.11
November 30 2022,Rock Island,IL,Passenger,0,1,1,14,15,6.67
March 31 2023,El Paso,CO,Passenger,2,2,4,537,541,0.74
December 31 2017,Gwinnett,GA,Passenger,0,1,1,86,87,1.15
November 30 2018,Clackamas,OR,Passenger,1,1,2,219,221,0.90
October 31 2019,Flathead,MT,Passenger,1,0,1,69,70,1.43
September 30 2021,Pacific,WA,Passenger,49,57,106,16062,16168,0.66
October 31 2019,Pinellas,FL,Passenger,1,1,2,117,119,1.68
August 31 2021,Arapahoe,CO,Passenger,1,0,1,119,120,0.83
February 29 2020,San Francisco,CA,Passenger,2,1,3,105,108,2.78
October 31 2020,Harford,MD,Passenger,0,1,1,59,60,1.67
August 31 2021,RÃ­o Grande,PR,Passenger,1,0,1,0,1,100.00
December 31 2017,Clallam,WA,Passenger,99,91,190,49058,49248,0.39
December 31 2021,Clallam,WA,Passenger,383,239,622,50371,50993,1.22
May 31 2021,Clackamas,OR,Passenger,2,0,2,179,181,1.10
January 31 2019,Calvert,MD,Passenger,0,1,1,88,89,1.12
June 30 2019,Prince George's,MD,Passenger,1,1,2,182,184,1.09
April 30 2021,Okaloosa,FL,Passenger,0,1,1,134,135,0.74
June 30 2019,Kent,MI,Passenger,0,1,1,23,24,4.17
November 30 2022,Plaquemines,LA,Passenger,1,1,2,19,21,9.52
June 30 2022,Spokane,WA,Truck,1,0,1,102138,102139,0.00
July 31 2017,Lincoln,WA,Truck,0,0,0,4445,4445,0.00
September 30 2023,Ferry,WA,Passenger,23,4,27,4320,4347,0.62
December 31 2023,Harnett,NC,Passenger,4,0,4,131,135,2.96
September 30 2023,Charleston,SC,Passenger,1,2,3,50,53,5.66
January 31 2023,Washtenaw,MI,Passenger,0,2,2,22,24,8.33
July 31 2022,Grant,WA,Passenger,183,100,283,66611,66894,0.42
June 30 2021,St. Mary's,MD,Passenger,1,0,1,208,209,0.48
April 30 2021,San Francisco,CA,Passenger,1,1,2,100,102,1.96
June 30 2021,Washington,OR,Passenger,1,0,1,402,403,0.25
October 31 2022,Brown,WI,Passenger,1,0,1,9,10,10.00
December 31 2022,Harrison,MS,Passenger,1,0,1,40,41,2.44
March 31 2017,Stevens,WA,Truck,0,0,0,18306,18306,0.00
January 31 2017,Island,WA,Truck,1,0,1,20513,20514,0.00
February 28 2022,Wichita,TX,Passenger,1,0,1,44,45,2.22
February 28 2023,Harnett,NC,Passenger,2,0,2,146,148,1.35
July 31 2021,Polk,FL,Passenger,1,0,1,67,68,1.47
September 30 2021,St. Clair,IL,Passenger,1,0,1,130,131,0.76
December 31 2021,Hamilton,IN,Passenger,2,0,2,29,31,6.45
November 30 2023,St. Lawrence,NY,Passenger,1,0,1,2,3,33.33
October 31 2018,Pierce,WA,Passenger,1405,1305,2710,537007,539717,0.50
August 31 2021,Jefferson,WA,Passenger,348,183,531,24844,25375,2.09
December 31 2018,Columbia,WA,Passenger,2,2,4,2422,2426,0.16
November 30 2023,Miami-Dade,FL,Passenger,1,0,1,56,57,1.75
February 28 2019,Mercer,NJ,Passenger,0,1,1,19,20,5.00
March 31 2021,Rogers,OK,Passenger,1,0,1,5,6,16.67
December 31 2022,Franklin,WA,Truck,4,0,4,20951,20955,0.02
September 30 2019,Grant,WA,Truck,0,0,0,26785,26785,0.00
May 31 2020,Ferry,WA,Truck,0,0,0,3542,3542,0.00
June 30 2023,El Paso,CO,Passenger,2,1,3,507,510,0.59
October 31 2021,Albemarle,VA,Passenger,2,0,2,24,26,7.69
October 31 2021,Cowlitz,WA,Passenger,258,154,412,71829,72241,0.57
May 31 2017,Pierce,WA,Passenger,933,823,1756,525092,526848,0.33
August 31 2020,Cascade,MT,Passenger,0,1,1,59,60,1.67
November 30 2020,Bartow,GA,Passenger,0,1,1,6,7,14.29
January 31 2023,Pend Oreille,WA,Truck,0,0,0,5575,5575,0.00
December 31 2018,Gwinnett,GA,Passenger,0,1,1,80,81,1.23
March 31 2021,Benton,WA,Passenger,464,368,832,135432,136264,0.61
July 31 2022,Clallam,WA,Truck,3,0,3,21875,21878,0.01
June 30 2023,Cook,IL,Passenger,3,1,4,160,164,2.44
January 31 2017,Franklin,WA,Passenger,27,42,69,55392,55461,0.12
October 31 2023,New London,CT,Passenger,2,2,4,158,162,2.47
May 31 2021,Bartow,GA,Passenger,0,1,1,6,7,14.29
August 31 2021,Broward,FL,Passenger,2,0,2,110,112,1.79
June 30 2020,Valencia,NM,Passenger,1,0,1,7,8,12.50
January 31 2023,Benton,WA,Passenger,958,511,1469,135782,137251,1.07
September 30 2018,Fresno,CA,Passenger,1,0,1,199,200,0.50
December 31 2020,Franklin,WA,Truck,0,0,0,20429,20429,0.00
June 30 2019,Whitman,WA,Truck,0,0,0,8584,8584,0.00
December 31 2019,Portsmouth,VA,Passenger,0,1,1,78,79,1.27
December 31 2019,Clackamas,OR,Passenger,2,1,3,213,216,1.39
July 31 2022,Platte,MO,Passenger,1,0,1,22,23,4.35
July 31 2023,Las Animas,CO,Passenger,1,0,1,0,1,100.00
July 31 2023,Lake,IL,Passenger,3,0,3,120,123,2.44
March 31 2022,Cumberland,NC,Passenger,1,4,5,396,401,1.25
May 31 2017,Duval,FL,Passenger,1,1,2,375,377,0.53
May 31 2021,Calvert,MD,Passenger,0,2,2,91,93,2.15
September 30 2023,Sarasota,FL,Passenger,1,0,1,25,26,3.85
June 30 2017,Saratoga,NY,Passenger,1,1,2,74,76,2.63
August 31 2017,Lewis,WA,Truck,0,0,0,25019,25019,0.00
September 30 2018,Palm Beach,FL,Passenger,0,2,2,89,91,2.20
February 29 2020,Williams,ND,Passenger,0,1,1,13,14,7.14
December 31 2023,Solano,CA,Passenger,5,0,5,126,131,3.82
September 30 2019,Ramsey,MN,Passenger,1,0,1,42,43,2.33
June 30 2023,Brown,WI,Passenger,1,0,1,7,8,12.50
May 31 2022,Rogers,OK,Passenger,1,0,1,2,3,33.33
February 28 2022,Kitsap,WA,Passenger,2228,980,3208,179332,182540,1.76
June 30 2023,Fulton,GA,Passenger,1,1,2,62,64,3.12
August 31 2017,Arlington,VA,Passenger,1,2,3,169,172,1.74
February 28 2017,Collier,FL,Passenger,1,0,1,22,23,4.35
March 31 2022,Montgomery,PA,Passenger,2,0,2,25,27,7.41
November 30 2023,Clark,WA,Passenger,6939,2602,9541,313062,322603,2.96
August 31 2020,Thurston,WA,Passenger,1194,751,1945,196948,198893,0.98
September 30 2017,Richland,SC,Passenger,0,1,1,187,188,0.53
February 28 2023,Brown,WI,Passenger,1,0,1,7,8,12.50
August 31 2022,Yakima,WA,Truck,1,0,1,61337,61338,0.00
October 31 2020,Santa Clara,CA,Passenger,6,2,8,293,301,2.66
September 30 2017,Prince William,VA,Passenger,0,4,4,267,271,1.48
September 30 2020,New London,CT,Passenger,1,1,2,234,236,0.85
May 31 2023,Kern,CA,Passenger,1,1,2,182,184,1.09
October 31 2023,Anchorage,AK,Passenger,1,0,1,89,90,1.11
March 31 2017,Spokane,WA,Passenger,232,202,434,295415,295849,0.15
January 31 2017,Clallam,WA,Truck,0,0,0,21038,21038,0.00
April 30 2018,Asotin,WA,Truck,0,0,0,6592,6592,0.00
November 30 2022,Arapahoe,CO,Passenger,0,1,1,89,90,1.11
August 31 2022,Currituck,NC,Passenger,1,0,1,19,20,5.00
September 30 2019,Frederick,MD,Passenger,1,1,2,80,82,2.44
March 31 2021,Lane,OR,Passenger,0,2,2,134,136,1.47
December 31 2021,Gwinnett,GA,Passenger,1,0,1,61,62,1.61
May 31 2020,Vigo,IN,Passenger,1,0,1,5,6,16.67
December 31 2022,Wilson,TX,Passenger,0,1,1,3,4,25.00
September 30 2022,Wahkiakum,WA,Passenger,24,12,36,3077,3113,1.16
October 31 2018,Chelan,WA,Passenger,126,59,185,53930,54115,0.34
June 30 2020,Benton,WA,Passenger,358,321,679,134184,134863,0.50
March 31 2020,Jefferson,WA,Passenger,234,141,375,25068,25443,1.47
December 31 2017,Norfolk,VA,Passenger,1,1,2,314,316,0.63
March 31 2021,Okanogan,WA,Truck,0,0,0,16661,16661,0.00
July 31 2019,Bergen,NJ,Passenger,1,0,1,27,28,3.57
February 28 2023,Wichita,TX,Passenger,2,0,2,40,42,4.76
March 31 2022,Sevier,AR,Passenger,0,1,1,0,1,100.00
January 31 2024,Bell,TX,Passenger,1,0,1,208,209,0.48
November 30 2019,Ferry,WA,Passenger,5,2,7,4416,4423,0.16
April 30 2018,Pinal,AZ,Passenger,2,0,2,213,215,0.93
September 30 2021,Suffolk,VA,Passenger,1,0,1,128,129,0.78
January 31 2021,Charles,MD,Passenger,1,1,2,76,78,2.56
February 28 2018,Benton,WA,Passenger,175,179,354,130438,130792,0.27
September 30 2017,Cowlitz,WA,Passenger,52,64,116,70269,70385,0.16
May 31 2020,Skagit,WA,Truck,1,0,1,32382,32383,0.00
June 30 2022,Newport,RI,Passenger,0,1,1,71,72,1.39
June 30 2017,New Haven,CT,Passenger,0,1,1,57,58,1.72
October 31 2018,Oldham,KY,Passenger,0,1,1,5,6,16.67
October 31 2020,Norfolk,VA,Passenger,2,3,5,345,350,1.43
October 31 2023,Hennepin,MN,Passenger,1,0,1,34,35,2.86
July 31 2021,Bartow,GA,Passenger,0,1,1,5,6,16.67
January 31 2021,Platte,MO,Passenger,1,0,1,20,21,4.76
December 31 2021,Nassau,NY,Passenger,3,0,3,35,38,7.89
March 31 2021,Garfield,WA,Truck,0,0,0,1010,1010,0.00
June 30 2020,Kent,MI,Passenger,0,1,1,26,27,3.70
October 31 2020,Owyhee,ID,Passenger,1,0,1,3,4,25.00
August 31 2023,Kitsap,WA,Passenger,3465,1360,4825,175566,180391,2.67
September 30 2021,Houston,GA,Passenger,1,0,1,45,46,2.17
June 30 2017,Travis,TX,Passenger,1,1,2,197,199,1.01
October 31 2023,Ferry,WA,Truck,0,0,0,3534,3534,0.00
May 31 2023,Dorchester,SC,Passenger,1,0,1,46,47,2.13
June 30 2019,Dallas,TX,Passenger,1,0,1,209,210,0.48
November 30 2023,King,WA,Passenger,67822,16386,84208,1314969,1399177,6.02
April 30 2020,Loudoun,VA,Passenger,1,0,1,90,91,1.10
June 30 2017,King,WA,Passenger,10024,4102,14126,1375041,1389167,1.02
September 30 2022,Clackamas,OR,Passenger,1,0,1,142,143,0.70
December 31 2017,Island,WA,Truck,0,0,0,20748,20748,0.00
June 30 2023,Walla Walla,WA,Truck,5,0,5,13709,13714,0.04
April 30 2021,Clark,WA,Truck,0,0,0,84162,84162,0.00
February 28 2021,Benton,WA,Truck,0,0,0,43376,43376,0.00
July 31 2021,Skagit,WA,Truck,1,0,1,33004,33005,0.00
November 30 2019,Nueces,TX,Passenger,1,1,2,87,89,2.25
November 30 2021,Charles,MD,Passenger,1,1,2,71,73,2.74
October 31 2018,Randolph,NC,Passenger,1,0,1,5,6,16.67
March 31 2021,Yakima,WA,Passenger,190,135,325,168178,168503,0.19
March 31 2024,Honolulu,HI,Passenger,4,2,6,218,224,2.68
April 30 2020,Frederick,MD,Passenger,1,1,2,74,76,2.63
April 30 2018,Gwinnett,GA,Passenger,0,1,1,83,84,1.19
April 30 2021,Saginaw,MI,Passenger,2,0,2,12,14,14.29
October 31 2020,Dallas,TX,Passenger,1,0,1,188,189,0.53
November 30 2023,Sacramento,CA,Passenger,2,1,3,147,150,2.00
June 30 2021,Ferry,WA,Passenger,9,3,12,4374,4386,0.27
February 29 2024,Multnomah,OR,Passenger,1,1,2,353,355,0.56
October 31 2023,Pima,AZ,Passenger,1,0,1,172,173,0.58
August 31 2018,Cochise,AZ,Passenger,0,1,1,115,116,0.86
May 31 2020,DeKalb,IN,Passenger,1,0,1,1,2,50.00
January 31 2020,Bexar,TX,Passenger,1,5,6,669,675,0.89
January 31 2020,Prince George's,MD,Passenger,1,1,2,177,179,1.12
December 31 2021,Williamson,TX,Passenger,1,2,3,103,106,2.83
July 31 2018,Hawaii,HI,Passenger,1,0,1,77,78,1.28
June 30 2017,Bergen,NJ,Passenger,0,2,2,32,34,5.88
September 30 2018,Douglas,WA,Truck,0,0,0,12011,12011,0.00
March 31 2024,Chelan,WA,Passenger,802,222,1024,53517,54541,1.88
October 31 2019,Skamania,WA,Passenger,25,20,45,8794,8839,0.51
September 30 2020,Ventura,CA,Passenger,1,1,2,284,286,0.70
January 31 2020,Carson City,NV,Passenger,1,0,1,9,10,10.00
November 30 2018,Portsmouth,VA,Passenger,0,1,1,78,79,1.27
September 30 2020,Dallas,TX,Passenger,1,0,1,189,190,0.53
February 28 2021,Larimer,CO,Passenger,1,0,1,52,53,1.89
July 31 2020,Bexar,TX,Passenger,3,5,8,622,630,1.27
August 31 2017,Maricopa,AZ,Passenger,2,1,3,1734,1737,0.17
December 31 2019,Brevard,FL,Passenger,0,1,1,93,94,1.06
May 31 2022,Wake,NC,Passenger,1,0,1,105,106,0.94
September 30 2020,Deschutes,OR,Passenger,2,0,2,139,141,1.42
October 31 2018,Flathead,MT,Passenger,1,0,1,57,58,1.72
December 31 2018,Oldham,KY,Passenger,0,1,1,5,6,16.67
December 31 2018,Virginia Beach,VA,Passenger,2,1,3,690,693,0.43
January 31 2023,Cumberland,NC,Passenger,1,4,5,343,348,1.44
August 31 2021,Pend Oreille,WA,Truck,0,0,0,5722,5722,0.00
June 30 2023,Escambia,FL,Passenger,0,1,1,137,138,0.72
May 31 2023,Madison,IL,Passenger,2,0,2,16,18,11.11
December 31 2022,DeKalb,GA,Passenger,1,0,1,45,46,2.17
June 30 2018,Franklin,WA,Truck,0,0,0,18660,18660,0.00
April 30 2021,Asotin,WA,Truck,0,0,0,6764,6764,0.00
October 31 2018,Broward,FL,Passenger,2,1,3,137,140,2.14
October 31 2019,Stafford,VA,Passenger,1,1,2,100,102,1.96
July 31 2022,Monterey,CA,Passenger,0,3,3,146,149,2.01
April 30 2022,Middlesex,NJ,Passenger,1,0,1,21,22,4.55
July 31 2023,Sedgwick,KS,Passenger,1,0,1,52,53,1.89
May 31 2021,Middlesex,MA,Passenger,1,0,1,100,101,0.99
April 30 2021,Hennepin,MN,Passenger,2,0,2,84,86,2.33
June 30 2018,Ferry,WA,Passenger,3,3,6,4425,4431,0.14
March 31 2024,Duval,FL,Passenger,1,0,1,182,183,0.55
August 31 2020,Calvert,MD,Passenger,0,2,2,88,90,2.22
July 31 2017,Cowlitz,WA,Truck,0,0,0,27951,27951,0.00
October 31 2022,Kittitas,WA,Truck,5,0,5,14596,14601,0.03
February 29 2020,Pend Oreille,WA,Passenger,8,7,15,9452,9467,0.16
August 31 2019,Asotin,WA,Passenger,12,7,19,12636,12655,0.15
September 30 2018,Santa Clara,CA,Passenger,8,0,8,386,394,2.03
February 29 2024,Onslow,NC,Passenger,0,1,1,120,121,0.83
October 31 2020,Montgomery,AL,Passenger,0,1,1,41,42,2.38
July 31 2021,Snohomish,WA,Truck,1,0,1,126162,126163,0.00
March 31 2017,Pinal,AZ,Passenger,2,0,2,265,267,0.75
April 30 2022,Juneau,AK,Passenger,0,1,1,31,32,3.12
December 31 2019,Thurston,WA,Passenger,1052,699,1751,199094,200845,0.87
June 30 2017,Kittitas,WA,Truck,0,0,0,13563,13563,0.00
January 31 2018,Santa Rosa,FL,Passenger,1,0,1,106,107,0.93
June 30 2021,Salt Lake,UT,Passenger,0,1,1,188,189,0.53
June 30 2020,Loudoun,VA,Passenger,1,0,1,86,87,1.15
June 30 2021,Bartow,GA,Passenger,0,1,1,5,6,16.67
January 31 2018,Essex,NJ,Passenger,1,0,1,12,13,7.69
June 30 2017,Mason,WA,Truck,0,0,0,19264,19264,0.00
September 30 2018,Island,WA,Truck,0,0,0,21090,21090,0.00
February 29 2024,Bexar,TX,Passenger,1,3,4,329,333,1.20
September 30 2021,Thurston,WA,Passenger,1746,907,2653,197204,199857,1.33
November 30 2023,Grant,WA,Truck,13,0,13,28040,28053,0.05
June 30 2023,Ferry,WA,Truck,0,0,0,3582,3582,0.00
June 30 2018,Hennepin,MN,Passenger,1,0,1,108,109,0.92
May 31 2023,Columbia,OR,Passenger,1,0,1,12,13,7.69
September 30 2019,Larimer,CO,Passenger,1,0,1,59,60,1.67
August 31 2023,Currituck,NC,Passenger,1,0,1,19,20,5.00
July 31 2023,Kootenai,ID,Truck,1,0,1,27,28,3.57
August 31 2022,Jefferson,NY,Passenger,1,0,1,215,216,0.46
August 31 2022,Virginia Beach,VA,Passenger,2,1,3,512,515,0.58
June 30 2021,Douglas,NE,Passenger,1,1,2,54,56,3.57
April 30 2023,Walla Walla,WA,Truck,5,0,5,13743,13748,0.04
January 31 2020,Kitsap,WA,Passenger,1258,656,1914,182377,184291,1.04
August 31 2021,Henrico,VA,Passenger,0,1,1,14,15,6.67
June 30 2020,Alameda,CA,Passenger,2,0,2,281,283,0.71
January 31 2022,Deschutes,OR,Passenger,2,0,2,111,113,1.77
September 30 2017,Albemarle,VA,Passenger,0,1,1,32,33,3.03
November 30 2021,Island,WA,Truck,0,0,0,21505,21505,0.00
February 29 2020,Walla Walla,WA,Passenger,68,62,130,36305,36435,0.36
March 31 2020,St. Louis,MO,Passenger,1,0,1,104,105,0.95
December 31 2023,Shelby,AL,Passenger,1,0,1,5,6,16.67
October 31 2022,Marion,IA,Passenger,1,0,1,0,1,100.00
September 30 2021,Las Animas,CO,Passenger,1,0,1,0,1,100.00
November 30 2018,King,WA,Passenger,15781,6398,22179,1376762,1398941,1.59
August 31 2017,Whitman,WA,Truck,0,0,0,8451,8451,0.00
April 30 2022,Fairbanks North Star,AK,Passenger,0,1,1,83,84,1.19
March 31 2021,Montgomery,TX,Passenger,1,1,2,50,52,3.85
September 30 2020,Leavenworth,KS,Passenger,0,1,1,113,114,0.88
October 31 2023,Yuba,CA,Passenger,1,0,1,47,48,2.08
August 31 2019,Juneau,AK,Passenger,0,2,2,32,34,5.88
September 30 2021,Hamilton,IN,Passenger,2,0,2,33,35,5.71
February 29 2024,Lee,AL,Passenger,1,0,1,12,13,7.69
February 29 2020,Pierce,WA,Passenger,2253,1683,3936,550907,554843,0.71
September 30 2021,Travis,TX,Passenger,5,3,8,151,159,5.03
April 30 2021,Whatcom,WA,Truck,4,0,4,43855,43859,0.01
October 31 2017,Ferry,WA,Truck,0,0,0,3551,3551,0.00
June 30 2021,Santa Clara,CA,Passenger,9,2,11,275,286,3.85
November 30 2022,Virginia Beach,VA,Truck,1,0,1,114,115,0.87
November 30 2022,Frederick,MD,Passenger,1,0,1,63,64,1.56
May 31 2023,San Mateo,CA,Passenger,2,0,2,66,68,2.94
January 31 2022,Asotin,WA,Passenger,23,17,40,12653,12693,0.32
December 31 2020,Douglas,WA,Passenger,87,44,131,28190,28321,0.46
September 30 2019,Brevard,FL,Passenger,0,1,1,92,93,1.08
April 30 2023,Jackson,OK,Passenger,0,1,1,32,33,3.03
January 31 2023,Harrison,MS,Passenger,1,0,1,39,40,2.50
November 30 2021,Sarpy,NE,Passenger,1,0,1,71,72,1.39
May 31 2019,Multnomah,OR,Passenger,5,5,10,766,776,1.29
November 30 2022,Eagle,CO,Passenger,1,0,1,7,8,12.50
January 31 2022,El Paso,CO,Passenger,3,0,3,673,676,0.44
July 31 2017,Garfield,WA,Passenger,0,0,0,1296,1296,0.00
November 30 2018,Ada,ID,Passenger,0,2,2,325,327,0.61
February 28 2019,Grant,WA,Truck,0,0,0,26309,26309,0.00
April 30 2023,Rock Island,IL,Passenger,0,1,1,13,14,7.14
July 31 2023,Montgomery,MD,Passenger,6,2,8,178,186,4.30
October 31 2022,Miami-Dade,FL,Passenger,1,0,1,76,77,1.30
April 30 2021,Anchorage,AK,Passenger,1,0,1,150,151,0.66
October 31 2023,Larimer,CO,Passenger,1,0,1,22,23,4.35
June 30 2018,DeKalb,IN,Passenger,1,0,1,1,2,50.00
October 31 2019,Pierce,WA,Passenger,2058,1628,3686,546716,550402,0.67
May 31 2019,Grant,WA,Truck,0,0,0,26526,26526,0.00
October 31 2019,Deschutes,OR,Passenger,4,0,4,161,165,2.42
October 31 2018,Hamilton,IN,Passenger,1,0,1,48,49,2.04
January 31 2017,Benton,WA,Truck,0,0,0,39814,39814,0.00
January 31 2023,Duval,FL,Passenger,1,0,1,270,271,0.37
January 31 2020,Saginaw,MI,Passenger,1,0,1,12,13,7.69
February 29 2024,Lake,IN,Passenger,0,1,1,4,5,20.00
May 31 2021,Ferry,WA,Passenger,9,3,12,4375,4387,0.27
March 31 2020,Douglas,WA,Truck,0,0,0,12330,12330,0.00
December 31 2017,Jefferson,WA,Truck,0,0,0,9469,9469,0.00
April 30 2018,Santa Clara,CA,Passenger,6,1,7,392,399,1.75
October 31 2021,Milwaukee,WI,Passenger,1,0,1,40,41,2.44
November 30 2023,Caddo,LA,Passenger,2,0,2,11,13,15.38
February 28 2022,Walla Walla,WA,Truck,0,0,0,14070,14070,0.00
March 31 2023,Stafford,VA,Passenger,3,1,4,82,86,4.65
November 30 2018,Manassas,VA,Passenger,0,1,1,9,10,10.00
April 30 2017,DeKalb,IN,Passenger,1,0,1,1,2,50.00
February 28 2021,Whatcom,WA,Truck,3,0,3,43626,43629,0.01
September 30 2017,San Juan,WA,Passenger,117,42,159,13671,13830,1.15
February 28 2022,New York,NY,Passenger,2,0,2,41,43,4.65
April 30 2020,Pacific,WA,Passenger,30,34,64,15830,15894,0.40
April 30 2020,Bexar,TX,Passenger,1,5,6,641,647,0.93
September 30 2019,Santa Clara,CA,Passenger,4,2,6,373,379,1.58
June 30 2023,Chesterfield,VA,Passenger,1,0,1,37,38,2.63
September 30 2022,Goochland,VA,Passenger,1,2,3,111,114,2.63
February 28 2021,Okaloosa,FL,Passenger,0,1,1,141,142,0.70
May 31 2023,Wichita,TX,Passenger,2,0,2,35,37,5.41
May 31 2017,Portsmouth,VA,Passenger,0,1,1,66,67,1.49
February 28 2018,Hamilton,TN,Passenger,1,0,1,22,23,4.35
August 31 2018,Prince William,VA,Passenger,0,5,5,259,264,1.89
April 30 2018,Duval,FL,Passenger,1,2,3,377,380,0.79
August 31 2020,Duval,FL,Passenger,0,2,2,368,370,0.54
February 28 2022,Grant,WA,Truck,0,0,0,27993,27993,0.00
December 31 2021,Virginia Beach,VA,Passenger,2,0,2,573,575,0.35
September 30 2022,Palm Beach,FL,Passenger,0,1,1,56,57,1.75
July 31 2018,Beaufort,SC,Passenger,1,0,1,40,41,2.44
May 31 2022,Middlesex,NJ,Passenger,1,0,1,22,23,4.35
July 31 2022,Brown,WI,Passenger,1,0,1,10,11,9.09
October 31 2022,Orange,NC,Passenger,0,1,1,7,8,12.50
May 31 2022,Ferry,WA,Passenger,20,4,24,4435,4459,0.54
June 30 2017,Dane,WI,Passenger,1,0,1,105,106,0.94
January 31 2021,Howard,IN,Passenger,0,1,1,3,4,25.00
April 30 2024,Pend Oreille,WA,Passenger,34,21,55,8483,8538,0.64
June 30 2017,Garfield,WA,Passenger,0,0,0,1295,1295,0.00
November 30 2018,Goochland,VA,Passenger,0,1,1,248,249,0.40
September 30 2018,Hamilton,IN,Passenger,1,0,1,48,49,2.04
July 31 2022,Gwinnett,GA,Passenger,1,0,1,53,54,1.85
August 31 2019,Shelby,OH,Passenger,0,1,1,2,3,33.33
January 31 2022,Clallam,WA,Passenger,392,241,633,50223,50856,1.24
April 30 2021,Sacramento,CA,Passenger,2,1,3,254,257,1.17
July 31 2019,Osceola,FL,Passenger,1,0,1,43,44,2.27
September 30 2017,Whitman,WA,Passenger,12,22,34,22190,22224,0.15
June 30 2019,Kootenai,ID,Passenger,1,2,3,220,223,1.35
November 30 2017,Missoula,MT,Passenger,1,0,1,69,70,1.43
December 31 2019,Snohomish,WA,Passenger,4022,1708,5730,535947,541677,1.06
April 30 2024,Jefferson,WA,Passenger,709,297,1006,23472,24478,4.11
December 31 2020,San Joaquin,CA,Passenger,1,0,1,115,116,0.86
April 30 2024,Laramie,WY,Passenger,1,0,1,24,25,4.00
June 30 2022,Williams,ND,Passenger,0,1,1,7,8,12.50
January 31 2024,Pierce,WA,Truck,247,0,247,133562,133809,0.18
April 30 2021,Benton,WA,Truck,0,0,0,43681,43681,0.00
March 31 2019,San Juan,WA,Truck,0,0,0,5809,5809,0.00
January 31 2022,Clark,NV,Passenger,8,2,10,595,605,1.65
November 30 2022,Larimer,CO,Passenger,1,0,1,39,40,2.50
April 30 2017,Santa Fe,NM,Passenger,0,1,1,44,45,2.22
March 31 2022,Owyhee,ID,Passenger,1,0,1,2,3,33.33
October 31 2020,Pierce,WA,Truck,0,0,0,144322,144322,0.00
November 30 2018,Wahkiakum,WA,Truck,0,0,0,1704,1704,0.00
April 30 2018,Garfield,WA,Passenger,1,0,1,1330,1331,0.08
October 31 2018,Nassau,NY,Passenger,3,0,3,39,42,7.14
February 29 2024,Carroll,MD,Passenger,0,1,1,12,13,7.69
April 30 2023,Snohomish,WA,Passenger,11692,2929,14621,528411,543032,2.69
February 28 2021,Placer,CA,Passenger,2,0,2,83,85,2.35
April 30 2022,Sarpy,NE,Passenger,1,0,1,65,66,1.52
June 30 2018,Madison,ID,Passenger,1,0,1,39,40,2.50
November 30 2018,Clark,NV,Passenger,3,2,5,735,740,0.68
April 30 2017,Jefferson,NY,Passenger,1,1,2,255,257,0.78
July 31 2022,Skamania,WA,Truck,0,0,0,3942,3942,0.00
September 30 2023,Cook,IL,Passenger,3,1,4,146,150,2.67
October 31 2023,Howard,MD,Passenger,0,2,2,55,57,3.51
August 31 2019,DuPage,IL,Passenger,3,0,3,63,66,4.55
August 31 2020,Pinellas,FL,Passenger,1,1,2,111,113,1.77
February 28 2023,Rockdale,GA,Passenger,1,0,1,6,7,14.29
January 31 2022,Lake,IN,Passenger,0,1,1,9,10,10.00
September 30 2017,Lake,CA,Passenger,0,1,1,13,14,7.14
June 30 2023,Eau Claire,WI,Passenger,1,0,1,1,2,50.00
October 31 2020,Kitsap,WA,Truck,0,0,0,54211,54211,0.00
February 28 2019,Lincoln,WA,Truck,0,0,0,4666,4666,0.00
June 30 2021,Cowlitz,WA,Passenger,224,142,366,72327,72693,0.50
January 31 2022,Richland,SC,Passenger,0,2,2,136,138,1.45
November 30 2021,Spokane,WA,Passenger,1260,748,2008,326718,328726,0.61
November 30 2020,Walla Walla,WA,Passenger,95,66,161,36052,36213,0.44
May 31 2021,Whatcom,WA,Passenger,1387,596,1983,150901,152884,1.30
December 31 2019,Jefferson,WA,Truck,0,0,0,9644,9644,0.00
August 31 2018,Maui,HI,Passenger,1,0,1,57,58,1.72
July 31 2021,Montgomery,TX,Passenger,1,1,2,45,47,4.26
December 31 2021,Geary,KS,Passenger,1,0,1,95,96,1.04
April 30 2023,New York,NY,Passenger,1,0,1,33,34,2.94
January 31 2022,Kittitas,WA,Passenger,216,72,288,29808,30096,0.96
February 28 2019,Carroll,NH,Passenger,0,1,1,2,3,33.33
April 30 2022,Snohomish,WA,Passenger,7962,2417,10379,533617,543996,1.91
September 30 2017,El Paso,TX,Passenger,1,0,1,546,547,0.18
March 31 2018,Fairfax,VA,Passenger,3,2,5,826,831,0.60
December 31 2020,Newport,RI,Passenger,0,1,1,84,85,1.18
March 31 2024,Hillsborough,FL,Passenger,2,2,4,81,85,4.71
August 31 2019,Kalamazoo,MI,Passenger,1,0,1,16,17,5.88
August 31 2018,Nantucket,MA,Passenger,1,0,1,4,5,20.00
October 31 2023,Columbia,OR,Passenger,1,0,1,8,9,11.11
July 31 2018,Grays Harbor,WA,Truck,0,0,0,20221,20221,0.00
April 30 2021,Skagit,WA,Truck,1,0,1,33011,33012,0.00
March 31 2023,El Paso,TX,Passenger,3,0,3,308,311,0.96
October 31 2018,Kent,MI,Passenger,0,1,1,27,28,3.57
May 31 2020,Williams,ND,Passenger,0,1,1,11,12,8.33
June 30 2021,Carroll,MD,Passenger,0,1,1,16,17,5.88
March 31 2018,Pend Oreille,WA,Passenger,4,3,7,9456,9463,0.07
August 31 2017,Hawaii,HI,Passenger,1,0,1,81,82,1.22
January 31 2024,Spotsylvania,VA,Passenger,0,1,1,22,23,4.35
October 31 2021,Pierce,WA,Passenger,3998,2080,6078,557308,563386,1.08
November 30 2018,Yakima,WA,Truck,0,0,0,58740,58740,0.00
March 31 2022,Ada,ID,Passenger,1,0,1,191,192,0.52
May 31 2023,Ada,ID,Passenger,2,0,2,128,130,1.54
December 31 2019,Henrico,VA,Passenger,0,1,1,20,21,4.76
February 28 2018,Cook,IL,Passenger,1,0,1,287,288,0.35
December 31 2020,Williams,ND,Passenger,0,1,1,10,11,9.09
February 28 2019,DeKalb,GA,Passenger,1,0,1,79,80,1.25
March 31 2017,Nueces,TX,Passenger,0,1,1,100,101,0.99
November 30 2019,Cumberland,NC,Passenger,0,2,2,495,497,0.40
December 31 2023,Harford,MD,Passenger,1,1,2,41,43,4.65
September 30 2021,Broward,FL,Passenger,2,0,2,105,107,1.87
May 31 2017,San Juan,WA,Truck,0,0,0,5540,5540,0.00
February 29 2024,Providence,RI,Passenger,1,0,1,15,16,6.25
January 31 2019,Bergen,NJ,Passenger,1,0,1,28,29,3.45
December 31 2017,Twin Falls,ID,Passenger,0,1,1,25,26,3.85
January 31 2021,El Dorado,CA,Passenger,1,0,1,36,37,2.70
January 31 2021,Duval,FL,Passenger,0,2,2,364,366,0.55
February 29 2020,Norfolk,VA,Passenger,2,2,4,349,353,1.13
March 31 2024,Marion,OR,Passenger,1,0,1,42,43,2.33
March 31 2023,District of Columbia,DC,Passenger,2,0,2,155,157,1.27
October 31 2021,Louisa,VA,Passenger,0,1,1,1,2,50.00
February 28 2021,Kittitas,WA,Passenger,142,53,195,29821,30016,0.65
May 31 2020,Clark,WA,Passenger,2003,1055,3058,317396,320454,0.95
June 30 2020,Honolulu,HI,Passenger,4,2,6,465,471,1.27
January 31 2022,Goochland,VA,Passenger,3,2,5,195,200,2.50
March 31 2017,Fulton,GA,Passenger,1,1,2,125,127,1.57
August 31 2020,Travis,TX,Passenger,3,1,4,186,190,2.11
March 31 2023,Muscogee,GA,Passenger,0,1,1,107,108,0.93
April 30 2020,Monroe,IL,Passenger,1,0,1,3,4,25.00
April 30 2022,Stafford,VA,Passenger,2,1,3,95,98,3.06
April 30 2021,Goochland,VA,Passenger,4,2,6,251,257,2.33
April 30 2024,Duval,FL,Passenger,1,0,1,174,175,0.57
February 29 2024,Wilson,TX,Passenger,0,1,1,3,4,25.00
May 31 2022,New London,CT,Passenger,3,3,6,194,200,3.00
January 31 2021,Virginia Beach,VA,Passenger,2,0,2,634,636,0.31
March 31 2023,Frederick,MD,Passenger,1,0,1,59,60,1.67
November 30 2023,Adams,WA,Truck,3,0,3,5344,5347,0.06
July 31 2017,Volusia,FL,Passenger,0,1,1,47,48,2.08
January 31 2022,Rogers,OK,Passenger,1,0,1,3,4,25.00
June 30 2021,Grant,WA,Truck,0,0,0,27898,27898,0.00
April 30 2020,Montgomery,PA,Passenger,1,0,1,33,34,2.94
July 31 2022,Whitman,WA,Truck,2,0,2,8562,8564,0.02
December 31 2019,Pend Oreille,WA,Truck,0,0,0,5769,5769,0.00
August 31 2019,Dale,AL,Passenger,0,1,1,52,53,1.89
May 31 2020,Grant,WA,Passenger,59,70,129,65193,65322,0.20
November 30 2017,Skamania,WA,Passenger,10,7,17,8574,8591,0.20
June 30 2017,Clallam,WA,Truck,0,0,0,21014,21014,0.00
September 30 2022,Pinal,AZ,Passenger,0,1,1,125,126,0.79
September 30 2020,Howard,MD,Passenger,0,1,1,71,72,1.39
January 31 2022,Collier,FL,Passenger,1,0,1,21,22,4.55
April 30 2021,Louisa,VA,Passenger,0,1,1,1,2,50.00
June 30 2023,Fredericksburg,VA,Passenger,1,0,1,5,6,16.67
October 31 2019,Alameda,CA,Passenger,4,1,5,307,312,1.60
February 28 2021,Vigo,IN,Passenger,1,0,1,5,6,16.67
February 29 2020,Duval,FL,Passenger,1,2,3,371,374,0.80
February 28 2021,Pulaski,MO,Passenger,1,0,1,147,148,0.68
June 30 2023,Leavenworth,KS,Passenger,0,1,1,87,88,1.14
April 30 2021,Adams,WA,Truck,0,0,0,5405,5405,0.00
September 30 2017,Columbia,WA,Truck,0,0,0,1558,1558,0.00
April 30 2020,Hennepin,MN,Passenger,3,1,4,97,101,3.96
March 31 2021,Montgomery,OH,Passenger,0,1,1,55,56,1.79
April 30 2024,New York,NY,Passenger,1,0,1,29,30,3.33
February 28 2019,Grant,WA,Passenger,33,55,88,64274,64362,0.14
April 30 2021,El Dorado,CA,Passenger,1,0,1,35,36,2.78
October 31 2017,Pend Oreille,WA,Passenger,3,4,7,9372,9379,0.07
September 30 2019,Anne Arundel,MD,Passenger,1,1,2,433,435,0.46
January 31 2018,Canyon,ID,Passenger,0,1,1,97,98,1.02
July 31 2022,Pinal,AZ,Passenger,0,1,1,133,134,0.75
March 31 2021,Columbia,WA,Passenger,5,4,9,2465,2474,0.36
February 28 2017,Deschutes,OR,Passenger,1,0,1,209,210,0.48
April 30 2022,Harford,MD,Passenger,1,1,2,48,50,4.00
April 30 2024,Chelan,WA,Truck,50,0,50,22391,22441,0.22
July 31 2023,Skagit,WA,Passenger,1149,420,1569,88760,90329,1.74
December 31 2019,Clallam,WA,Passenger,196,157,353,50863,51216,0.69
November 30 2019,Asotin,WA,Passenger,13,8,21,12648,12669,0.17
June 30 2019,Clark,NV,Passenger,4,2,6,703,709,0.85
September 30 2023,Williamson,TX,Passenger,0,1,1,45,46,2.17
November 30 2023,Salt Lake,UT,Passenger,2,1,3,88,91,3.30
October 31 2017,Albemarle,VA,Passenger,0,1,1,32,33,3.03
October 31 2017,Twin Falls,ID,Passenger,0,1,1,25,26,3.85
December 31 2021,Wilson,NC,Passenger,1,0,1,0,1,100.00
June 30 2020,Skagit,WA,Passenger,407,221,628,91125,91753,0.68
October 31 2022,Alameda,CA,Passenger,6,1,7,188,195,3.59
July 31 2022,Wahkiakum,WA,Passenger,24,12,36,3068,3104,1.16
May 31 2022,Contra Costa,CA,Passenger,0,4,4,245,249,1.61
December 31 2021,Harford,MD,Passenger,1,1,2,50,52,3.85
November 30 2022,Pierce,WA,Truck,71,0,71,139760,139831,0.05
August 31 2023,Spokane,WA,Truck,41,0,41,101841,101882,0.04
July 31 2022,Ferry,WA,Truck,0,0,0,3565,3565,0.00
April 30 2018,Mason,WA,Passenger,71,85,156,45390,45546,0.34
September 30 2021,Clark,NV,Passenger,6,2,8,623,631,1.27
August 31 2022,Brown,WI,Passenger,1,0,1,10,11,9.09
September 30 2017,Orange,FL,Passenger,1,1,2,145,147,1.36
July 31 2018,Prince George's,MD,Passenger,1,1,2,188,190,1.05
February 28 2023,Pacific,WA,Truck,2,0,2,7820,7822,0.03
August 31 2023,Hardin,KY,Passenger,1,0,1,56,57,1.75
March 31 2024,Cache,UT,Passenger,1,0,1,7,8,12.50
May 31 2018,Mason,WA,Passenger,77,91,168,45589,45757,0.37
November 30 2018,Lane,OR,Passenger,0,1,1,177,178,0.56
January 31 2024,New London,CT,Passenger,2,2,4,149,153,2.61
September 30 2021,Flathead,MT,Passenger,1,0,1,51,52,1.92
May 31 2020,Pacific,WA,Truck,0,0,0,7622,7622,0.00
May 31 2022,Frederick,MD,Passenger,1,1,2,67,69,2.90
October 31 2022,Hudson,NJ,Passenger,2,0,2,34,36,5.56
October 31 2017,Skamania,WA,Passenger,10,7,17,8569,8586,0.20
September 30 2017,Riverside,CA,Passenger,1,2,3,759,762,0.39
May 31 2019,Duval,FL,Passenger,1,2,3,380,383,0.78
April 30 2023,Contra Costa,CA,Passenger,0,3,3,190,193,1.55
February 29 2024,Contra Costa,CA,Passenger,2,2,4,143,147,2.72
February 29 2020,RÃ­o Grande,PR,Passenger,1,0,1,1,2,50.00
July 31 2022,Clark,WA,Passenger,4224,1806,6030,315227,321257,1.88
July 31 2020,Monterey,CA,Passenger,0,2,2,171,173,1.16
July 31 2018,Okanogan,WA,Truck,0,0,0,16424,16424,0.00
September 30 2018,Maui,HI,Passenger,1,0,1,57,58,1.72
January 31 2019,Ventura,CA,Passenger,0,2,2,324,326,0.61
November 30 2023,Placer,CA,Passenger,1,0,1,58,59,1.69
March 31 2023,Williamsburg,VA,Passenger,0,1,1,7,8,12.50
June 30 2023,Cowlitz,WA,Truck,9,0,9,28272,28281,0.03
January 31 2020,Ventura,CA,Passenger,0,2,2,312,314,0.64
March 31 2022,Asotin,WA,Passenger,22,18,40,12636,12676,0.32
March 31 2018,Marin,CA,Passenger,1,0,1,54,55,1.82
January 31 2023,San Juan,WA,Passenger,570,173,743,13859,14602,5.09
July 31 2017,Klickitat,WA,Passenger,23,24,47,14805,14852,0.32
May 31 2020,El Paso,CO,Passenger,2,0,2,727,729,0.27
July 31 2021,El Dorado,CA,Passenger,1,0,1,34,35,2.86
August 31 2022,Harrison,MS,Passenger,1,0,1,44,45,2.22
March 31 2024,Champaign,IL,Passenger,1,0,1,8,9,11.11
September 30 2020,Whatcom,WA,Passenger,1141,525,1666,149336,151002,1.10
May 31 2020,St. Louis,MO,Passenger,1,0,1,103,104,0.96
July 31 2017,Grays Harbor,WA,Truck,0,0,0,19890,19890,0.00
December 31 2022,Sheridan,WY,Passenger,1,0,1,6,7,14.29
July 31 2023,Lewis,WA,Truck,7,0,7,25987,25994,0.03
February 29 2020,Walla Walla,WA,Truck,0,0,0,13699,13699,0.00
June 30 2020,Goochland,VA,Passenger,2,1,3,270,273,1.10
May 31 2021,Boone,MO,Passenger,0,1,1,10,11,9.09
March 31 2024,Orange,NC,Passenger,0,1,1,3,4,25.00
October 31 2019,Shelby,OH,Passenger,0,1,1,2,3,33.33
July 31 2019,Island,WA,Passenger,328,244,572,63445,64017,0.89
July 31 2023,Kings,CA,Passenger,2,2,4,277,281,1.42
March 31 2022,Hudson,NJ,Passenger,2,0,2,39,41,4.88
January 31 2023,Williamsburg,VA,Passenger,0,1,1,7,8,12.50
November 30 2019,Putnam,TN,Passenger,0,1,1,3,4,25.00
June 30 2019,Jefferson,WA,Truck,0,0,0,9663,9663,0.00
April 30 2017,Island,WA,Truck,0,0,0,20520,20520,0.00
May 31 2022,Thurston,WA,Truck,4,0,4,55359,55363,0.01
August 31 2018,Klickitat,WA,Truck,0,0,0,8152,8152,0.00
December 31 2020,Bucks,PA,Passenger,1,0,1,21,22,4.55
November 30 2023,Wahkiakum,WA,Passenger,30,22,52,3043,3095,1.68
March 31 2019,Monterey,CA,Passenger,0,1,1,194,195,0.51
January 31 2020,Garfield,WA,Passenger,0,1,1,1320,1321,0.08
May 31 2020,Denton,TX,Passenger,1,0,1,95,96,1.04
February 28 2022,Santa Clara,CA,Passenger,10,1,11,263,274,4.01
January 31 2022,Kings,NY,Passenger,1,0,1,71,72,1.39
January 31 2021,Montgomery,OH,Passenger,0,1,1,53,54,1.85
May 31 2019,Portsmouth,VA,Passenger,0,1,1,74,75,1.33
March 31 2021,Kings,NY,Passenger,1,0,1,71,72,1.39
December 31 2021,Powhatan,VA,Passenger,1,0,1,1,2,50.00
October 31 2023,Orange,NC,Passenger,0,1,1,4,5,20.00
June 30 2020,Island,WA,Passenger,420,269,689,62737,63426,1.09
December 31 2019,Skagit,WA,Passenger,363,213,576,92623,93199,0.62
February 29 2024,Okanogan,WA,Passenger,173,82,255,25877,26132,0.98
October 31 2018,Orange,CA,Passenger,5,1,6,565,571,1.05
August 31 2018,Williamson,TX,Passenger,0,1,1,169,170,0.59
November 30 2018,Montgomery,TX,Passenger,2,0,2,66,68,2.94
August 31 2021,Calvert,MD,Passenger,0,2,2,89,91,2.20
February 28 2022,Ulster,NY,Passenger,1,0,1,14,15,6.67
May 31 2022,Pierce,WA,Passenger,4945,2285,7230,545912,553142,1.31
February 28 2019,Clark,WA,Passenger,1337,866,2203,311784,313987,0.70
September 30 2023,Spokane,WA,Passenger,2559,1237,3796,322390,326186,1.16
March 31 2018,Lewis,WA,Passenger,55,49,104,57150,57254,0.18
March 31 2018,Fulton,GA,Passenger,1,0,1,102,103,0.97
February 29 2020,Columbia,WA,Truck,0,0,0,1535,1535,0.00
May 31 2018,Orange,FL,Passenger,2,1,3,172,175,1.71
July 31 2019,Shelby,TN,Passenger,0,1,1,94,95,1.05
February 28 2019,Franklin,WA,Passenger,50,70,120,59288,59408,0.20
May 31 2019,Whatcom,WA,Passenger,838,412,1250,150399,151649,0.82
July 31 2019,Asotin,WA,Passenger,12,8,20,12651,12671,0.16
May 31 2023,Lincoln,WA,Passenger,17,18,35,7695,7730,0.45
July 31 2020,Charleston,SC,Passenger,2,0,2,103,105,1.90
February 29 2024,Beaufort,SC,Passenger,1,0,1,25,26,3.85
December 31 2021,Montgomery,PA,Passenger,2,0,2,24,26,7.69
December 31 2020,Pennington,SD,Passenger,1,0,1,35,36,2.78
September 30 2019,Chelan,WA,Passenger,174,71,245,54506,54751,0.45
April 30 2020,Moore,NC,Passenger,0,1,1,164,165,0.61
April 30 2017,Fulton,GA,Passenger,1,1,2,121,123,1.63
June 30 2023,Hudson,NJ,Passenger,1,0,1,18,19,5.26
September 30 2018,Houston,GA,Passenger,1,0,1,55,56,1.79
December 31 2021,Okaloosa,FL,Passenger,0,1,1,118,119,0.84
June 30 2021,Clinton,PA,Passenger,1,0,1,0,1,100.00
June 30 2018,Grant,WA,Passenger,31,45,76,63140,63216,0.12
July 31 2019,Calvert,MD,Passenger,0,2,2,88,90,2.22
March 31 2021,Clackamas,OR,Passenger,3,0,3,181,184,1.63
December 31 2018,Skamania,WA,Passenger,16,13,29,8726,8755,0.33
August 31 2017,Walla Walla,WA,Truck,0,0,0,13189,13189,0.00
August 31 2019,Portsmouth,VA,Passenger,0,1,1,78,79,1.27
March 31 2023,Albemarle,VA,Passenger,2,0,2,17,19,10.53
June 30 2018,Whatcom,WA,Passenger,632,301,933,147623,148556,0.63
July 31 2019,Sacramento,CA,Passenger,0,1,1,304,305,0.33
September 30 2019,Fairfax,VA,Passenger,4,2,6,768,774,0.78
July 31 2017,Cobb,GA,Passenger,0,1,1,79,80,1.25
December 31 2017,Northampton,PA,Passenger,0,1,1,67,68,1.47
May 31 2017,Alameda,CA,Passenger,1,1,2,377,379,0.53
October 31 2017,Monterey,CA,Passenger,0,2,2,195,197,1.02
September 30 2021,Nueces,TX,Passenger,1,0,1,68,69,1.45
December 31 2023,Stafford,VA,Passenger,3,0,3,73,76,3.95
January 31 2022,Duval,FL,Passenger,0,2,2,319,321,0.62
January 31 2018,Grant,WA,Truck,0,0,0,25638,25638,0.00
July 31 2021,Douglas,WA,Passenger,101,51,152,28502,28654,0.53
December 31 2022,Cowlitz,WA,Passenger,406,190,596,70218,70814,0.84
September 30 2017,Okanogan,WA,Passenger,5,18,23,25679,25702,0.09
April 30 2018,Douglas,WA,Passenger,41,32,73,27443,27516,0.27
May 31 2017,Maricopa,AZ,Passenger,2,1,3,1825,1828,0.16
January 31 2020,Ada,ID,Passenger,0,1,1,297,298,0.34
November 30 2017,Essex,NJ,Passenger,1,0,1,12,13,7.69
February 29 2020,Portsmouth,VA,Passenger,0,1,1,75,76,1.32
January 31 2022,Henrico,VA,Passenger,0,1,1,14,15,6.67
September 30 2021,Shelby,OH,Passenger,0,1,1,3,4,25.00
January 31 2024,Skagit,WA,Passenger,1366,485,1851,88217,90068,2.06
February 28 2023,Kitsap,WA,Passenger,2890,1168,4058,176399,180457,2.25
March 31 2020,San Juan,WA,Truck,0,0,0,5930,5930,0.00
September 30 2021,Hillsborough,FL,Passenger,0,2,2,157,159,1.26
February 29 2024,Spotsylvania,VA,Passenger,0,1,1,21,22,4.55
November 30 2021,Fort Bend,TX,Passenger,1,0,1,34,35,2.86
December 31 2022,Frederick,MD,Passenger,1,0,1,63,64,1.56
October 31 2023,Chelan,WA,Passenger,706,195,901,54141,55042,1.64
March 31 2023,Okanogan,WA,Passenger,114,58,172,26078,26250,0.66
April 30 2024,Salt Lake,UT,Passenger,2,1,3,78,81,3.70
August 31 2019,Carson City,NV,Passenger,1,0,1,11,12,8.33
February 28 2019,Pierce,WA,Truck,0,0,0,138893,138893,0.00
January 31 2022,Snohomish,WA,Truck,3,0,3,125240,125243,0.00
December 31 2017,Stevens,WA,Passenger,10,21,31,31529,31560,0.10
April 30 2022,Walla Walla,WA,Passenger,163,91,254,36016,36270,0.70
December 31 2020,Denton,TX,Passenger,1,0,1,86,87,1.15
January 31 2021,Deschutes,OR,Passenger,2,0,2,134,136,1.47
March 31 2022,Larimer,CO,Passenger,1,0,1,49,50,2.00
July 31 2021,Fresno,CA,Passenger,1,0,1,185,186,0.54
October 31 2018,San Francisco,CA,Passenger,1,1,2,119,121,1.65
September 30 2017,Pinal,AZ,Passenger,2,0,2,230,232,0.86
June 30 2021,Whatcom,WA,Truck,4,0,4,43898,43902,0.01
July 31 2022,Thurston,WA,Passenger,2238,1062,3300,193142,196442,1.68
February 28 2018,Clallam,WA,Passenger,109,101,210,49361,49571,0.42
July 31 2018,Pima,AZ,Passenger,1,1,2,432,434,0.46
October 31 2018,Hennepin,MN,Passenger,2,0,2,112,114,1.75
May 31 2022,Boone,MO,Passenger,0,1,1,11,12,8.33
October 31 2020,El Paso,CO,Passenger,2,0,2,711,713,0.28
August 31 2023,Lincoln,WA,Passenger,21,21,42,7625,7667,0.55
August 31 2023,Marin,CA,Passenger,1,1,2,29,31,6.45
April 30 2020,Douglas,NE,Passenger,0,1,1,57,58,1.72
June 30 2018,Montgomery,TX,Passenger,1,0,1,66,67,1.49
May 31 2021,Kitsap,WA,Truck,0,0,0,54498,54498,0.00
September 30 2023,Clallam,WA,Truck,19,0,19,21674,21693,0.09
September 30 2022,Skagit,WA,Passenger,868,349,1217,89579,90796,1.34
October 31 2023,Skagit,WA,Passenger,1271,456,1727,88703,90430,1.91
November 30 2020,Skamania,WA,Passenger,33,21,54,8297,8351,0.65
December 31 2022,Duval,FL,Passenger,1,0,1,274,275,0.36
October 31 2023,Rockdale,GA,Passenger,1,0,1,5,6,16.67
October 31 2023,Whatcom,WA,Truck,77,0,77,42514,42591,0.18
May 31 2019,Okanogan,WA,Truck,0,0,0,16505,16505,0.00
June 30 2021,San Joaquin,CA,Passenger,1,0,1,113,114,0.88
November 30 2022,DuPage,IL,Passenger,2,1,3,42,45,6.67
May 31 2017,Kent,MI,Passenger,0,1,1,35,36,2.78
May 31 2023,Clallam,WA,Passenger,537,281,818,48994,49812,1.64
May 31 2020,San Juan,WA,Truck,0,0,0,5858,5858,0.00
February 29 2024,Yakima,WA,Truck,18,0,18,60239,60257,0.03
May 31 2021,Sacramento,CA,Passenger,2,1,3,250,253,1.19
February 29 2024,Duval,FL,Passenger,1,0,1,193,194,0.52
August 31 2022,Lake,IN,Passenger,0,1,1,9,10,10.00
May 31 2021,Mercer,NJ,Passenger,0,1,1,13,14,7.14
June 30 2020,San Juan,WA,Passenger,302,93,395,13959,14354,2.75
June 30 2017,Franklin,WA,Truck,0,0,0,18118,18118,0.00
November 30 2019,Duval,FL,Passenger,1,2,3,375,378,0.79
February 28 2019,Ada,ID,Passenger,0,2,2,319,321,0.62
June 30 2023,Autauga,AL,Passenger,2,0,2,13,15,13.33
August 31 2022,Yellowstone,MT,Passenger,0,1,1,20,21,4.76
December 31 2019,Tarrant,TX,Passenger,3,0,3,194,197,1.52
September 30 2018,Polk,FL,Passenger,1,0,1,66,67,1.49
April 30 2024,St. Mary's,MD,Passenger,1,0,1,155,156,0.64
November 30 2023,Clallam,WA,Truck,26,0,26,21547,21573,0.12
August 31 2018,Pend Oreille,WA,Truck,0,0,0,5721,5721,0.00
May 31 2023,Columbia,WA,Passenger,9,1,10,2411,2421,0.41
October 31 2023,Bexar,TX,Passenger,2,3,5,357,362,1.38
December 31 2023,Suffolk,VA,Passenger,1,0,1,91,92,1.09
April 30 2017,Norfolk,MA,Passenger,1,0,1,39,40,2.50
April 30 2020,,,Passenger,6,1,7,395,402,1.74
November 30 2018,Washington,OR,Passenger,0,1,1,478,479,0.21
August 31 2019,Montgomery,TX,Passenger,1,0,1,64,65,1.54
July 31 2019,Suffolk,MA,Passenger,0,1,1,38,39,2.56
September 30 2019,Snohomish,WA,Passenger,3740,1660,5400,533792,539192,1.00
March 31 2024,Yakima,WA,Passenger,704,320,1024,164119,165143,0.62
July 31 2017,San Diego,CA,Passenger,6,1,7,2704,2711,0.26
March 31 2018,Jefferson,NY,Passenger,1,0,1,226,227,0.44
May 31 2019,Pima,AZ,Passenger,0,1,1,421,422,0.24
March 31 2018,Garfield,WA,Truck,0,0,0,950,950,0.00
June 30 2022,Douglas,CO,Passenger,0,1,1,83,84,1.19
January 31 2023,Clark,WA,Passenger,5071,2072,7143,314384,321527,2.22
May 31 2020,Wahkiakum,WA,Passenger,6,6,12,2965,2977,0.40
August 31 2023,Mercer,NJ,Passenger,0,1,1,13,14,7.14
September 30 2021,Fort Bend,TX,Passenger,1,0,1,36,37,2.70
March 31 2021,Clark,NV,Passenger,5,2,7,664,671,1.04
November 30 2017,Montgomery,MD,Passenger,1,0,1,303,304,0.33
January 31 2023,Wichita,TX,Passenger,2,0,2,39,41,4.88
December 31 2021,El Paso,CO,Passenger,3,0,3,674,677,0.44
June 30 2019,Harnett,NC,Passenger,1,1,2,224,226,0.88
January 31 2023,Tarrant,TX,Passenger,1,0,1,100,101,0.99
May 31 2022,Nassau,NY,Passenger,3,0,3,36,39,7.69
June 30 2021,Clark,WA,Truck,0,0,0,84305,84305,0.00
February 28 2021,Lewis,WA,Truck,0,0,0,26703,26703,0.00
June 30 2018,Lewis,WA,Passenger,80,61,141,57685,57826,0.24
June 30 2023,San Diego,CA,Passenger,20,7,27,2122,2149,1.26
July 31 2020,New London,CT,Passenger,1,1,2,234,236,0.85
October 31 2023,Dallas,TX,Passenger,1,0,1,71,72,1.39
March 31 2023,Loudoun,VA,Passenger,3,1,4,59,63,6.35
April 30 2024,Thurston,WA,Truck,117,0,117,51720,51837,0.23
November 30 2019,Santa Rosa,FL,Passenger,1,0,1,94,95,1.05
September 30 2020,Manassas,VA,Passenger,0,1,1,5,6,16.67
May 31 2017,Ramsey,MN,Passenger,1,0,1,44,45,2.22
December 31 2017,Manatee,FL,Passenger,1,0,1,38,39,2.56
August 31 2021,Wilson,NC,Passenger,1,0,1,0,1,100.00
December 31 2020,Pacific,WA,Truck,0,0,0,7789,7789,0.00
July 31 2021,Whatcom,WA,Truck,4,0,4,43851,43855,0.01
September 30 2022,Muscogee,GA,Passenger,0,1,1,121,122,0.82
September 30 2022,Montgomery,PA,Passenger,1,0,1,25,26,3.85
January 31 2019,Franklin,MA,Passenger,0,1,1,1,2,50.00
October 31 2019,Thurston,WA,Truck,0,0,0,55635,55635,0.00
October 31 2019,Placer,CA,Passenger,1,0,1,101,102,0.98
September 30 2022,New London,CT,Passenger,3,2,5,187,192,2.60
October 31 2022,Currituck,NC,Passenger,1,0,1,19,20,5.00
January 31 2024,Leavenworth,KS,Passenger,0,1,1,76,77,1.30
December 31 2021,King,WA,Passenger,35460,10218,45678,1358049,1403727,3.25
March 31 2020,Grant,WA,Passenger,58,71,129,65481,65610,0.20
February 29 2020,Fairfax,VA,Passenger,5,3,8,764,772,1.04
August 31 2020,Stafford,VA,Passenger,1,1,2,100,102,1.96
August 31 2021,Hudson,NJ,Passenger,1,0,1,43,44,2.27
October 31 2019,Kitsap,WA,Passenger,1177,645,1822,182092,183914,0.99
February 28 2022,Chesapeake,VA,Passenger,2,2,4,389,393,1.02
December 31 2018,Charles,MD,Passenger,0,1,1,80,81,1.23
January 31 2019,Chelan,WA,Passenger,140,64,204,54205,54409,0.37
May 31 2021,Rockingham,NH,Passenger,1,0,1,23,24,4.17
November 30 2020,Putnam,TN,Passenger,0,1,1,3,4,25.00
January 31 2023,Allen,IN,Passenger,1,0,1,18,19,5.26
April 30 2024,Plaquemines,LA,Passenger,1,1,2,15,17,11.76
December 31 2020,Skagit,WA,Passenger,497,238,735,91381,92116,0.80
January 31 2021,Randolph,NC,Passenger,1,0,1,7,8,12.50
November 30 2023,Cowlitz,WA,Passenger,569,247,816,69644,70460,1.16
October 31 2023,Cowlitz,WA,Truck,10,0,10,27993,28003,0.04
March 31 2018,Hamilton,IN,Passenger,1,0,1,49,50,2.00
April 30 2019,Garfield,WA,Truck,0,0,0,957,957,0.00
September 30 2017,Howard,MD,Passenger,0,2,2,89,91,2.20
August 31 2022,Franklin,WA,Passenger,224,113,337,61887,62224,0.54
June 30 2019,Kern,CA,Passenger,0,1,1,226,227,0.44
November 30 2023,Harrison,MS,Passenger,1,0,1,29,30,3.33
January 31 2020,Lincoln,WA,Passenger,1,11,12,7788,7800,0.15
December 31 2023,Kings,CA,Passenger,2,2,4,258,262,1.53
July 31 2019,Clallam,WA,Truck,1,0,1,21805,21806,0.00
April 30 2023,District of Columbia,DC,Passenger,2,0,2,153,155,1.29
December 31 2023,Marion,OR,Passenger,1,0,1,46,47,2.13
August 31 2021,Gwinnett,GA,Passenger,1,0,1,62,63,1.59
August 31 2023,Mason,WA,Passenger,483,214,697,46196,46893,1.49
September 30 2019,Whitman,WA,Passenger,36,45,81,22698,22779,0.36
June 30 2022,Garfield,WA,Passenger,0,3,3,1315,1318,0.23
August 31 2018,Washtenaw,MI,Passenger,1,0,1,38,39,2.56
November 30 2023,Hudson,NJ,Passenger,1,0,1,15,16,6.25
September 30 2021,Howard,MD,Passenger,0,1,1,65,66,1.52
April 30 2021,Dallas,IA,Passenger,0,1,1,9,10,10.00
April 30 2024,Williamsburg,VA,Passenger,0,1,1,1,2,50.00
September 30 2023,Jefferson,WA,Truck,12,0,12,9277,9289,0.13
January 31 2023,Washington,OR,Passenger,1,0,1,288,289,0.35
April 30 2019,District of Columbia,DC,Passenger,1,1,2,203,205,0.98
September 30 2023,Providence,RI,Passenger,1,0,1,17,18,5.56
March 31 2020,Walla Walla,WA,Passenger,68,63,131,36228,36359,0.36
September 30 2018,El Paso,CO,Passenger,3,1,4,771,775,0.52
June 30 2020,Wahkiakum,WA,Truck,0,0,0,1737,1737,0.00
March 31 2021,Carroll,MD,Passenger,0,1,1,17,18,5.56
June 30 2022,Montgomery,AL,Passenger,0,1,1,38,39,2.56
September 30 2020,Hamilton,IN,Passenger,1,0,1,40,41,2.44
September 30 2022,Randolph,NC,Passenger,1,0,1,6,7,14.29
February 28 2023,Rockingham,NH,Passenger,1,0,1,13,14,7.14
June 30 2018,St. Clair,IL,Passenger,0,1,1,157,158,0.63
August 31 2020,DeKalb,GA,Passenger,1,0,1,80,81,1.23
February 28 2019,Santa Clara,CA,Passenger,8,1,9,382,391,2.30
December 31 2019,San Francisco,CA,Passenger,2,1,3,105,108,2.78
October 31 2020,Mercer,NJ,Passenger,0,1,1,15,16,6.25
April 30 2019,Lincoln,WA,Passenger,3,6,9,7756,7765,0.12
January 31 2018,Ventura,CA,Passenger,0,1,1,337,338,0.30
July 31 2021,Orange,CA,Passenger,5,3,8,439,447,1.79
November 30 2020,Sacramento,CA,Passenger,2,1,3,266,269,1.12
May 31 2023,Washington,OR,Passenger,1,0,1,250,251,0.40
June 30 2022,Marion,OR,Passenger,1,0,1,101,102,0.98
July 31 2023,Pacific,WA,Passenger,76,93,169,15625,15794,1.07
March 31 2019,Grays Harbor,WA,Truck,0,0,0,20375,20375,0.00
November 30 2017,Thurston,WA,Truck,0,0,0,53683,53683,0.00
October 31 2020,Franklin,WA,Truck,0,0,0,20367,20367,0.00
April 30 2017,Montgomery,TN,Passenger,1,0,1,296,297,0.34
April 30 2018,Allegheny,PA,Passenger,1,0,1,80,81,1.23
June 30 2022,Howard,MD,Passenger,0,2,2,66,68,2.94
April 30 2023,Texas,MO,Passenger,1,0,1,1,2,50.00
April 30 2017,Clark,WA,Passenger,755,471,1226,298442,299668,0.41
May 31 2022,Duval,FL,Passenger,0,2,2,299,301,0.66
February 28 2022,Solano,CA,Passenger,1,0,1,176,177,0.56
November 30 2021,Boone,MO,Passenger,0,1,1,11,12,8.33
July 31 2018,Carson City,NV,Passenger,1,0,1,14,15,6.67
March 31 2023,Orange,NC,Passenger,0,1,1,6,7,14.29
October 31 2021,Dallas,IA,Passenger,0,1,1,8,9,11.11
November 30 2017,San Juan,WA,Passenger,126,41,167,13778,13945,1.20
April 30 2021,Sedgwick,KS,Passenger,1,1,2,91,93,2.15
September 30 2020,Los Angeles,CA,Passenger,8,12,20,1026,1046,1.91
November 30 2022,Orange,CA,Passenger,8,3,11,370,381,2.89
May 31 2019,Ada,ID,Passenger,0,2,2,322,324,0.62
February 28 2023,Cumberland,NC,Passenger,1,4,5,339,344,1.45
February 29 2020,Manassas,VA,Passenger,0,1,1,6,7,14.29
October 31 2023,Houston,GA,Passenger,1,0,1,28,29,3.45
June 30 2019,Putnam,TN,Passenger,0,1,1,3,4,25.00
October 31 2019,Clallam,WA,Truck,1,0,1,21839,21840,0.00
July 31 2022,Oldham,KY,Passenger,0,1,1,4,5,20.00
August 31 2021,Sacramento,CA,Passenger,2,1,3,243,246,1.22
May 31 2021,Plaquemines,LA,Passenger,0,1,1,17,18,5.56
May 31 2018,Los Angeles,CA,Passenger,5,4,9,1180,1189,0.76
May 31 2023,St. Louis,MO,Passenger,1,0,1,57,58,1.72
December 31 2022,Orange,NC,Passenger,0,1,1,6,7,14.29
June 30 2018,Richland,SC,Passenger,0,1,1,171,172,0.58
December 31 2023,Sarpy,NE,Passenger,1,0,1,54,55,1.82
March 31 2023,Plaquemines,LA,Passenger,1,1,2,18,20,10.00
April 30 2024,Caddo,LA,Passenger,2,0,2,9,11,18.18
December 31 2020,Vigo,IN,Passenger,1,0,1,6,7,14.29
March 31 2023,Riverside,CA,Passenger,6,0,6,431,437,1.37
October 31 2020,Bexar,TX,Passenger,3,5,8,606,614,1.30
June 30 2017,Sedgwick,KS,Passenger,0,1,1,112,113,0.88
May 31 2018,Norfolk,MA,Passenger,1,0,1,38,39,2.56
November 30 2017,Klickitat,WA,Truck,0,0,0,7995,7995,0.00
September 30 2022,Meade,KY,Passenger,1,0,1,23,24,4.17
September 30 2021,Allen,IN,Passenger,1,0,1,20,21,4.76
April 30 2022,Douglas,WA,Truck,0,0,0,12741,12741,0.00
March 31 2017,Guilford,NC,Passenger,1,0,1,32,33,3.03
April 30 2022,Carroll,NH,Passenger,0,1,1,5,6,16.67
March 31 2024,Columbia,WA,Passenger,12,0,12,2375,2387,0.50
December 31 2017,Montgomery,MD,Passenger,1,0,1,303,304,0.33
April 30 2019,Santa Clara,CA,Passenger,8,1,9,377,386,2.33
February 28 2019,Cumberland,NC,Passenger,0,2,2,523,525,0.38
June 30 2020,Arapahoe,CO,Passenger,1,0,1,134,135,0.74
December 31 2022,Columbia,WA,Truck,0,0,0,1582,1582,0.00
April 30 2019,Clackamas,OR,Passenger,1,1,2,208,210,0.95
June 30 2020,Clark,WA,Truck,0,0,0,82198,82198,0.00
December 31 2020,Douglas,WA,Truck,0,0,0,12489,12489,0.00
August 31 2018,Columbia,WA,Passenger,2,2,4,2415,2419,0.17
March 31 2023,Monterey,CA,Passenger,0,4,4,136,140,2.86
July 31 2017,Ferry,WA,Passenger,1,1,2,4403,4405,0.05
September 30 2017,Allegheny,PA,Passenger,1,0,1,87,88,1.14
July 31 2020,Cascade,MT,Passenger,0,1,1,59,60,1.67
February 28 2022,Pinellas,FL,Passenger,0,1,1,89,90,1.11
September 30 2018,Multnomah,OR,Passenger,3,4,7,787,794,0.88
November 30 2022,York,VA,Passenger,1,0,1,80,81,1.23
September 30 2022,Grant,WA,Truck,2,0,2,27991,27993,0.01
August 31 2019,St. Mary's,MD,Passenger,1,0,1,216,217,0.46
January 31 2017,Middlesex,MA,Passenger,1,0,1,161,162,0.62
January 31 2017,Kitsap,WA,Passenger,557,262,819,172390,173209,0.47
May 31 2022,Asotin,WA,Passenger,23,19,42,12708,12750,0.33
January 31 2017,Santa Clara,CA,Passenger,5,3,8,470,478,1.67
April 30 2022,Riverside,CA,Passenger,7,1,8,509,517,1.55
March 31 2024,Kitsap,WA,Truck,124,0,124,50698,50822,0.24
October 31 2019,Mason,WA,Truck,0,0,0,20458,20458,0.00
March 31 2020,Broward,FL,Passenger,3,1,4,120,124,3.23
April 30 2017,Nueces,TX,Passenger,0,1,1,98,99,1.01
April 30 2018,Kent,MI,Passenger,0,1,1,33,34,2.94
February 28 2022,Deschutes,OR,Passenger,2,0,2,106,108,1.85
October 31 2023,Santa Cruz,CA,Passenger,1,0,1,21,22,4.55
March 31 2023,Yavapai,AZ,Passenger,0,1,1,22,23,4.35
October 31 2020,Fairfax,VA,Passenger,5,3,8,735,743,1.08
October 31 2020,Honolulu,HI,Passenger,5,2,7,462,469,1.49
May 31 2017,Latah,ID,Passenger,0,1,1,113,114,0.88
February 29 2024,Middlesex,NJ,Passenger,1,0,1,18,19,5.26
August 31 2023,Snohomish,WA,Truck,198,0,198,121271,121469,0.16
March 31 2024,Santa Cruz,CA,Passenger,1,0,1,16,17,5.88
July 31 2022,Collin,TX,Passenger,3,0,3,92,95,3.16
October 31 2021,Jefferson,WA,Truck,0,0,0,9590,9590,0.00
July 31 2019,Middlesex,MA,Passenger,1,0,1,115,116,0.86
August 31 2018,Morris,NJ,Passenger,1,0,1,16,17,5.88
July 31 2023,King,WA,Passenger,59579,14959,74538,1323314,1397852,5.33
January 31 2017,Dallas,TX,Passenger,1,0,1,233,234,0.43
September 30 2021,San Francisco,CA,Passenger,0,1,1,97,98,1.02
April 30 2022,Alexandria,VA,Passenger,4,0,4,109,113,3.54
February 28 2022,Clinton,PA,Passenger,1,0,1,0,1,100.00
March 31 2017,Pierce,WA,Truck,0,0,0,138141,138141,0.00
December 31 2021,Spokane,WA,Truck,0,0,0,102709,102709,0.00
May 31 2017,Benton,WA,Truck,0,0,0,39975,39975,0.00
December 31 2023,Skamania,WA,Truck,2,0,2,3795,3797,0.05
December 31 2020,Cumberland,NC,Passenger,0,3,3,454,457,0.66
March 31 2021,Frederick,MD,Passenger,1,1,2,70,72,2.78
November 30 2021,Carson City,NV,Passenger,1,0,1,9,10,10.00
January 31 2022,Benton,WA,Passenger,652,452,1104,135840,136944,0.81
December 31 2019,Tulsa,OK,Passenger,1,1,2,55,57,3.51
October 31 2023,Garfield,WA,Truck,0,0,0,979,979,0.00
March 31 2021,Harford,MD,Passenger,0,1,1,57,58,1.72
December 31 2023,Champaign,IL,Passenger,1,0,1,12,13,7.69
May 31 2023,Charles,MD,Passenger,1,1,2,54,56,3.57
September 30 2022,Philadelphia,PA,Passenger,1,0,1,47,48,2.08
August 31 2023,Marion,IA,Passenger,1,0,1,0,1,100.00
March 31 2022,RÃ­o Grande,PR,Passenger,1,0,1,0,1,100.00
February 29 2024,Snohomish,WA,Truck,306,0,306,118811,119117,0.26
December 31 2021,Kings,CA,Passenger,2,1,3,328,331,0.91
February 29 2024,Newport News,VA,Passenger,1,0,1,84,85,1.18
April 30 2023,Bexar,TX,Passenger,3,3,6,402,408,1.47
June 30 2018,DuPage,IL,Passenger,1,0,1,64,65,1.54
October 31 2018,Beaufort,SC,Passenger,1,0,1,38,39,2.56
September 30 2017,Douglas,WA,Passenger,35,29,64,26930,26994,0.24
December 31 2017,Marin,CA,Passenger,1,0,1,57,58,1.72
October 31 2019,Riverside,CA,Passenger,4,1,5,654,659,0.76
May 31 2019,Loudoun,VA,Passenger,1,0,1,97,98,1.02
July 31 2022,Parker,TX,Passenger,0,1,1,21,22,4.55
September 30 2020,Asotin,WA,Truck,0,0,0,6693,6693,0.00
September 30 2017,Arlington,VA,Passenger,1,2,3,166,169,1.78
May 31 2021,Prince William,VA,Passenger,1,2,3,220,223,1.35
November 30 2019,Harris,TX,Passenger,1,1,2,272,274,0.73
October 31 2017,Hamilton,TN,Passenger,1,0,1,21,22,4.55
September 30 2022,New Haven,CT,Passenger,0,2,2,30,32,6.25
October 31 2020,Clark,NV,Passenger,4,2,6,684,690,0.87
May 31 2019,Santa Rosa,FL,Passenger,1,0,1,92,93,1.08
October 31 2021,Snohomish,WA,Passenger,6650,2195,8845,538476,547321,1.62
February 28 2019,Mason,WA,Passenger,109,115,224,46663,46887,0.48
March 31 2022,DeKalb,GA,Passenger,1,0,1,55,56,1.79
January 31 2021,Harrison,MS,Passenger,2,0,2,55,57,3.51
July 31 2021,Flathead,MT,Passenger,1,0,1,48,49,2.04
August 31 2022,Montgomery,PA,Passenger,1,0,1,24,25,4.00
April 30 2019,Twin Falls,ID,Passenger,0,1,1,23,24,4.17
July 31 2023,Island,WA,Passenger,1114,445,1559,60950,62509,2.49
May 31 2021,Asotin,WA,Passenger,19,14,33,12690,12723,0.26
February 28 2018,Yakima,WA,Truck,0,0,0,58116,58116,0.00
February 28 2023,Henrico,VA,Passenger,0,1,1,10,11,9.09
October 31 2023,Washington,MD,Passenger,1,0,1,11,12,8.33
April 30 2021,King,WA,Truck,6,1,7,184871,184878,0.00
November 30 2020,Asotin,WA,Passenger,17,14,31,12401,12432,0.25
July 31 2017,Carroll,NH,Passenger,0,1,1,1,2,50.00
November 30 2019,Walla Walla,WA,Truck,0,0,0,13674,13674,0.00
February 28 2018,Bexar,TX,Passenger,2,2,4,806,810,0.49
October 31 2018,Sacramento,CA,Passenger,0,1,1,320,321,0.31
September 30 2021,Carroll,MD,Passenger,0,1,1,16,17,5.88
June 30 2019,Suffolk,MA,Passenger,0,1,1,40,41,2.44
March 31 2024,Sarpy,NE,Passenger,1,0,1,53,54,1.85
July 31 2017,Whatcom,WA,Passenger,475,179,654,143158,143812,0.45
June 30 2017,Chelan,WA,Truck,0,0,0,21301,21301,0.00
February 29 2024,San Mateo,CA,Passenger,2,0,2,52,54,3.70
September 30 2021,Benton,WA,Passenger,579,413,992,136168,137160,0.72
May 31 2020,Wahkiakum,WA,Truck,0,0,0,1758,1758,0.00
February 29 2020,Alameda,CA,Passenger,3,1,4,296,300,1.33
April 30 2021,Harrison,MS,Passenger,2,0,2,55,57,3.51
April 30 2018,Essex,NJ,Passenger,1,0,1,13,14,7.14
February 28 2023,Franklin,WA,Passenger,275,128,403,61816,62219,0.65
December 31 2019,Columbia,WA,Passenger,3,3,6,2450,2456,0.24
March 31 2024,San Juan,WA,Truck,31,0,31,5753,5784,0.54
February 28 2021,Gwinnett,GA,Passenger,1,0,1,71,72,1.39
August 31 2023,Ferry,WA,Truck,0,0,0,3564,3564,0.00
December 31 2018,Carson City,NV,Passenger,1,0,1,15,16,6.25
December 31 2020,Thurston,WA,Truck,0,0,0,56367,56367,0.00
July 31 2022,Kitsap,WA,Truck,13,0,13,53316,53329,0.02
April 30 2017,Multnomah,OR,Passenger,0,3,3,1071,1074,0.28
March 31 2023,Kittitas,WA,Truck,7,0,7,14563,14570,0.05
August 31 2022,Ventura,CA,Passenger,3,2,5,242,247,2.02
June 30 2023,Sarasota,FL,Passenger,1,0,1,28,29,3.45
January 31 2020,Grays Harbor,WA,Truck,0,0,0,20822,20822,0.00
October 31 2018,,,Passenger,4,2,6,432,438,1.37
June 30 2021,Stafford,VA,Passenger,2,1,3,105,108,2.78
February 28 2023,Columbia,WA,Truck,0,0,0,1572,1572,0.00
May 31 2018,Volusia,FL,Passenger,0,1,1,36,37,2.70
July 31 2020,Spartanburg,SC,Passenger,0,1,1,50,51,1.96
March 31 2023,Grant,WA,Passenger,255,113,368,66909,67277,0.55
May 31 2022,Greene,MO,Passenger,0,1,1,30,31,3.23
September 30 2021,Philadelphia,PA,Passenger,1,0,1,49,50,2.00
November 30 2019,Monroe,IL,Passenger,1,0,1,3,4,25.00
May 31 2022,Clinton,PA,Passenger,1,0,1,1,2,50.00
April 30 2020,Yakima,WA,Truck,0,0,0,59505,59505,0.00
July 31 2022,Riverside,CA,Passenger,7,1,8,484,492,1.63
December 31 2017,El Paso,CO,Passenger,2,0,2,770,772,0.26
November 30 2023,Anne Arundel,MD,Passenger,5,3,8,281,289,2.77
June 30 2020,Nueces,TX,Passenger,1,0,1,82,83,1.20
January 31 2022,DeKalb,GA,Passenger,1,0,1,60,61,1.64
August 31 2022,Washoe,NV,Passenger,1,0,1,72,73,1.37
March 31 2019,Maui,HI,Passenger,2,0,2,51,53,3.77
January 31 2024,Clark,WA,Passenger,7334,2687,10021,311389,321410,3.12
July 31 2022,Clark,WA,Truck,9,0,9,82487,82496,0.01
August 31 2022,Bexar,TX,Passenger,4,3,7,468,475,1.47
June 30 2017,Maui,HI,Passenger,1,0,1,70,71,1.41
December 31 2020,Mason,WA,Passenger,173,131,304,47634,47938,0.63
May 31 2020,Island,WA,Truck,1,0,1,21122,21123,0.00
March 31 2019,Dakota,MN,Passenger,0,2,2,34,36,5.56
December 31 2022,Ray,MO,Passenger,0,1,1,1,2,50.00
July 31 2020,Snohomish,WA,Truck,0,0,0,124321,124321,0.00
April 30 2021,Douglas,WA,Passenger,89,46,135,28471,28606,0.47
November 30 2023,Pulaski,AR,Passenger,2,0,2,18,20,10.00
April 30 2018,Lee,FL,Passenger,1,0,1,58,59,1.69
April 30 2019,Nueces,TX,Passenger,1,1,2,94,96,2.08
January 31 2017,Jefferson,WA,Truck,0,0,0,9468,9468,0.00
June 30 2023,Garfield,WA,Passenger,1,3,4,1301,1305,0.31
January 31 2024,Fairfax,VA,Passenger,7,6,13,525,538,2.42
May 31 2019,Manatee,FL,Passenger,1,0,1,32,33,3.03
March 31 2018,Williamson,TX,Passenger,0,1,1,166,167,0.60
October 31 2023,Columbia,WA,Truck,0,0,0,1549,1549,0.00
May 31 2022,Maui,HI,Passenger,1,0,1,28,29,3.45
October 31 2019,Boone,MO,Passenger,0,1,1,12,13,7.69
December 31 2019,Jones,GA,Passenger,1,0,1,1,2,50.00
June 30 2022,Clark,WA,Truck,7,0,7,82780,82787,0.01
June 30 2022,Ferry,WA,Truck,0,0,0,3576,3576,0.00
February 28 2022,Skamania,WA,Passenger,59,45,104,8291,8395,1.24
October 31 2020,Virginia Beach,VA,Passenger,1,0,1,649,650,0.15
October 31 2021,Bernalillo,NM,Passenger,1,0,1,112,113,0.88
November 30 2022,Portsmouth,VA,Passenger,0,1,1,76,77,1.30
February 28 2019,St. Clair,IL,Passenger,0,1,1,169,170,0.59
June 30 2019,Clay,FL,Passenger,0,1,1,90,91,1.10
March 31 2023,Clark,WA,Truck,77,0,77,81525,81602,0.09
February 28 2017,Lincoln,WA,Truck,0,0,0,4464,4464,0.00
July 31 2018,Clallam,WA,Passenger,127,111,238,49981,50219,0.47
October 31 2021,Kittitas,WA,Truck,0,0,0,14777,14777,0.00
December 31 2020,Wahkiakum,WA,Truck,0,0,0,1769,1769,0.00
August 31 2022,Parker,TX,Passenger,0,1,1,21,22,4.55
March 31 2024,Essex,MA,Passenger,1,0,1,11,12,8.33
March 31 2018,Clallam,WA,Truck,0,0,0,21315,21315,0.00
March 31 2024,Franklin,WA,Passenger,404,172,576,61293,61869,0.93
May 31 2023,Sedgwick,KS,Passenger,1,0,1,58,59,1.69
October 31 2023,Moore,NC,Passenger,0,1,1,102,103,0.97
November 30 2018,Prince William,VA,Passenger,0,5,5,257,262,1.91
May 31 2017,Jefferson,NY,Passenger,1,1,2,253,255,0.78
June 30 2018,Lee,FL,Passenger,1,0,1,56,57,1.75
May 31 2021,Spartanburg,SC,Passenger,0,1,1,56,57,1.75
July 31 2023,Washtenaw,MI,Passenger,0,2,2,20,22,9.09
November 30 2018,King,WA,Truck,6,1,7,182720,182727,0.00
March 31 2021,Washington,OR,Passenger,1,0,1,414,415,0.24
December 31 2020,Wichita,TX,Passenger,1,0,1,44,45,2.22
April 30 2021,Orange,CA,Passenger,4,3,7,464,471,1.49
November 30 2017,Nassau,NY,Passenger,1,1,2,41,43,4.65
July 31 2023,Frederick,MD,Passenger,2,1,3,53,56,5.36
April 30 2021,DuPage,IL,Passenger,4,1,5,59,64,7.81
June 30 2020,,,Passenger,6,1,7,393,400,1.75
January 31 2019,Clark,WA,Truck,0,0,0,79955,79955,0.00
November 30 2020,Lake,FL,Passenger,1,0,1,24,25,4.00
September 30 2021,Columbia,WA,Truck,0,0,0,1536,1536,0.00
July 31 2019,Walla Walla,WA,Passenger,52,61,113,36202,36315,0.31
October 31 2019,Douglas,NE,Passenger,0,1,1,60,61,1.64
December 31 2023,Orange,NC,Passenger,0,1,1,4,5,20.00
November 30 2018,Brevard,FL,Passenger,0,1,1,97,98,1.02
July 31 2018,Maricopa,AZ,Passenger,2,2,4,1628,1632,0.25
March 31 2020,Pinellas,FL,Passenger,1,1,2,116,118,1.69
December 31 2019,New Haven,CT,Passenger,0,2,2,45,47,4.26
August 31 2021,Bartow,GA,Passenger,0,1,1,5,6,16.67
July 31 2021,Carroll,NH,Passenger,0,1,1,5,6,16.67
January 31 2018,Asotin,WA,Truck,0,0,0,6558,6558,0.00
August 31 2019,Albemarle,VA,Passenger,1,0,1,23,24,4.17
November 30 2018,Douglas,WA,Truck,0,0,0,12122,12122,0.00
April 30 2020,Broward,FL,Passenger,3,1,4,119,123,3.25
July 31 2020,Newport,RI,Passenger,0,1,1,83,84,1.19
February 28 2017,Madison,ID,Passenger,1,0,1,44,45,2.22
May 31 2022,Adams,CO,Passenger,1,0,1,36,37,2.70
January 31 2023,Brown,WI,Passenger,1,0,1,8,9,11.11
October 31 2023,Pierce,WA,Passenger,8940,3076,12016,526745,538761,2.23
February 29 2024,Honolulu,HI,Passenger,4,2,6,225,231,2.60
July 31 2022,Spartanburg,SC,Passenger,0,1,1,38,39,2.56
April 30 2018,Lake,CA,Passenger,0,1,1,8,9,11.11
November 30 2023,Whitman,WA,Passenger,190,100,290,21947,22237,1.30
October 31 2023,Pend Oreille,WA,Truck,0,0,0,5589,5589,0.00
October 31 2017,Jefferson,NY,Passenger,1,0,1,241,242,0.41
May 31 2018,Santa Fe,NM,Passenger,0,1,1,42,43,2.33
August 31 2019,Camden,NJ,Passenger,0,1,1,24,25,4.00
April 30 2022,Shelby,OH,Passenger,0,1,1,3,4,25.00
February 28 2023,Clark,WA,Passenger,5172,2105,7277,313864,321141,2.27
August 31 2023,Bexar,TX,Passenger,1,3,4,372,376,1.06
October 31 2023,Marion,OR,Passenger,1,0,1,52,53,1.89
October 31 2022,Escambia,FL,Passenger,0,1,1,146,147,0.68
April 30 2022,El Paso,TX,Passenger,3,0,3,372,375,0.80
September 30 2021,Mason,WA,Truck,0,0,0,21272,21272,0.00
August 31 2022,Rogers,OK,Passenger,1,0,1,2,3,33.33
June 30 2022,Yakima,WA,Truck,1,0,1,61381,61382,0.00
November 30 2022,Douglas,WA,Passenger,163,58,221,28479,28700,0.77
November 30 2017,Franklin,WA,Passenger,31,48,79,56678,56757,0.14
October 31 2021,Ventura,CA,Passenger,2,2,4,265,269,1.49
December 31 2021,Coryell,TX,Passenger,1,0,1,107,108,0.93
May 31 2018,Maui,HI,Passenger,1,0,1,60,61,1.64
October 31 2023,Fairfax,VA,Passenger,6,3,9,547,556,1.62
July 31 2019,Wayne,MI,Passenger,0,1,1,68,69,1.45
February 28 2023,Kootenai,ID,Passenger,0,1,1,141,142,0.70
February 28 2019,Douglas,NE,Passenger,0,1,1,67,68,1.47
February 28 2023,Lee,AL,Passenger,1,0,1,15,16,6.25
April 30 2020,Camden,NJ,Passenger,0,2,2,21,23,8.70
May 31 2023,Skamania,WA,Passenger,103,58,161,8057,8218,1.96
December 31 2022,New London,CT,Passenger,3,2,5,181,186,2.69
July 31 2020,Richland,SC,Passenger,0,1,1,152,153,0.65
October 31 2020,Albemarle,VA,Passenger,1,0,1,23,24,4.17
June 30 2022,Hawaii,HI,Passenger,1,0,1,42,43,2.33
August 31 2023,Parker,TX,Passenger,0,1,1,13,14,7.14
October 31 2022,Washington,OR,Passenger,1,0,1,304,305,0.33
December 31 2017,Ferry,WA,Passenger,1,3,4,4403,4407,0.09
June 30 2020,Contra Costa,CA,Passenger,3,3,6,310,316,1.90
January 31 2019,Fresno,CA,Passenger,1,0,1,195,196,0.51
April 30 2021,Lane,OR,Passenger,0,2,2,136,138,1.45
August 31 2020,Hillsborough,FL,Passenger,0,1,1,177,178,0.56
June 30 2018,Adams,WA,Truck,0,0,0,5163,5163,0.00
April 30 2024,Kootenai,ID,Truck,1,0,1,17,18,5.56
December 31 2021,Island,WA,Truck,0,0,0,21483,21483,0.00
April 30 2023,Kittitas,WA,Truck,8,0,8,14536,14544,0.06
September 30 2023,Solano,CA,Passenger,5,0,5,131,136,3.68
February 28 2021,Harnett,NC,Passenger,1,0,1,195,196,0.51
March 31 2023,Richmond,NY,Passenger,1,0,1,4,5,20.00
June 30 2017,Twin Falls,ID,Passenger,0,1,1,24,25,4.00
April 30 2023,Jefferson,WA,Passenger,532,252,784,24249,25033,3.13
October 31 2021,Fulton,GA,Passenger,0,1,1,83,84,1.19
September 30 2021,Riverside,CA,Passenger,4,1,5,547,552,0.91
April 30 2023,Geary,KS,Passenger,1,0,1,70,71,1.41
November 30 2018,Houston,GA,Passenger,1,0,1,53,54,1.85
July 31 2021,Randolph,NC,Passenger,1,0,1,6,7,14.29
October 31 2023,Jefferson,WA,Passenger,620,267,887,24153,25040,3.54
December 31 2019,Frederick,MD,Passenger,1,1,2,79,81,2.47
January 31 2019,Spokane,WA,Passenger,470,379,849,307548,308397,0.28
April 30 2019,Virginia Beach,VA,Passenger,1,1,2,698,700,0.29
June 30 2017,District of Columbia,DC,Passenger,0,3,3,215,218,1.38
July 31 2021,District of Columbia,DC,Passenger,4,1,5,194,199,2.51
December 31 2022,Suffolk,VA,Passenger,1,0,1,117,118,0.85
November 30 2023,Hawaii,HI,Passenger,1,0,1,26,27,3.70
July 31 2017,Skagit,WA,Passenger,141,104,245,88183,88428,0.28
August 31 2022,Jefferson,WA,Passenger,453,223,676,24488,25164,2.69
December 31 2020,San Juan,WA,Passenger,365,111,476,14013,14489,3.29
August 31 2017,Tarrant,TX,Passenger,1,0,1,231,232,0.43
July 31 2023,Orange,CA,Passenger,8,3,11,325,336,3.27
February 28 2021,Sacramento,CA,Passenger,2,1,3,258,261,1.15
May 31 2023,Fulton,GA,Passenger,1,1,2,64,66,3.03
October 31 2018,Clallam,WA,Truck,0,0,0,21567,21567,0.00
February 29 2020,Clark,NV,Passenger,4,2,6,705,711,0.84
November 30 2023,Fulton,GA,Passenger,1,1,2,51,53,3.77
September 30 2021,Marion,IA,Passenger,1,0,1,1,2,50.00
July 31 2019,Sumter,FL,Passenger,0,1,1,10,11,9.09
April 30 2017,Franklin,WA,Passenger,27,47,74,55343,55417,0.13
March 31 2021,San Juan,WA,Passenger,394,123,517,14110,14627,3.53
August 31 2021,Portsmouth,VA,Passenger,0,1,1,78,79,1.27
November 30 2019,Thurston,WA,Truck,0,0,0,55645,55645,0.00
January 31 2024,Kittitas,WA,Truck,23,0,23,14479,14502,0.16
June 30 2018,Yakima,WA,Truck,0,0,0,58478,58478,0.00
November 30 2023,Ferry,WA,Truck,0,0,0,3532,3532,0.00
June 30 2017,El Paso,CO,Passenger,2,1,3,810,813,0.37
March 31 2021,El Dorado,CA,Passenger,1,0,1,34,35,2.86
September 30 2017,Orleans,LA,Passenger,0,1,1,45,46,2.17
September 30 2022,Ulster,NY,Passenger,1,0,1,11,12,8.33
October 31 2021,RÃ­o Grande,PR,Passenger,1,0,1,0,1,100.00
May 31 2021,Clark,WA,Passenger,2757,1367,4124,321781,325905,1.27
March 31 2017,Lincoln,WA,Passenger,2,4,6,7507,7513,0.08
September 30 2018,Skagit,WA,Truck,1,0,1,32259,32260,0.00
November 30 2020,Thurston,WA,Truck,0,0,0,56259,56259,0.00
November 30 2021,Mason,WA,Truck,0,0,0,21230,21230,0.00
November 30 2021,Clallam,WA,Truck,1,0,1,22098,22099,0.00
December 31 2018,Collier,FL,Passenger,1,0,1,20,21,4.76
May 31 2023,Hamilton,OH,Passenger,1,0,1,31,32,3.12
May 31 2022,St. Lawrence,NY,Passenger,1,0,1,3,4,25.00
November 30 2021,Grant,WA,Truck,0,0,0,28031,28031,0.00
February 28 2018,Kittitas,WA,Truck,0,0,0,13948,13948,0.00
April 30 2020,Oklahoma,OK,Passenger,0,1,1,133,134,0.75
October 31 2021,Cowlitz,WA,Truck,0,1,1,29055,29056,0.00
April 30 2020,Dallas,TX,Passenger,1,0,1,214,215,0.47
August 31 2018,Travis,TX,Passenger,1,1,2,206,208,0.96
September 30 2020,Portsmouth,VA,Passenger,0,1,1,70,71,1.41
March 31 2020,Spokane,WA,Truck,1,0,1,97436,97437,0.00
March 31 2022,Cook,IL,Passenger,3,0,3,215,218,1.38
July 31 2019,Howard,MD,Passenger,0,1,1,81,82,1.22
September 30 2022,Douglas,NE,Passenger,2,2,4,39,43,9.30
January 31 2019,Spartanburg,SC,Passenger,0,1,1,37,38,2.63
May 31 2018,Hawaii,HI,Passenger,1,0,1,78,79,1.27
August 31 2021,Newport,RI,Passenger,0,1,1,76,77,1.30
August 31 2021,Rockdale,GA,Passenger,1,0,1,6,7,14.29
July 31 2017,Grant,WA,Truck,0,0,0,25269,25269,0.00
September 30 2023,Stevens,WA,Truck,2,0,2,18707,18709,0.01
April 30 2022,St. Louis,MO,Passenger,2,0,2,74,76,2.63
December 31 2020,Penobscot,ME,Passenger,0,1,1,10,11,9.09
April 30 2024,Cuyahoga,OH,Passenger,1,0,1,36,37,2.70
February 28 2018,King,WA,Truck,8,1,9,184047,184056,0.00
March 31 2019,Contra Costa,CA,Passenger,1,2,3,388,391,0.77
February 28 2021,DuPage,IL,Passenger,4,1,5,58,63,7.94
March 31 2021,Travis,TX,Passenger,3,3,6,180,186,3.23
February 28 2022,Collin,TX,Passenger,3,0,3,114,117,2.56
February 28 2022,Hillsborough,FL,Passenger,0,2,2,142,144,1.39
December 31 2017,Lumpkin,GA,Passenger,1,0,1,9,10,10.00
December 31 2020,Franklin,WA,Passenger,85,82,167,61349,61516,0.27
April 30 2022,Goochland,VA,Passenger,4,2,6,165,171,3.51
April 30 2024,Harnett,NC,Passenger,4,0,4,117,121,3.31
August 31 2023,Portsmouth,VA,Passenger,0,1,1,64,65,1.54
June 30 2023,Larimer,CO,Passenger,1,0,1,31,32,3.12
July 31 2019,Anne Arundel,MD,Passenger,1,1,2,436,438,0.46
August 31 2023,Kootenai,ID,Passenger,0,1,1,111,112,0.89
November 30 2019,Twin Falls,ID,Passenger,0,1,1,30,31,3.23
November 30 2020,Montgomery,PA,Passenger,1,0,1,26,27,3.70
April 30 2020,Sedgwick,KS,Passenger,1,1,2,97,99,2.02
July 31 2021,Hawaii,HI,Passenger,1,0,1,48,49,2.04
March 31 2019,San Mateo,CA,Passenger,2,1,3,132,135,2.22
July 31 2018,Cowlitz,WA,Passenger,57,77,134,71870,72004,0.19
February 28 2018,Deschutes,OR,Passenger,1,0,1,184,185,0.54
May 31 2017,Montgomery,MD,Passenger,1,0,1,305,306,0.33
June 30 2021,Howard,MD,Passenger,0,1,1,68,69,1.45
June 30 2023,Atlantic,NJ,Passenger,1,0,1,12,13,7.69
August 31 2023,Lane,OR,Passenger,0,2,2,67,69,2.90
August 31 2018,Clay,FL,Passenger,0,1,1,95,96,1.04
April 30 2020,Hudson,NJ,Passenger,1,0,1,40,41,2.44
August 31 2022,New York,NY,Passenger,1,0,1,39,40,2.50
April 30 2021,Thurston,WA,Truck,0,0,0,56676,56676,0.00
October 31 2017,Adams,WA,Passenger,3,3,6,12279,12285,0.05
December 31 2022,Cowlitz,WA,Truck,4,0,4,28340,28344,0.01
February 28 2017,Cumberland,NC,Passenger,1,0,1,629,630,0.16
September 30 2020,Clark,WA,Passenger,2174,1098,3272,318291,321563,1.02
August 31 2022,Walla Walla,WA,Passenger,179,103,282,35789,36071,0.78
June 30 2019,District of Columbia,DC,Passenger,1,1,2,202,204,0.98
July 31 2017,Morris,NJ,Passenger,1,0,1,25,26,3.85
April 30 2022,Manassas,VA,Passenger,0,1,1,7,8,12.50
November 30 2023,Garfield,WA,Passenger,0,3,3,1298,1301,0.23
October 31 2017,Whitman,WA,Passenger,12,20,32,22297,22329,0.14
March 31 2020,Placer,CA,Passenger,2,0,2,100,102,1.96
August 31 2022,Bell,TX,Passenger,1,0,1,321,322,0.31
December 31 2023,Nueces,TX,Passenger,1,1,2,46,48,4.17
July 31 2019,Alexandria,VA,Passenger,1,0,1,143,144,0.69
May 31 2021,Pinellas,FL,Passenger,0,1,1,100,101,0.99
October 31 2022,Rockingham,NH,Passenger,1,0,1,14,15,6.67
May 31 2017,Missoula,MT,Passenger,1,0,1,74,75,1.33
March 31 2017,Collier,FL,Passenger,1,0,1,21,22,4.55
June 30 2018,Ada,ID,Passenger,0,2,2,332,334,0.60
April 30 2017,Lincoln,WA,Passenger,2,4,6,7482,7488,0.08
December 31 2023,San Juan,WA,Truck,24,0,24,5875,5899,0.41
November 30 2021,Cowlitz,WA,Truck,0,1,1,29010,29011,0.00
September 30 2023,Coryell,TX,Passenger,1,0,1,68,69,1.45
June 30 2022,Alexandria,VA,Passenger,4,0,4,109,113,3.54
August 31 2020,King,WA,Passenger,25168,7813,32981,1370182,1403163,2.35
February 28 2017,Asotin,WA,Truck,0,0,0,6472,6472,0.00
July 31 2017,Skagit,WA,Truck,1,0,1,31478,31479,0.00
November 30 2023,San Juan,WA,Truck,22,0,22,5880,5902,0.37
May 31 2017,Thurston,WA,Truck,0,0,0,53227,53227,0.00
November 30 2019,Asotin,WA,Truck,0,0,0,6695,6695,0.00
May 31 2019,Deschutes,OR,Passenger,3,0,3,166,169,1.78
May 31 2022,Santa Clara,CA,Passenger,13,1,14,258,272,5.15
February 28 2022,Lewis,WA,Truck,0,0,0,26601,26601,0.00
January 31 2020,Maui,HI,Passenger,2,0,2,42,44,4.55
March 31 2021,Marion,IA,Passenger,1,0,1,1,2,50.00
May 31 2017,Thurston,WA,Passenger,390,334,724,186010,186734,0.39
July 31 2018,Whatcom,WA,Passenger,638,318,956,147950,148906,0.64
March 31 2024,Whatcom,WA,Passenger,3105,1093,4198,144646,148844,2.82
December 31 2018,Franklin,WA,Truck,0,0,0,19051,19051,0.00
September 30 2022,Pend Oreille,WA,Truck,0,0,0,5633,5633,0.00
October 31 2021,Clark,NV,Passenger,7,2,9,614,623,1.44
October 31 2020,District of Columbia,DC,Passenger,1,1,2,197,199,1.01
April 30 2018,Howard,MD,Passenger,0,1,1,88,89,1.12
February 28 2022,Suffolk,MA,Passenger,0,2,2,24,26,7.69
September 30 2018,Volusia,FL,Passenger,0,1,1,41,42,2.38
October 31 2022,Hamilton,OH,Passenger,1,0,1,35,36,2.78
February 29 2024,Orange,CA,Truck,1,0,1,57,58,1.72
May 31 2022,Danville,VA,Passenger,1,0,1,0,1,100.00
August 31 2018,Skagit,WA,Truck,1,0,1,32226,32227,0.00
October 31 2019,Grant,WA,Truck,0,0,0,26886,26886,0.00
November 30 2018,Clallam,WA,Truck,0,0,0,21611,21611,0.00
March 31 2019,Garfield,WA,Passenger,1,1,2,1309,1311,0.15
June 30 2023,Hillsborough,FL,Passenger,1,2,3,114,117,2.56
May 31 2019,Marion,OR,Passenger,1,0,1,119,120,0.83
June 30 2019,Charles,MD,Passenger,0,1,1,91,92,1.09
January 31 2022,Charles,MD,Passenger,1,1,2,69,71,2.82
July 31 2019,Snohomish,WA,Truck,0,0,0,122603,122603,0.00
January 31 2020,Prince William,VA,Passenger,2,4,6,236,242,2.48
September 30 2022,Sedgwick,KS,Passenger,1,1,2,70,72,2.78
September 30 2021,Williamson,TX,Passenger,1,2,3,113,116,2.59
October 31 2020,Pend Oreille,WA,Passenger,8,4,12,9153,9165,0.13
June 30 2023,Yakima,WA,Truck,13,0,13,61108,61121,0.02
May 31 2018,Alameda,CA,Passenger,0,1,1,354,355,0.28
March 31 2018,Moore,NC,Passenger,0,1,1,197,198,0.51
July 31 2023,King,WA,Truck,782,2,784,174938,175722,0.45
March 31 2022,Ferry,WA,Truck,0,0,0,3571,3571,0.00
July 31 2021,Multnomah,OR,Passenger,2,6,8,669,677,1.18
September 30 2022,Monterey,CA,Passenger,0,3,3,141,144,2.08
May 31 2023,San Francisco,CA,Passenger,1,0,1,64,65,1.54
May 31 2019,Prince George's,MD,Passenger,1,1,2,184,186,1.08
September 30 2017,Wayne,MI,Passenger,0,1,1,70,71,1.41
November 30 2022,Stafford,VA,Passenger,3,1,4,87,91,4.40
December 31 2021,Los Angeles,CA,Passenger,6,7,13,894,907,1.43
December 31 2021,Sonoma,CA,Passenger,0,1,1,93,94,1.06
September 30 2017,Island,WA,Passenger,129,150,279,60830,61109,0.46
January 31 2017,Polk,FL,Passenger,1,0,1,65,66,1.52
January 31 2019,Santa Rosa,FL,Passenger,1,0,1,93,94,1.06
October 31 2022,Cumberland,PA,Passenger,1,0,1,44,45,2.22
February 28 2021,Cowlitz,WA,Passenger,194,130,324,71921,72245,0.45
August 31 2017,Okanogan,WA,Truck,0,0,0,16239,16239,0.00
April 30 2023,Yolo,CA,Passenger,1,0,1,26,27,3.70
December 31 2023,Platte,MO,Passenger,2,0,2,20,22,9.09
May 31 2017,Saratoga,NY,Passenger,1,1,2,72,74,2.70
June 30 2022,Nueces,TX,Passenger,1,1,2,57,59,3.39
April 30 2024,Prince George's,MD,Passenger,3,1,4,102,106,3.77
October 31 2018,Cook,IL,Passenger,1,0,1,257,258,0.39
February 28 2018,Prince George's,MD,Passenger,0,1,1,183,184,0.54
January 31 2020,Osceola,FL,Passenger,1,0,1,43,44,2.27
April 30 2023,Howard,MD,Passenger,0,2,2,58,60,3.33
October 31 2019,DeKalb,IN,Passenger,1,0,1,1,2,50.00
September 30 2023,Mason,WA,Passenger,499,216,715,46171,46886,1.52
August 31 2020,Fulton,GA,Passenger,1,3,4,106,110,3.64
September 30 2022,Platte,MO,Passenger,1,0,1,23,24,4.17
January 31 2024,Cowlitz,WA,Passenger,612,256,868,69201,70069,1.24
March 31 2018,Douglas,WA,Passenger,42,33,75,27420,27495,0.27
March 31 2021,Dakota,MN,Passenger,0,1,1,27,28,3.57
May 31 2019,Harris,TX,Passenger,0,1,1,274,275,0.36
October 31 2022,Jefferson,WA,Truck,5,0,5,9387,9392,0.05
May 31 2022,Fresno,CA,Passenger,1,0,1,161,162,0.62
October 31 2022,Bexar,TX,Passenger,4,3,7,446,453,1.55
August 31 2022,Charles,MD,Passenger,1,1,2,57,59,3.39
December 31 2020,Lake,FL,Passenger,1,0,1,24,25,4.00
March 31 2024,Hardin,KY,Passenger,1,0,1,52,53,1.89
December 31 2020,Henrico,VA,Passenger,0,1,1,18,19,5.26
October 31 2020,Jefferson,WA,Passenger,260,151,411,24715,25126,1.64
June 30 2018,Whitman,WA,Truck,0,0,0,8496,8496,0.00
May 31 2023,Pacific,WA,Truck,3,0,3,7846,7849,0.04
August 31 2022,Arlington,VA,Passenger,1,0,1,128,129,0.78
January 31 2020,Lake,IL,Passenger,1,0,1,171,172,0.58
July 31 2017,Manatee,FL,Passenger,1,0,1,42,43,2.33
February 28 2022,Multnomah,OR,Passenger,1,4,5,620,625,0.80
January 31 2019,Asotin,WA,Truck,0,0,0,6642,6642,0.00
December 31 2020,Boulder,CO,Passenger,1,1,2,48,50,4.00
December 31 2022,El Paso,TX,Passenger,3,0,3,330,333,0.90
December 31 2022,Lake,FL,Passenger,1,0,1,19,20,5.00
November 30 2023,Wilson,TX,Passenger,0,1,1,3,4,25.00
December 31 2019,Skagit,WA,Truck,1,0,1,32561,32562,0.00
March 31 2020,Franklin,WA,Truck,0,0,0,19897,19897,0.00
September 30 2019,Skamania,WA,Truck,0,0,0,4083,4083,0.00
October 31 2019,Dallas,TX,Passenger,1,0,1,216,217,0.46
August 31 2022,Miami-Dade,FL,Passenger,1,0,1,81,82,1.22
November 30 2020,San Francisco,CA,Passenger,1,1,2,98,100,2.00
September 30 2018,Cochise,AZ,Passenger,0,1,1,118,119,0.84
January 31 2021,Dallas,IA,Passenger,0,1,1,10,11,9.09
November 30 2019,Benton,WA,Passenger,309,308,617,135068,135685,0.45
January 31 2020,Kootenai,ID,Passenger,1,2,3,232,235,1.28
September 30 2018,Douglas,NE,Passenger,0,1,1,70,71,1.41
April 30 2023,,,Passenger,5,0,5,278,283,1.77
December 31 2023,Galveston,TX,Passenger,0,1,1,13,14,7.14
April 30 2020,Lee,FL,Passenger,1,0,1,51,52,1.92
March 31 2020,Dakota,MN,Passenger,0,1,1,30,31,3.23
January 31 2019,Spokane,WA,Truck,1,0,1,93923,93924,0.00
October 31 2023,Chesapeake,VA,Passenger,2,1,3,284,287,1.05
July 31 2022,Pulaski,AR,Passenger,1,0,1,29,30,3.33
November 30 2021,Rockingham,NH,Passenger,1,0,1,20,21,4.76
August 31 2017,Manassas,VA,Passenger,0,1,1,9,10,10.00
March 31 2024,Whitman,WA,Truck,10,0,10,8508,8518,0.12
October 31 2019,Sarasota,FL,Passenger,2,0,2,35,37,5.41
September 30 2023,Kauai,HI,Passenger,0,1,1,14,15,6.67
August 31 2018,Whatcom,WA,Passenger,654,321,975,148228,149203,0.65
October 31 2019,Douglas,WA,Passenger,63,38,101,28266,28367,0.36
August 31 2020,Klickitat,WA,Truck,0,0,0,8102,8102,0.00
October 31 2018,Palm Beach,FL,Passenger,0,2,2,91,93,2.15
February 28 2021,Clinton,PA,Passenger,1,0,1,0,1,100.00
February 28 2019,Grays Harbor,WA,Truck,0,0,0,20316,20316,0.00
April 30 2017,Clark,WA,Truck,0,0,0,77549,77549,0.00
January 31 2021,Whitman,WA,Truck,0,0,0,8512,8512,0.00
January 31 2020,Los Angeles,CA,Passenger,7,12,19,1094,1113,1.71
March 31 2021,Sacramento,CA,Passenger,2,1,3,258,261,1.15
October 31 2018,Collin,TX,Passenger,1,1,2,168,170,1.18
July 31 2017,Allegheny,PA,Passenger,1,0,1,90,91,1.10
March 31 2021,Orange,NC,Passenger,0,1,1,12,13,7.69
December 31 2017,Wahkiakum,WA,Passenger,0,2,2,2860,2862,0.07
March 31 2019,Douglas,WA,Truck,0,0,0,12156,12156,0.00
May 31 2020,Contra Costa,CA,Passenger,3,2,5,314,319,1.57
August 31 2022,Hudson,NJ,Passenger,2,0,2,35,37,5.41
October 31 2023,Saratoga,NY,Passenger,1,1,2,32,34,5.88
May 31 2022,Marion,IA,Passenger,1,0,1,0,1,100.00
September 30 2023,Asotin,WA,Passenger,40,25,65,12335,12400,0.52
September 30 2021,Mason,WA,Passenger,238,149,387,47963,48350,0.80
August 31 2021,Walla Walla,WA,Truck,0,0,0,14077,14077,0.00
December 31 2019,Wayne,MI,Passenger,0,1,1,61,62,1.61
October 31 2022,Sumter,SC,Passenger,0,1,1,34,35,2.86
May 31 2021,Lake,FL,Passenger,1,0,1,24,25,4.00
September 30 2019,Manassas,VA,Passenger,0,1,1,7,8,12.50
July 31 2023,Lee,AL,Passenger,1,0,1,13,14,7.14
January 31 2020,Monroe,IL,Passenger,1,0,1,3,4,25.00
June 30 2019,Chelan,WA,Passenger,157,68,225,54352,54577,0.41
October 31 2022,Portsmouth,VA,Passenger,0,1,1,77,78,1.28
December 31 2017,Polk,FL,Passenger,1,0,1,64,65,1.54
January 31 2018,Mason,WA,Passenger,65,75,140,44973,45113,0.31
March 31 2020,Maricopa,AZ,Passenger,7,9,16,1565,1581,1.01
January 31 2020,Shelby,TN,Passenger,0,1,1,102,103,0.97
November 30 2017,Norfolk,VA,Passenger,1,1,2,310,312,0.64
November 30 2017,St. Lucie,FL,Passenger,1,0,1,26,27,3.70
November 30 2023,Burlington,NJ,Passenger,2,2,4,85,89,4.49
June 30 2019,Larimer,CO,Passenger,1,0,1,58,59,1.69
February 29 2024,Okanogan,WA,Truck,10,0,10,16211,16221,0.06
May 31 2017,Hawaii,HI,Passenger,1,0,1,89,90,1.11
October 31 2019,Guadalupe,TX,Passenger,1,0,1,73,74,1.35
June 30 2021,Franklin,WA,Passenger,123,97,220,61988,62208,0.35
December 31 2018,Grant,WA,Passenger,32,52,84,64192,64276,0.13
April 30 2019,Skamania,WA,Passenger,21,16,37,8707,8744,0.42
February 29 2024,Kittitas,WA,Truck,23,0,23,14478,14501,0.16
August 31 2020,Collier,FL,Passenger,1,0,1,21,22,4.55
January 31 2022,Carroll,NH,Passenger,0,1,1,5,6,16.67
September 30 2023,Allen,IN,Passenger,1,0,1,11,12,8.33
May 31 2020,Shasta,CA,Passenger,1,0,1,36,37,2.70
February 28 2022,Orange,FL,Passenger,2,0,2,104,106,1.89
December 31 2021,Frederick,MD,Passenger,1,1,2,71,73,2.74
October 31 2021,New London,CT,Passenger,1,3,4,211,215,1.86
April 30 2021,Vigo,IN,Passenger,1,0,1,5,6,16.67
November 30 2019,Cascade,MT,Passenger,0,1,1,61,62,1.61
May 31 2020,Benton,WA,Passenger,353,321,674,134122,134796,0.50
January 31 2020,San Juan,WA,Passenger,265,83,348,14395,14743,2.36
February 29 2024,Whatcom,WA,Truck,98,0,98,42064,42162,0.23
February 29 2024,Klickitat,WA,Truck,16,0,16,8128,8144,0.20
July 31 2023,Palm Beach,FL,Passenger,1,1,2,49,51,3.92
October 31 2020,Collier,FL,Passenger,1,0,1,21,22,4.55
June 30 2023,Alameda,CA,Passenger,4,2,6,173,179,3.35
August 31 2017,Alameda,CA,Passenger,0,1,1,363,364,0.27
August 31 2020,San Joaquin,CA,Passenger,1,0,1,128,129,0.78
June 30 2020,Denton,TX,Passenger,1,0,1,92,93,1.08
February 29 2024,Grant,WA,Truck,18,0,18,27766,27784,0.06
April 30 2023,Kitsap,WA,Truck,63,0,63,52439,52502,0.12
May 31 2018,Orleans,LA,Passenger,0,1,1,47,48,2.08
October 31 2021,Santa Cruz,CA,Passenger,1,0,1,30,31,3.23
November 30 2018,Gwinnett,GA,Passenger,0,1,1,79,80,1.25
April 30 2022,Lake,IL,Passenger,3,0,3,150,153,1.96
September 30 2019,Collin,TX,Passenger,2,1,3,144,147,2.04
March 31 2018,Caddo,LA,Passenger,0,1,1,23,24,4.17
November 30 2020,Clark,WA,Passenger,2284,1140,3424,318699,322123,1.06
June 30 2021,El Paso,TX,Passenger,3,0,3,399,402,0.75
April 30 2019,Multnomah,OR,Passenger,4,5,9,769,778,1.16
March 31 2019,Collin,TX,Passenger,1,1,2,150,152,1.32
September 30 2023,Frederick,MD,Passenger,2,1,3,52,55,5.45
December 31 2023,Oldham,KY,Passenger,0,1,1,2,3,33.33
August 31 2018,Thurston,WA,Passenger,603,516,1119,194165,195284,0.57
August 31 2023,Skagit,WA,Truck,26,0,26,31826,31852,0.08
March 31 2018,Adams,WA,Truck,0,0,0,5150,5150,0.00
December 31 2019,Albemarle,VA,Passenger,1,0,1,27,28,3.57
December 31 2019,Harrison,MS,Passenger,1,0,1,62,63,1.59
March 31 2024,New Haven,CT,Passenger,0,2,2,19,21,9.52
June 30 2023,Newport,RI,Passenger,0,1,1,56,57,1.75
May 31 2019,San Joaquin,CA,Passenger,1,0,1,138,139,0.72
October 31 2017,Pinal,AZ,Passenger,2,0,2,226,228,0.88
November 30 2021,New York,NY,Passenger,2,0,2,44,46,4.35
October 31 2018,Hawaii,HI,Passenger,1,0,1,71,72,1.39
October 31 2019,Randolph,NC,Passenger,1,0,1,6,7,14.29
February 29 2020,Montgomery,TX,Passenger,1,0,1,56,57,1.75
August 31 2023,Kern,CA,Passenger,1,1,2,170,172,1.16
March 31 2017,Muscogee,GA,Passenger,0,1,1,254,255,0.39
September 30 2022,San Bernardino,CA,Passenger,2,1,3,342,345,0.87
August 31 2017,Wayne,MI,Passenger,0,1,1,70,71,1.41
March 31 2019,Santa Rosa,FL,Passenger,1,0,1,91,92,1.09
June 30 2022,Sedgwick,KS,Passenger,1,1,2,78,80,2.50
March 31 2022,Douglas,CO,Passenger,0,1,1,87,88,1.14
February 28 2023,Ulster,NY,Passenger,1,0,1,8,9,11.11
August 31 2022,Grant,WA,Truck,1,0,1,27978,27979,0.00
April 30 2021,Kitsap,WA,Truck,0,0,0,54533,54533,0.00
January 31 2018,Montgomery,MD,Passenger,1,0,1,301,302,0.33
April 30 2020,Flathead,MT,Passenger,1,0,1,68,69,1.45
December 31 2022,Palm Beach,FL,Passenger,1,1,2,57,59,3.39
February 29 2024,Sacramento,CA,Truck,1,0,1,27,28,3.57
June 30 2022,Suffolk,MA,Passenger,0,1,1,20,21,4.76
April 30 2019,Spokane,WA,Truck,1,0,1,94364,94365,0.00
March 31 2024,Chelan,WA,Truck,52,0,52,22688,22740,0.23
April 30 2020,Benton,WA,Truck,0,0,0,42482,42482,0.00
January 31 2024,Lewis,WA,Truck,13,0,13,25515,25528,0.05
November 30 2021,Anne Arundel,MD,Passenger,3,1,4,363,367,1.09
February 29 2020,Harris,TX,Passenger,1,0,1,269,270,0.37
October 31 2019,Camden,NJ,Passenger,0,1,1,23,24,4.17
September 30 2021,Miami-Dade,FL,Passenger,1,0,1,102,103,0.97
December 31 2022,Goochland,VA,Passenger,2,2,4,94,98,4.08
January 31 2024,Fulton,GA,Passenger,1,1,2,50,52,3.85
May 31 2018,Clallam,WA,Passenger,119,110,229,49787,50016,0.46
June 30 2020,Duval,FL,Passenger,0,2,2,368,370,0.54
November 30 2023,Pacific,WA,Truck,5,0,5,7827,7832,0.06
March 31 2020,Charleston,SC,Passenger,1,0,1,112,113,0.88
February 28 2022,Howard,MD,Passenger,0,2,2,65,67,2.99
February 28 2019,Nassau,NY,Passenger,3,0,3,40,43,6.98
November 30 2021,Harford,MD,Passenger,1,1,2,53,55,3.64
November 30 2018,Santa Cruz,CA,Passenger,1,0,1,43,44,2.27
August 31 2021,Mercer,NJ,Passenger,0,1,1,13,14,7.14
April 30 2020,Spartanburg,SC,Passenger,0,1,1,53,54,1.85
April 30 2017,Albemarle,VA,Passenger,0,1,1,31,32,3.12
January 31 2018,Lumpkin,GA,Passenger,1,0,1,7,8,12.50
April 30 2019,Kitsap,WA,Passenger,1008,575,1583,180147,181730,0.87
October 31 2020,Prince William,VA,Passenger,2,3,5,225,230,2.17
August 31 2020,Grays Harbor,WA,Truck,0,0,0,21025,21025,0.00
May 31 2022,Lake,IL,Passenger,3,0,3,149,152,1.97
July 31 2019,Dale,AL,Passenger,0,1,1,54,55,1.82
August 31 2022,Fort Bend,TX,Passenger,1,0,1,24,25,4.00
April 30 2021,San Juan,WA,Passenger,406,125,531,14140,14671,3.62
June 30 2022,King,WA,Truck,66,1,67,180768,180835,0.04
September 30 2023,Virginia Beach,VA,Passenger,4,2,6,427,433,1.39
May 31 2020,Orange,CA,Passenger,7,2,9,517,526,1.71
March 31 2023,Cumberland,NC,Passenger,1,4,5,331,336,1.49
August 31 2022,Richland,SC,Passenger,0,1,1,132,133,0.75
November 30 2021,Hawaii,HI,Passenger,1,0,1,46,47,2.13
January 31 2023,Santa Cruz,CA,Passenger,1,0,1,21,22,4.55
July 31 2019,RÃ­o Grande,PR,Passenger,1,0,1,1,2,50.00
January 31 2017,Whatcom,WA,Passenger,384,141,525,141864,142389,0.37
September 30 2021,Whitman,WA,Passenger,64,56,120,21890,22010,0.55
May 31 2022,Klickitat,WA,Truck,1,0,1,8287,8288,0.01
July 31 2023,Contra Costa,CA,Passenger,1,3,4,172,176,2.27
November 30 2021,Camden,NJ,Passenger,0,1,1,15,16,6.25
June 30 2023,King,WA,Passenger,57655,14689,72344,1324982,1397326,5.18
February 28 2023,Kittitas,WA,Passenger,321,92,413,29518,29931,1.38
July 31 2019,Multnomah,OR,Passenger,5,6,11,763,774,1.42
October 31 2022,Klickitat,WA,Truck,3,0,3,8244,8247,0.04
March 31 2020,Cochise,AZ,Passenger,0,1,1,104,105,0.95
May 31 2020,Columbia,OR,Passenger,1,0,1,27,28,3.57
July 31 2021,Essex,NJ,Passenger,1,0,1,13,14,7.14
April 30 2022,El Paso,CO,Passenger,3,1,4,645,649,0.62
April 30 2022,Fort Bend,TX,Passenger,1,0,1,30,31,3.23
October 31 2021,Los Angeles,CA,Passenger,6,9,15,895,910,1.65
December 31 2022,Kent,DE,Passenger,1,0,1,49,50,2.00
September 30 2023,Arapahoe,CO,Passenger,1,1,2,72,74,2.70
June 30 2022,Bartow,GA,Passenger,0,1,1,5,6,16.67
February 29 2024,Las Animas,CO,Passenger,1,0,1,0,1,100.00
June 30 2017,Los Angeles,CA,Passenger,2,1,3,1316,1319,0.23
February 28 2019,Klamath,OR,Passenger,1,0,1,39,40,2.50
March 31 2021,Ramsey,MN,Passenger,1,0,1,34,35,2.86
April 30 2022,Hawaii,HI,Passenger,1,0,1,41,42,2.38
December 31 2019,Hudson,NJ,Passenger,1,0,1,40,41,2.44
November 30 2018,Chelan,WA,Truck,0,0,0,22078,22078,0.00
September 30 2020,Kern,CA,Passenger,0,1,1,227,228,0.44
May 31 2020,Henrico,VA,Passenger,0,1,1,19,20,5.00
May 31 2022,Grant,WA,Truck,0,0,0,27980,27980,0.00
November 30 2021,Okanogan,WA,Passenger,67,43,110,26582,26692,0.41
November 30 2022,Skamania,WA,Truck,0,0,0,3891,3891,0.00
January 31 2019,Washtenaw,MI,Passenger,1,0,1,39,40,2.50
April 30 2022,Maui,HI,Passenger,1,0,1,27,28,3.57
January 31 2022,Galveston,TX,Passenger,0,1,1,21,22,4.55
November 30 2021,Jefferson,WA,Passenger,370,195,565,24778,25343,2.23
April 30 2024,Maricopa,AZ,Passenger,6,2,8,505,513,1.56
July 31 2019,Lincoln,WA,Truck,0,0,0,4684,4684,0.00
November 30 2022,Orange,NC,Passenger,0,1,1,6,7,14.29
April 30 2021,Danville,VA,Passenger,1,0,1,0,1,100.00
February 28 2017,Snohomish,WA,Passenger,1605,824,2429,513995,516424,0.47
March 31 2023,San Juan,WA,Passenger,593,174,767,13846,14613,5.25
July 31 2017,Pima,AZ,Passenger,1,2,3,443,446,0.67
October 31 2022,San Bernardino,CA,Passenger,2,1,3,340,343,0.87
August 31 2020,Los Angeles,CA,Passenger,7,12,19,1031,1050,1.81
October 31 2020,Hudson,NJ,Passenger,1,0,1,41,42,2.38
September 30 2022,Orange,FL,Passenger,1,0,1,86,87,1.15
August 31 2023,Lewis,WA,Passenger,347,252,599,59438,60037,1.00
August 31 2017,Moore,NC,Passenger,0,1,1,198,199,0.50
October 31 2022,Franklin,WA,Truck,2,0,2,20862,20864,0.01
September 30 2017,Chelan,WA,Truck,0,0,0,21413,21413,0.00
December 31 2020,Twin Falls,ID,Passenger,0,1,1,26,27,3.70
January 31 2019,Saratoga,NY,Passenger,1,0,1,58,59,1.69
June 30 2020,Thurston,WA,Passenger,1143,734,1877,196764,198641,0.94
March 31 2023,Asotin,WA,Passenger,32,21,53,12391,12444,0.43
July 31 2023,Jefferson,NY,Passenger,2,0,2,189,191,1.05
May 31 2023,Ray,MO,Passenger,0,1,1,0,1,100.00
September 30 2021,Los Angeles,CA,Passenger,6,9,15,911,926,1.62
March 31 2023,Palm Beach,FL,Passenger,1,1,2,53,55,3.64
December 31 2022,Montgomery,MD,Passenger,4,3,7,190,197,3.55
May 31 2018,Mercer,NJ,Passenger,0,1,1,21,22,4.55
September 30 2023,Kern,CA,Passenger,1,1,2,164,166,1.20
April 30 2018,Stevens,WA,Truck,0,0,0,18505,18505,0.00
November 30 2023,Essex,NJ,Passenger,2,0,2,9,11,18.18
January 31 2019,Palm Beach,FL,Passenger,0,2,2,91,93,2.15
December 31 2020,Albemarle,VA,Passenger,1,0,1,23,24,4.17
June 30 2021,Wilson,TX,Passenger,0,1,1,4,5,20.00
December 31 2018,Washington,OR,Passenger,0,1,1,480,481,0.21
November 30 2018,DeKalb,GA,Passenger,1,0,1,79,80,1.25
February 28 2023,Parker,TX,Passenger,0,1,1,17,18,5.56
August 31 2017,Douglas,WA,Passenger,35,27,62,26839,26901,0.23
August 31 2023,Lewis,WA,Truck,8,0,8,25883,25891,0.03
September 30 2021,Denton,TX,Passenger,1,0,1,75,76,1.32
January 31 2022,San Luis Obispo,CA,Passenger,1,0,1,62,63,1.59
November 30 2017,Shelby,TN,Passenger,0,1,1,106,107,0.93
May 31 2019,Houston,GA,Passenger,1,0,1,55,56,1.79
September 30 2020,RÃ­o Grande,PR,Passenger,1,0,1,1,2,50.00
June 30 2019,Clark,WA,Passenger,1538,926,2464,313780,316244,0.78
March 31 2024,Norfolk,VA,Passenger,0,1,1,239,240,0.42
February 28 2017,Moore,NC,Passenger,0,1,1,210,211,0.47
May 31 2018,San Juan,WA,Truck,0,0,0,5700,5700,0.00
August 31 2020,Riverside,CA,Passenger,3,0,3,621,624,0.48
May 31 2019,Travis,TX,Passenger,4,1,5,215,220,2.27
April 30 2019,Santa Cruz,CA,Passenger,1,0,1,42,43,2.33
January 31 2021,Stevens,WA,Passenger,38,40,78,30253,30331,0.26
February 28 2019,Thurston,WA,Passenger,782,593,1375,195785,197160,0.70
December 31 2021,Grays Harbor,WA,Passenger,192,157,349,49417,49766,0.70
June 30 2019,Clallam,WA,Passenger,173,141,314,50498,50812,0.62
November 30 2021,Maricopa,AZ,Passenger,8,5,13,1223,1236,1.05
October 31 2018,Whatcom,WA,Truck,2,0,2,42555,42557,0.00
April 30 2020,Clallam,WA,Truck,1,0,1,21687,21688,0.00
October 31 2022,Middlesex,NJ,Passenger,1,0,1,20,21,4.76
November 30 2023,Oldham,KY,Passenger,0,1,1,2,3,33.33
May 31 2020,Yakima,WA,Passenger,131,117,248,164982,165230,0.15
October 31 2018,Jefferson,WA,Passenger,163,101,264,24779,25043,1.05
September 30 2023,Harnett,NC,Passenger,4,0,4,134,138,2.90
March 31 2019,Kittitas,WA,Truck,0,0,0,14254,14254,0.00
August 31 2019,Lake,IL,Passenger,1,0,1,174,175,0.57
December 31 2023,Rockingham,NH,Passenger,1,0,1,7,8,12.50
October 31 2018,Rogers,OK,Passenger,1,0,1,7,8,12.50
December 31 2023,Hudson,NJ,Passenger,1,0,1,15,16,6.25
August 31 2023,Whatcom,WA,Truck,66,0,66,42653,42719,0.15
January 31 2023,Grant,WA,Truck,5,0,5,28013,28018,0.02
June 30 2019,Wahkiakum,WA,Truck,0,0,0,1754,1754,0.00
November 30 2018,Ferry,WA,Passenger,3,2,5,4385,4390,0.11
June 30 2022,San Juan,WA,Passenger,513,157,670,14051,14721,4.55
September 30 2018,Marion,IN,Passenger,1,0,1,120,121,0.83
December 31 2017,Ramsey,MN,Passenger,1,0,1,40,41,2.44
April 30 2019,Harnett,NC,Passenger,1,1,2,222,224,0.89
February 28 2023,Carroll,MD,Passenger,0,1,1,18,19,5.26
July 31 2018,Montgomery,PA,Passenger,2,0,2,34,36,5.56
April 30 2022,Lewis,WA,Passenger,230,173,403,59453,59856,0.67
July 31 2023,Platte,MO,Passenger,1,0,1,22,23,4.35
December 31 2020,Suffolk,MA,Passenger,0,2,2,35,37,5.41
July 31 2021,Columbia,WA,Passenger,6,2,8,2470,2478,0.32
February 28 2017,Clallam,WA,Truck,0,0,0,21024,21024,0.00
May 31 2019,Santa Fe,NM,Passenger,0,1,1,42,43,2.33
April 30 2023,Hennepin,MN,Passenger,1,0,1,43,44,2.27
October 31 2017,Lake,CA,Passenger,0,1,1,12,13,7.69
February 28 2021,Williams,ND,Passenger,0,1,1,10,11,9.09
December 31 2018,Clark,NV,Passenger,3,2,5,732,737,0.68
November 30 2020,District of Columbia,DC,Passenger,2,1,3,196,199,1.51
April 30 2020,Fairfax,VA,Passenger,5,3,8,755,763,1.05
June 30 2018,Pacific,WA,Truck,0,0,0,7598,7598,0.00
September 30 2017,Latah,ID,Passenger,0,1,1,94,95,1.05
March 31 2021,Adams,WA,Passenger,10,7,17,12989,13006,0.13
May 31 2021,Grays Harbor,WA,Passenger,161,139,300,49341,49641,0.60
October 31 2018,Clay,FL,Passenger,0,1,1,94,95,1.05
May 31 2023,Salt Lake,UT,Passenger,1,1,2,120,122,1.64
August 31 2019,Twin Falls,ID,Passenger,0,1,1,27,28,3.57
October 31 2018,Douglas,NE,Passenger,0,1,1,70,71,1.41
April 30 2023,Virginia Beach,VA,Truck,1,0,1,110,111,0.90
September 30 2017,Skagit,WA,Truck,1,0,1,31542,31543,0.00
October 31 2018,Bexar,TX,Passenger,3,4,7,737,744,0.94
December 31 2020,St. Louis,MO,Passenger,1,0,1,102,103,0.97
April 30 2022,Dallas,TX,Passenger,1,0,1,127,128,0.78
December 31 2017,Missoula,MT,Passenger,1,0,1,69,70,1.43
July 31 2019,King,WA,Truck,5,1,6,182228,182234,0.00
December 31 2021,Mason,WA,Passenger,265,156,421,47743,48164,0.87
September 30 2021,Honolulu,HI,Passenger,5,3,8,409,417,1.92
March 31 2019,Arlington,VA,Passenger,1,2,3,162,165,1.82
August 31 2021,Skagit,WA,Truck,1,0,1,32952,32953,0.00
August 31 2022,Franklin,WA,Truck,2,0,2,20884,20886,0.01
January 31 2023,Grays Harbor,WA,Truck,2,0,2,21043,21045,0.01
May 31 2023,Garfield,WA,Passenger,1,3,4,1306,1310,0.31
December 31 2023,Sonoma,CA,Passenger,2,1,3,63,66,4.55
February 28 2017,Bexar,TX,Passenger,1,2,3,1166,1169,0.26
April 30 2018,Marin,CA,Passenger,1,0,1,56,57,1.75
September 30 2023,Mercer,NJ,Passenger,0,1,1,11,12,8.33
January 31 2018,Snohomish,WA,Truck,1,0,1,121544,121545,0.00
December 31 2023,Virginia Beach,VA,Truck,1,0,1,96,97,1.03
December 31 2023,Virginia Beach,VA,Passenger,4,2,6,407,413,1.45
April 30 2017,District of Columbia,DC,Passenger,0,3,3,222,225,1.33
July 31 2021,Prince George's,MD,Passenger,2,1,3,151,154,1.95
March 31 2020,Anne Arundel,MD,Passenger,1,1,2,423,425,0.47
December 31 2020,Boone,MO,Passenger,0,1,1,12,13,7.69
December 31 2019,Wilson,TX,Passenger,0,1,1,9,10,10.00
September 30 2023,King,WA,Passenger,64287,15797,80084,1320553,1400637,5.72
January 31 2017,Skagit,WA,Passenger,106,81,187,87448,87635,0.21
August 31 2020,Snohomish,WA,Truck,0,0,0,124579,124579,0.00
June 30 2017,Whatcom,WA,Passenger,463,175,638,143034,143672,0.44
August 31 2020,Greene,MO,Passenger,0,1,1,37,38,2.63
June 30 2018,Garfield,OK,Passenger,1,0,1,18,19,5.26
March 31 2022,Kitsap,WA,Passenger,2272,1004,3276,178951,182227,1.80
April 30 2017,Honolulu,HI,Passenger,4,2,6,612,618,0.97
June 30 2020,DuPage,IL,Passenger,4,0,4,61,65,6.15
September 30 2019,Garfield,WA,Passenger,0,1,1,1310,1311,0.08
February 28 2021,Loudoun,VA,Passenger,1,0,1,72,73,1.37
September 30 2020,Carroll,NH,Passenger,0,1,1,5,6,16.67
July 31 2021,Whitman,WA,Passenger,61,49,110,21912,22022,0.50
January 31 2017,,,Passenger,2,0,2,489,491,0.41
February 29 2020,Lincoln,WA,Passenger,1,12,13,7782,7795,0.17
July 31 2021,Lewis,WA,Passenger,165,146,311,59630,59941,0.52
June 30 2018,Orange,CA,Passenger,4,1,5,574,579,0.86
January 31 2024,Denton,TX,Passenger,1,0,1,29,30,3.33
March 31 2019,Pend Oreille,WA,Truck,0,0,0,5723,5723,0.00
October 31 2022,Rockdale,GA,Passenger,1,0,1,6,7,14.29
September 30 2018,Hawaii,HI,Passenger,1,0,1,74,75,1.33
February 28 2018,Orange,FL,Passenger,2,1,3,169,172,1.74
December 31 2022,Orange,CA,Passenger,10,3,13,370,383,3.39
August 31 2022,Fulton,GA,Passenger,1,1,2,75,77,2.60
December 31 2021,Washtenaw,MI,Passenger,0,1,1,30,31,3.23
May 31 2017,Cascade,MT,Passenger,0,1,1,64,65,1.54
August 31 2021,Champaign,IL,Passenger,1,0,1,12,13,7.69
March 31 2023,Bartow,GA,Passenger,0,1,1,5,6,16.67
July 31 2018,Sangamon,IL,Passenger,1,0,1,11,12,8.33
January 31 2017,Orange,FL,Passenger,0,1,1,158,159,0.63
February 28 2021,St. Mary's,MD,Passenger,1,0,1,212,213,0.47
June 30 2023,Fairfax,VA,Passenger,7,3,10,586,596,1.68
May 31 2017,El Paso,CO,Passenger,2,1,3,813,816,0.37
December 31 2017,Pinal,AZ,Passenger,2,0,2,218,220,0.91
December 31 2020,Washoe,NV,Passenger,1,0,1,107,108,0.93
October 31 2019,Frederick,MD,Passenger,1,1,2,82,84,2.38
May 31 2020,Arapahoe,CO,Passenger,1,0,1,137,138,0.72
July 31 2017,Saratoga,NY,Passenger,1,1,2,73,75,2.67
December 31 2019,Skamania,WA,Truck,0,0,0,4096,4096,0.00
March 31 2023,Fairbanks North Star,AK,Passenger,0,1,1,63,64,1.56
March 31 2022,Richland,SC,Passenger,0,2,2,138,140,1.43
March 31 2017,Garfield,WA,Truck,0,0,0,939,939,0.00
July 31 2021,Pennington,SD,Passenger,1,0,1,33,34,2.94
July 31 2021,Saginaw,MI,Passenger,1,0,1,9,10,10.00
April 30 2019,Spokane,WA,Passenger,511,406,917,309511,310428,0.30
July 31 2018,Pacific,WA,Passenger,19,21,40,15613,15653,0.26
January 31 2024,Alexandria,VA,Passenger,3,0,3,77,80,3.75
June 30 2021,Yamhill,OR,Passenger,1,0,1,42,43,2.33
December 31 2018,Yakima,WA,Truck,0,0,0,58838,58838,0.00
February 28 2022,Garfield,WA,Truck,0,0,0,997,997,0.00
October 31 2017,Palm Beach,FL,Passenger,0,2,2,95,97,2.06
April 30 2024,Kauai,HI,Passenger,0,1,1,13,14,7.14
April 30 2020,Klickitat,WA,Passenger,53,41,94,15418,15512,0.61
November 30 2020,Ferry,WA,Truck,0,0,0,3601,3601,0.00
December 31 2022,Virginia Beach,VA,Truck,1,0,1,113,114,0.88
December 31 2018,Klamath,OR,Passenger,1,0,1,39,40,2.50
September 30 2023,Laramie,WY,Passenger,1,0,1,26,27,3.70
May 31 2022,Lewis,WA,Passenger,229,175,404,59449,59853,0.67
January 31 2018,Okanogan,WA,Passenger,7,19,26,25694,25720,0.10
March 31 2020,Contra Costa,CA,Passenger,3,2,5,323,328,1.52
March 31 2021,Harrison,MS,Passenger,2,0,2,56,58,3.45
October 31 2020,Miami-Dade,FL,Passenger,1,0,1,110,111,0.90
April 30 2020,Clark,NV,Passenger,4,2,6,696,702,0.85
November 30 2020,Lee,FL,Passenger,1,0,1,46,47,2.13
April 30 2019,Tulsa,OK,Passenger,1,1,2,53,55,3.64
August 31 2021,Spokane,WA,Passenger,1158,684,1842,325762,327604,0.56
June 30 2019,Loudoun,VA,Passenger,1,0,1,97,98,1.02
August 31 2021,Franklin,WA,Truck,0,0,0,20715,20715,0.00
February 28 2022,Prince William,VA,Passenger,1,2,3,210,213,1.41
March 31 2020,Shelby,TN,Passenger,0,1,1,95,96,1.04
March 31 2023,St. Lawrence,NY,Passenger,1,0,1,2,3,33.33
March 31 2018,Skamania,WA,Passenger,12,8,20,8664,8684,0.23
May 31 2019,Columbia,WA,Passenger,2,2,4,2444,2448,0.16
September 30 2018,Hardin,KY,Passenger,0,1,1,116,117,0.85
November 30 2018,Deschutes,OR,Passenger,3,0,3,172,175,1.71
June 30 2023,Skamania,WA,Truck,1,0,1,3846,3847,0.03
September 30 2022,Hardin,KY,Passenger,1,0,1,64,65,1.54
September 30 2021,Lake,IN,Passenger,0,1,1,10,11,9.09
May 31 2020,Klickitat,WA,Passenger,53,40,93,15266,15359,0.61
June 30 2019,Dakota,MN,Passenger,0,1,1,35,36,2.78
July 31 2020,Clackamas,OR,Passenger,2,0,2,195,197,1.02
April 30 2018,Cook,IL,Passenger,1,0,1,274,275,0.36
October 31 2019,Bucks,PA,Passenger,1,0,1,26,27,3.70
January 31 2024,DeKalb,GA,Passenger,1,0,1,31,32,3.12
August 31 2022,Carroll,NH,Passenger,0,1,1,5,6,16.67
October 31 2018,Nueces,TX,Passenger,1,1,2,90,92,2.17
March 31 2022,Houston,GA,Passenger,1,0,1,41,42,2.38
May 31 2017,New Haven,CT,Passenger,0,1,1,59,60,1.67
June 30 2022,Norfolk,MA,Passenger,1,0,1,25,26,3.85
July 31 2023,Klickitat,WA,Passenger,156,65,221,15127,15348,1.44
May 31 2021,Whitman,WA,Passenger,60,44,104,21990,22094,0.47
September 30 2020,Shelby,TN,Passenger,0,1,1,87,88,1.14
October 31 2023,Charleston,SC,Passenger,1,2,3,47,50,6.00
February 28 2023,Cochise,AZ,Passenger,1,0,1,67,68,1.47
February 28 2023,Tooele,UT,Passenger,1,0,1,7,8,12.50
April 30 2021,Honolulu,HI,Passenger,5,2,7,443,450,1.56
January 31 2020,Asotin,WA,Truck,0,0,0,6721,6721,0.00
September 30 2020,Okaloosa,FL,Passenger,0,1,1,149,150,0.67
August 31 2021,Lane,OR,Passenger,0,2,2,128,130,1.54
August 31 2022,Ulster,NY,Passenger,1,0,1,11,12,8.33
April 30 2022,Carson City,NV,Passenger,1,0,1,9,10,10.00
April 30 2017,Mason,WA,Passenger,49,62,111,42995,43106,0.26
January 31 2024,Douglas,WA,Truck,10,0,10,12974,12984,0.08
June 30 2023,Montgomery,MD,Passenger,6,2,8,181,189,4.23
December 31 2023,Jefferson,NY,Passenger,2,0,2,171,173,1.16
November 30 2019,Albemarle,VA,Passenger,1,0,1,27,28,3.57
September 30 2023,Calvert,MD,Passenger,1,1,2,75,77,2.60
August 31 2018,Deschutes,OR,Passenger,2,0,2,173,175,1.14
March 31 2017,Whitman,WA,Truck,0,0,0,8387,8387,0.00
July 31 2019,Virginia Beach,VA,Passenger,1,0,1,706,707,0.14
March 31 2017,Tulare,CA,Passenger,1,0,1,195,196,0.51
April 30 2024,Kings,CA,Passenger,2,1,3,231,234,1.28
January 31 2021,Arlington,VA,Passenger,0,1,1,141,142,0.70
February 29 2024,Pulaski,AR,Passenger,2,0,2,16,18,11.11
November 30 2021,Grays Harbor,WA,Passenger,191,155,346,49476,49822,0.69
June 30 2018,Walla Walla,WA,Passenger,34,43,77,35661,35738,0.22
July 31 2018,Williamson,TX,Passenger,0,1,1,167,168,0.60
March 31 2019,Carson City,NV,Passenger,1,0,1,14,15,6.67
June 30 2019,Flathead,MT,Passenger,1,0,1,65,66,1.52
December 31 2021,Champaign,IL,Passenger,1,0,1,11,12,8.33
April 30 2019,Carroll,NH,Passenger,0,1,1,2,3,33.33
March 31 2022,Pierce,WA,Passenger,4623,2229,6852,549384,556236,1.23
May 31 2021,San Bernardino,CA,Passenger,1,0,1,394,395,0.25
December 31 2021,Placer,CA,Passenger,2,0,2,78,80,2.50
April 30 2019,St. Lucie,FL,Passenger,1,0,1,29,30,3.33
March 31 2022,Travis,TX,Passenger,3,0,3,130,133,2.26
April 30 2022,Chelan,WA,Passenger,447,124,571,54487,55058,1.04
June 30 2021,Newport,RI,Passenger,0,1,1,79,80,1.25
May 31 2022,San Mateo,CA,Passenger,2,0,2,88,90,2.22
September 30 2019,Juneau,AK,Passenger,0,2,2,29,31,6.45
February 29 2020,Washington,OR,Passenger,1,0,1,476,477,0.21
December 31 2023,Pitt,NC,Passenger,0,1,1,4,5,20.00
March 31 2022,Clark,WA,Truck,2,0,2,83442,83444,0.00
January 31 2021,Lincoln,WA,Passenger,6,12,18,7629,7647,0.24
September 30 2021,Orange,FL,Passenger,2,0,2,116,118,1.69
March 31 2024,Thurston,WA,Truck,113,0,113,52334,52447,0.22
January 31 2021,Whatcom,WA,Passenger,1254,564,1818,150015,151833,1.20
March 31 2021,Harnett,NC,Passenger,1,1,2,191,193,1.04
February 28 2022,Wahkiakum,WA,Passenger,17,11,28,3093,3121,0.90
February 28 2023,Adams,WA,Truck,2,0,2,5375,5377,0.04
April 30 2021,Cowlitz,WA,Passenger,211,134,345,72505,72850,0.47
January 31 2021,Benton,WA,Passenger,451,358,809,135089,135898,0.60
February 28 2021,Asotin,WA,Passenger,17,14,31,12476,12507,0.25
June 30 2022,Hennepin,MN,Passenger,1,0,1,56,57,1.75
July 31 2019,Portsmouth,VA,Passenger,0,1,1,77,78,1.28
January 31 2017,Pinal,AZ,Passenger,2,0,2,284,286,0.70
December 31 2023,Ventura,CA,Passenger,3,2,5,195,200,2.50
August 31 2023,Bell,TX,Passenger,1,0,1,247,248,0.40
June 30 2019,San Juan,WA,Passenger,212,72,284,14403,14687,1.93
May 31 2022,Benton,WA,Truck,2,0,2,43531,43533,0.00
May 31 2023,Stafford,VA,Passenger,3,1,4,81,85,4.71
October 31 2023,Garfield,OK,Passenger,1,0,1,14,15,6.67
May 31 2023,Nassau,NY,Passenger,2,0,2,30,32,6.25
June 30 2019,Grant,WA,Passenger,41,61,102,64699,64801,0.16
November 30 2018,Asotin,WA,Passenger,12,9,21,12722,12743,0.16
March 31 2022,Anne Arundel,MD,Passenger,3,1,4,364,368,1.09
May 31 2019,Montgomery,MD,Passenger,1,0,1,279,280,0.36
June 30 2023,Jackson,OK,Passenger,0,1,1,34,35,2.86
May 31 2017,Deschutes,OR,Passenger,1,0,1,201,202,0.50
November 30 2023,Currituck,NC,Passenger,1,0,1,18,19,5.26
May 31 2017,Eagle,CO,Passenger,1,0,1,7,8,12.50
October 31 2023,Yakima,WA,Truck,15,0,15,60826,60841,0.02
April 30 2024,Skagit,WA,Passenger,1434,522,1956,85945,87901,2.23
May 31 2022,,,Passenger,5,1,6,320,326,1.84
June 30 2018,Lane,OR,Passenger,0,1,1,186,187,0.53
May 31 2021,Juneau,AK,Passenger,0,1,1,26,27,3.70
February 29 2024,Currituck,NC,Passenger,1,0,1,16,17,5.88
March 31 2017,Orleans,LA,Passenger,0,1,1,50,51,1.96
May 31 2023,Richland,SC,Passenger,0,1,1,109,110,0.91
September 30 2022,San Joaquin,CA,Passenger,1,0,1,91,92,1.09
December 31 2021,Owyhee,ID,Passenger,1,0,1,2,3,33.33
March 31 2021,Ferry,WA,Passenger,10,3,13,4351,4364,0.30
April 30 2019,,,Passenger,4,2,6,419,425,1.41
January 31 2023,Jefferson,WA,Truck,6,0,6,9360,9366,0.06
December 31 2023,Anchorage,AK,Passenger,1,0,1,87,88,1.14
March 31 2022,Benton,WA,Truck,1,0,1,43601,43602,0.00
January 31 2018,Wahkiakum,WA,Passenger,0,2,2,2844,2846,0.07
May 31 2019,Ferry,WA,Truck,0,0,0,3589,3589,0.00
May 31 2021,Wahkiakum,WA,Passenger,13,7,20,3112,3132,0.64
August 31 2022,Norfolk,MA,Passenger,1,0,1,23,24,4.17
November 30 2022,Wilson,TX,Passenger,0,1,1,3,4,25.00
October 31 2021,Powhatan,VA,Passenger,1,0,1,1,2,50.00
October 31 2022,Spokane,WA,Passenger,1832,909,2741,324020,326761,0.84
January 31 2019,,,Passenger,4,2,6,429,435,1.38
November 30 2019,Larimer,CO,Passenger,1,0,1,55,56,1.79
January 31 2021,Charleston,SC,Passenger,2,0,2,91,93,2.15
March 31 2020,Pierce,WA,Truck,0,0,0,141547,141547,0.00
March 31 2023,Chelan,WA,Truck,23,0,23,23142,23165,0.10
April 30 2022,Miami-Dade,FL,Passenger,1,0,1,89,90,1.11
September 30 2020,Houston,GA,Passenger,1,0,1,54,55,1.82
July 31 2019,Clay,FL,Passenger,0,1,1,89,90,1.11
July 31 2019,Klickitat,WA,Passenger,35,33,68,15575,15643,0.43
February 28 2022,Bell,TX,Passenger,1,0,1,346,347,0.29
November 30 2020,Douglas,CO,Passenger,0,1,1,85,86,1.16
January 31 2021,Klickitat,WA,Truck,0,0,0,8112,8112,0.00
January 31 2022,Wahkiakum,WA,Truck,0,0,0,1815,1815,0.00
February 28 2022,Houston,GA,Passenger,1,0,1,42,43,2.33
June 30 2023,Chelan,WA,Passenger,641,163,804,54241,55045,1.46
April 30 2022,Fredericksburg,VA,Passenger,1,0,1,7,8,12.50
March 31 2024,Pierce,WA,Passenger,10195,3325,13520,514488,528008,2.56
May 31 2019,Whitman,WA,Truck,0,0,0,8549,8549,0.00
January 31 2023,New Haven,CT,Passenger,0,2,2,28,30,6.67
June 30 2020,Harrison,MS,Passenger,1,0,1,56,57,1.75
October 31 2023,Kootenai,ID,Truck,1,0,1,24,25,4.00
April 30 2023,Spokane,WA,Truck,33,0,33,101613,101646,0.03
May 31 2021,Lincoln,WA,Truck,0,0,0,4752,4752,0.00
August 31 2020,Brevard,FL,Passenger,0,1,1,85,86,1.16
August 31 2017,Tulare,CA,Passenger,1,0,1,198,199,0.50
April 30 2021,Skagit,WA,Passenger,562,268,830,91920,92750,0.89
January 31 2017,Fairfax,VA,Passenger,3,2,5,885,890,0.56
January 31 2023,Ferry,WA,Truck,0,0,0,3557,3557,0.00
September 30 2023,Middlesex,MA,Passenger,2,0,2,73,75,2.67
November 30 2022,Mason,WA,Passenger,358,188,546,46890,47436,1.15
December 31 2020,Carroll,MD,Passenger,0,1,1,18,19,5.26
April 30 2021,Washtenaw,MI,Passenger,0,1,1,31,32,3.12
March 31 2024,Fredericksburg,VA,Passenger,1,0,1,4,5,20.00
June 30 2023,Snohomish,WA,Passenger,12651,3065,15716,528123,543839,2.89
May 31 2020,,,Passenger,6,1,7,395,402,1.74
July 31 2020,Wahkiakum,WA,Truck,0,0,0,1742,1742,0.00
June 30 2023,Howard,MD,Passenger,0,2,2,57,59,3.39
June 30 2022,Kittitas,WA,Passenger,266,84,350,29746,30096,1.16
April 30 2024,Whitman,WA,Passenger,219,124,343,21374,21717,1.58
October 31 2020,Lincoln,WA,Truck,0,0,0,4658,4658,0.00
November 30 2019,Shelby,OH,Passenger,0,1,1,2,3,33.33
October 31 2021,San Luis Obispo,CA,Passenger,1,0,1,64,65,1.54
January 31 2024,Santa Clara,CA,Passenger,10,2,12,142,154,7.79
July 31 2022,Ventura,CA,Passenger,3,2,5,242,247,2.02
July 31 2020,Calvert,MD,Passenger,0,2,2,90,92,2.17
April 30 2023,New Haven,CT,Passenger,0,2,2,27,29,6.90
November 30 2021,Wilson,TX,Passenger,0,1,1,3,4,25.00
September 30 2022,Contra Costa,CA,Passenger,0,3,3,220,223,1.35
October 31 2023,Douglas,CO,Passenger,0,2,2,48,50,4.00
July 31 2022,Clinton,PA,Passenger,1,0,1,1,2,50.00
August 31 2023,Howard,MD,Passenger,0,2,2,55,57,3.51
July 31 2023,Ulster,NY,Passenger,1,0,1,8,9,11.11
February 28 2023,Hanover,VA,Passenger,1,0,1,1,2,50.00
October 31 2023,Island,WA,Passenger,1234,464,1698,60957,62655,2.71
December 31 2019,Asotin,WA,Truck,0,0,0,6710,6710,0.00
March 31 2019,Volusia,FL,Passenger,0,1,1,39,40,2.50
June 30 2018,Prince William,VA,Passenger,0,5,5,263,268,1.87
July 31 2022,Larimer,CO,Passenger,1,0,1,43,44,2.27
November 30 2020,Wichita,TX,Passenger,1,0,1,44,45,2.22
July 31 2022,Sevier,AR,Passenger,0,1,1,0,1,100.00
March 31 2017,Chelan,WA,Truck,0,0,0,21219,21219,0.00
December 31 2018,Travis,TX,Passenger,2,1,3,211,214,1.40
February 28 2021,Cumberland,NC,Passenger,0,2,2,456,458,0.44
March 31 2019,Orange,CA,Passenger,5,1,6,552,558,1.08
November 30 2023,Okanogan,WA,Truck,8,0,8,16324,16332,0.05
January 31 2017,Shelby,TN,Passenger,0,1,1,117,118,0.85
July 31 2023,Garfield,WA,Truck,0,0,0,978,978,0.00
July 31 2020,Clark,WA,Passenger,2097,1066,3163,317852,321015,0.99
November 30 2020,Clark,WA,Truck,0,0,0,83196,83196,0.00
February 28 2021,Snohomish,WA,Truck,1,0,1,125708,125709,0.00
December 31 2023,Loudoun,VA,Passenger,2,1,3,55,58,5.17
April 30 2023,Salt Lake,UT,Passenger,1,1,2,122,124,1.61
April 30 2017,Missoula,MT,Passenger,1,0,1,77,78,1.28
November 30 2020,Hamilton,IN,Passenger,2,0,2,37,39,5.13
June 30 2019,Eagle,CO,Passenger,1,0,1,6,7,14.29
January 31 2020,Ferry,WA,Passenger,5,2,7,4383,4390,0.16
December 31 2022,Asotin,WA,Passenger,29,20,49,12442,12491,0.39
July 31 2017,Dakota,MN,Passenger,0,1,1,37,38,2.63
November 30 2022,Polk,OR,Passenger,0,1,1,21,22,4.55
June 30 2022,Pacific,WA,Truck,0,0,0,7910,7910,0.00
September 30 2021,Camden,NJ,Passenger,0,1,1,15,16,6.25
April 30 2021,Henrico,VA,Passenger,0,1,1,18,19,5.26
April 30 2024,Klickitat,WA,Passenger,202,83,285,14747,15032,1.90
August 31 2019,Polk,FL,Passenger,1,0,1,75,76,1.32
January 31 2022,Collin,TX,Passenger,2,0,2,117,119,1.68
June 30 2023,St. Mary's,MD,Passenger,1,0,1,174,175,0.57
August 31 2017,Flathead,MT,Passenger,1,0,1,60,61,1.64
February 29 2024,Norfolk,VA,Passenger,0,1,1,244,245,0.41
September 30 2020,Jefferson,CO,Passenger,0,1,1,52,53,1.89
October 31 2017,Thurston,WA,Passenger,442,371,813,188810,189623,0.43
June 30 2021,Placer,CA,Passenger,2,0,2,81,83,2.41
February 28 2021,,,Passenger,4,1,5,363,368,1.36
July 31 2023,Yavapai,AZ,Passenger,0,1,1,19,20,5.00
September 30 2017,Juneau,AK,Passenger,0,1,1,46,47,2.13
April 30 2018,Monroe,IL,Passenger,1,0,1,4,5,20.00
September 30 2018,Franklin,WA,Passenger,37,65,102,58501,58603,0.17
June 30 2022,Grays Harbor,WA,Passenger,210,160,370,49008,49378,0.75
November 30 2022,Dorchester,SC,Passenger,1,0,1,55,56,1.79
February 28 2022,Riverside,CA,Passenger,5,1,6,510,516,1.16
November 30 2020,Harford,MD,Passenger,0,1,1,58,59,1.69
December 31 2020,Platte,MO,Passenger,1,0,1,19,20,5.00
December 31 2022,Carroll,MD,Passenger,0,1,1,18,19,5.26
February 28 2021,Collin,TX,Passenger,2,1,3,130,133,2.26
February 28 2019,Multnomah,OR,Passenger,4,5,9,778,787,1.14
January 31 2018,Hamilton,IN,Passenger,1,0,1,53,54,1.85
November 30 2023,Montgomery,MD,Passenger,6,2,8,169,177,4.52
January 31 2023,Whitman,WA,Truck,3,0,3,8632,8635,0.03
June 30 2022,Calvert,MD,Passenger,0,2,2,81,83,2.41
November 30 2020,Maui,HI,Passenger,2,0,2,32,34,5.88
April 30 2018,Travis,TX,Passenger,1,1,2,200,202,0.99
June 30 2023,Ada,ID,Passenger,2,0,2,117,119,1.68
November 30 2017,Albemarle,VA,Passenger,0,1,1,32,33,3.03
January 31 2023,Snohomish,WA,Passenger,10585,2789,13374,529847,543221,2.46
August 31 2019,Columbia,WA,Passenger,2,2,4,2456,2460,0.16
February 29 2020,Thurston,WA,Truck,0,0,0,55711,55711,0.00
June 30 2019,San Juan,WA,Truck,0,0,0,5864,5864,0.00
June 30 2021,Prince William,VA,Passenger,1,2,3,218,221,1.36
November 30 2021,Sumter,SC,Passenger,0,1,1,32,33,3.03
July 31 2023,Placer,CA,Passenger,1,0,1,63,64,1.56
September 30 2019,Eagle,CO,Passenger,1,0,1,6,7,14.29
August 31 2019,Spokane,WA,Truck,1,0,1,95506,95507,0.00
April 30 2022,Skagit,WA,Truck,1,0,1,32458,32459,0.00
December 31 2022,Walla Walla,WA,Truck,3,0,3,13868,13871,0.02
August 31 2023,Whitman,WA,Truck,5,0,5,8672,8677,0.06
November 30 2018,Harnett,NC,Passenger,1,0,1,240,241,0.41
June 30 2022,Pinellas,FL,Passenger,0,1,1,80,81,1.23
December 31 2023,New Haven,CT,Passenger,0,2,2,22,24,8.33
July 31 2021,Leavenworth,KS,Passenger,0,1,1,112,113,0.88
December 31 2020,Manassas,VA,Passenger,0,1,1,5,6,16.67
January 31 2023,Richland,SC,Passenger,0,1,1,120,121,0.83
September 30 2020,Ramsey,MN,Passenger,1,0,1,38,39,2.56
May 31 2019,Twin Falls,ID,Passenger,0,1,1,23,24,4.17
July 31 2022,Clark,NV,Passenger,9,2,11,539,550,2.00
May 31 2019,Virginia Beach,VA,Passenger,1,1,2,705,707,0.28
April 30 2018,Chelan,WA,Truck,0,0,0,21761,21761,0.00
December 31 2021,New York,NY,Passenger,2,0,2,43,45,4.44
July 31 2023,Essex,NJ,Passenger,2,0,2,9,11,18.18
May 31 2019,Whitman,WA,Passenger,31,45,76,22698,22774,0.33
January 31 2019,Deschutes,OR,Passenger,3,0,3,173,176,1.70
February 28 2021,Lincoln,WA,Passenger,6,13,19,7645,7664,0.25
October 31 2022,Lee,FL,Passenger,1,0,1,32,33,3.03
March 31 2024,Calvert,MD,Passenger,1,1,2,67,69,2.90
September 30 2023,Orange,CA,Truck,1,0,1,62,63,1.59
April 30 2024,Asotin,WA,Passenger,47,24,71,11993,12064,0.59
March 31 2023,Chelan,WA,Passenger,580,150,730,54181,54911,1.33
June 30 2021,Adams,WA,Passenger,16,11,27,13026,13053,0.21
November 30 2018,Skagit,WA,Truck,1,0,1,32336,32337,0.00
December 31 2017,Queens,NY,Passenger,1,0,1,61,62,1.61
September 30 2023,Fredericksburg,VA,Passenger,1,0,1,5,6,16.67
May 31 2021,RÃ­o Grande,PR,Passenger,1,0,1,1,2,50.00
December 31 2019,Okanogan,WA,Passenger,30,30,60,26226,26286,0.23
June 30 2020,Pulaski,MO,Passenger,1,0,1,151,152,0.66
September 30 2022,Franklin,WA,Truck,2,0,2,20910,20912,0.01
April 30 2018,Whitman,WA,Truck,0,0,0,8467,8467,0.00
March 31 2023,York,VA,Passenger,1,0,1,77,78,1.28
February 28 2021,Fort Bend,TX,Passenger,1,0,1,39,40,2.50
January 31 2018,,,Passenger,3,1,4,444,448,0.89
October 31 2022,Autauga,AL,Passenger,2,0,2,14,16,12.50
February 28 2023,Montgomery,MD,Passenger,4,3,7,191,198,3.54
January 31 2019,Boulder,CO,Passenger,1,0,1,53,54,1.85
December 31 2018,Santa Rosa,FL,Passenger,1,0,1,92,93,1.08
January 31 2017,Deschutes,OR,Passenger,1,1,2,244,246,0.81
January 31 2022,Dallas,TX,Passenger,1,0,1,142,143,0.70
February 28 2021,Powhatan,VA,Passenger,1,0,1,2,3,33.33
December 31 2018,Ferry,WA,Truck,0,0,0,3584,3584,0.00
November 30 2019,Pend Oreille,WA,Truck,0,0,0,5731,5731,0.00
December 31 2018,Stevens,WA,Passenger,17,27,44,31773,31817,0.14
August 31 2018,Santa Clara,CA,Passenger,8,0,8,389,397,2.02
April 30 2022,Geary,KS,Passenger,1,0,1,87,88,1.14
June 30 2017,San Mateo,CA,Passenger,0,1,1,153,154,0.65
November 30 2019,Lee,FL,Passenger,1,0,1,53,54,1.85
January 31 2018,Montgomery,PA,Passenger,1,0,1,34,35,2.86
October 31 2023,Lewis,WA,Passenger,376,286,662,59436,60098,1.10
March 31 2019,Mason,WA,Passenger,114,115,229,46705,46934,0.49
July 31 2021,Franklin,WA,Passenger,134,97,231,62030,62261,0.37
April 30 2024,Chelan,WA,Passenger,821,230,1051,52955,54006,1.95
May 31 2018,Charleston,SC,Passenger,1,0,1,127,128,0.78
August 31 2023,Wilson,TX,Passenger,0,1,1,3,4,25.00
September 30 2021,Deschutes,OR,Passenger,1,0,1,121,122,0.82
March 31 2023,Douglas,CO,Passenger,0,1,1,69,70,1.43
March 31 2022,Snohomish,WA,Passenger,7661,2361,10022,534496,544518,1.84
April 30 2021,Mason,WA,Passenger,191,132,323,48082,48405,0.67
June 30 2018,Shelby,TN,Passenger,0,1,1,105,106,0.94
April 30 2023,Goochland,VA,Passenger,2,2,4,69,73,5.48
June 30 2022,Pinal,AZ,Passenger,0,1,1,136,137,0.73
December 31 2019,Spokane,WA,Truck,1,0,1,96356,96357,0.00
March 31 2023,Skamania,WA,Truck,1,0,1,3857,3858,0.03
June 30 2021,Clark,NV,Passenger,6,2,8,647,655,1.22
April 30 2023,Gwinnett,GA,Passenger,1,0,1,50,51,1.96
November 30 2017,New London,CT,Passenger,1,0,1,243,244,0.41
December 31 2019,Spartanburg,SC,Passenger,0,1,1,47,48,2.08
November 30 2022,Burlington,NJ,Passenger,0,2,2,101,103,1.94
October 31 2022,Benton,WA,Passenger,865,485,1350,135579,136929,0.99
September 30 2021,Pend Oreille,WA,Passenger,17,7,24,9233,9257,0.26
May 31 2017,San Juan,WA,Passenger,104,38,142,13495,13637,1.04
April 30 2024,Asotin,WA,Truck,3,0,3,6440,6443,0.05
February 28 2023,Okanogan,WA,Truck,2,0,2,16446,16448,0.01
June 30 2021,Cowlitz,WA,Truck,0,0,0,29113,29113,0.00
February 28 2023,San Diego,CA,Passenger,21,7,28,2272,2300,1.22
January 31 2022,Solano,CA,Passenger,1,0,1,178,179,0.56
January 31 2024,Newport News,VA,Passenger,1,0,1,86,87,1.15
May 31 2022,District of Columbia,DC,Passenger,3,0,3,180,183,1.64
January 31 2017,Hamilton,IN,Passenger,1,0,1,73,74,1.35
November 30 2020,Spartanburg,SC,Passenger,0,1,1,52,53,1.89
August 31 2018,Wahkiakum,WA,Truck,0,0,0,1691,1691,0.00
October 31 2018,Marion,OR,Passenger,1,0,1,126,127,0.79
December 31 2018,Manassas,VA,Passenger,0,1,1,9,10,10.00
February 28 2021,Lewis,WA,Passenger,127,134,261,58847,59108,0.44
October 31 2021,Maricopa,AZ,Passenger,8,5,13,1235,1248,1.04
June 30 2023,Salt Lake,UT,Passenger,1,1,2,113,115,1.74
November 30 2020,Collier,FL,Passenger,1,0,1,20,21,4.76
October 31 2023,Atlantic,NJ,Passenger,1,0,1,11,12,8.33
June 30 2021,Santa Cruz,CA,Passenger,1,0,1,29,30,3.33
May 31 2021,El Paso,CO,Passenger,3,0,3,699,702,0.43
September 30 2023,Clark,NV,Passenger,7,2,9,385,394,2.28
December 31 2021,San Juan,WA,Truck,0,0,0,5999,5999,0.00
February 28 2018,Okanogan,WA,Truck,0,0,0,16305,16305,0.00
May 31 2020,Klickitat,WA,Truck,0,0,0,8118,8118,0.00
April 30 2017,Volusia,FL,Passenger,0,1,1,50,51,1.96
June 30 2017,Carroll,NH,Passenger,0,1,1,1,2,50.00
August 31 2017,King,WA,Truck,7,1,8,186740,186748,0.00
September 30 2021,Alameda,CA,Passenger,5,0,5,237,242,2.07
November 30 2017,Twin Falls,ID,Passenger,0,1,1,25,26,3.85
February 28 2021,Carroll,MD,Passenger,0,1,1,18,19,5.26
October 31 2021,Benton,WA,Passenger,593,425,1018,135903,136921,0.74
May 31 2017,Whatcom,WA,Truck,2,0,2,41517,41519,0.00
June 30 2018,Pinal,AZ,Passenger,2,0,2,210,212,0.94
January 31 2024,Beaufort,SC,Passenger,1,0,1,26,27,3.70
September 30 2023,San Mateo,CA,Passenger,2,0,2,59,61,3.28
June 30 2021,Juneau,AK,Passenger,0,1,1,27,28,3.57
March 31 2020,Kent,MI,Passenger,0,1,1,25,26,3.85
June 30 2022,Harnett,NC,Passenger,2,0,2,161,163,1.23
December 31 2022,Lewis,WA,Passenger,267,186,453,59841,60294,0.75
May 31 2023,Montgomery,MD,Passenger,6,2,8,187,195,4.10
October 31 2021,Asotin,WA,Truck,0,0,0,6742,6742,0.00
October 31 2021,New Haven,CT,Passenger,0,2,2,33,35,5.71
July 31 2022,Penobscot,ME,Passenger,0,1,1,9,10,10.00
November 30 2022,Kern,CA,Passenger,1,1,2,201,203,0.99
November 30 2018,Caddo,LA,Passenger,0,1,1,25,26,3.85
July 31 2023,Grays Harbor,WA,Truck,9,0,9,20940,20949,0.04
November 30 2023,Douglas,WA,Truck,8,0,8,13028,13036,0.06
November 30 2022,Pacific,WA,Truck,1,0,1,7842,7843,0.01
November 30 2023,Richland,SC,Passenger,0,1,1,97,98,1.02
July 31 2022,Yavapai,AZ,Passenger,0,1,1,28,29,3.45
May 31 2019,Suffolk,MA,Passenger,0,1,1,40,41,2.44
December 31 2021,Sumter,SC,Passenger,0,1,1,32,33,3.03
December 31 2021,Suffolk,MA,Passenger,0,2,2,26,28,7.14
September 30 2018,Mercer,NJ,Passenger,0,1,1,20,21,4.76
January 31 2017,Mercer,NJ,Passenger,0,1,1,22,23,4.35
April 30 2022,Multnomah,OR,Passenger,0,4,4,590,594,0.67
April 30 2022,Prince William,VA,Passenger,1,3,4,206,210,1.90
March 31 2024,Boulder,CO,Passenger,1,0,1,20,21,4.76
December 31 2023,Hennepin,MN,Passenger,1,0,1,32,33,3.03
March 31 2021,Spokane,WA,Passenger,952,584,1536,322462,323998,0.47
September 30 2022,Okanogan,WA,Passenger,92,49,141,26276,26417,0.53
June 30 2021,Lake,IL,Passenger,2,0,2,169,171,1.17
March 31 2017,Middlesex,MA,Passenger,1,0,1,151,152,0.66
May 31 2017,Middlesex,MA,Passenger,1,0,1,145,146,0.68
December 31 2017,Juneau,AK,Passenger,0,1,1,46,47,2.13
June 30 2022,Rockingham,NH,Passenger,1,0,1,16,17,5.88
January 31 2023,Ferry,WA,Passenger,24,4,28,4344,4372,0.64
December 31 2022,Monterey,CA,Passenger,0,4,4,143,147,2.72
January 31 2017,Okanogan,WA,Truck,0,0,0,16372,16372,0.00
December 31 2021,Kootenai,ID,Passenger,0,1,1,188,189,0.53
August 31 2019,Ferry,WA,Passenger,5,2,7,4416,4423,0.16
May 31 2021,Hudson,NJ,Passenger,1,0,1,43,44,2.27
March 31 2023,Onslow,NC,Passenger,0,1,1,152,153,0.65
August 31 2018,Garfield,OK,Passenger,1,0,1,17,18,5.56
December 31 2023,Pierce,WA,Truck,234,0,234,134188,134422,0.17
February 28 2017,Montgomery,MD,Passenger,1,0,1,306,307,0.33
January 31 2018,San Diego,CA,Passenger,6,1,7,2578,2585,0.27
April 30 2020,Norfolk,VA,Passenger,2,2,4,345,349,1.15
September 30 2021,Stafford,VA,Passenger,2,1,3,103,106,2.83
November 30 2019,Douglas,WA,Passenger,65,38,103,28281,28384,0.36
June 30 2019,Pend Oreille,WA,Passenger,4,5,9,9527,9536,0.09
September 30 2022,Cook,IL,Passenger,3,0,3,191,194,1.55
September 30 2019,Polk,FL,Passenger,1,0,1,73,74,1.35
December 31 2023,Atlantic,NJ,Passenger,1,0,1,11,12,8.33
January 31 2023,Nassau,NY,Passenger,2,0,2,30,32,6.25
August 31 2020,El Paso,TX,Passenger,3,0,3,418,421,0.71
November 30 2019,Adams,WA,Truck,0,0,0,5182,5182,0.00
November 30 2017,Benton,WA,Passenger,165,160,325,129864,130189,0.25
July 31 2019,Cumberland,NC,Passenger,0,2,2,511,513,0.39
August 31 2017,Portsmouth,VA,Passenger,0,1,1,65,66,1.52
May 31 2020,Hawaii,HI,Passenger,1,0,1,60,61,1.64
May 31 2020,Virginia Beach,VA,Passenger,1,0,1,670,671,0.15
September 30 2019,Jefferson,NY,Passenger,0,1,1,219,220,0.45
December 31 2021,Douglas,NE,Passenger,1,2,3,50,53,5.66
March 31 2020,Loudoun,VA,Passenger,1,0,1,90,91,1.10
July 31 2021,Kauai,HI,Passenger,1,0,1,21,22,4.55
November 30 2017,Pierce,WA,Truck,0,0,0,136998,136998,0.00
March 31 2023,Saratoga,NY,Passenger,1,1,2,37,39,5.13
July 31 2018,Marion,IN,Passenger,1,0,1,120,121,0.83
December 31 2023,Columbia,WA,Truck,0,0,0,1549,1549,0.00
February 28 2021,Washington,OR,Passenger,1,0,1,419,420,0.24
January 31 2020,Queens,NY,Passenger,1,0,1,53,54,1.85
April 30 2021,Houston,GA,Passenger,1,0,1,51,52,1.92
February 29 2024,Salt Lake,UT,Passenger,2,1,3,86,89,3.37
January 31 2024,Mobile,AL,Passenger,1,0,1,22,23,4.35
July 31 2017,DeKalb,IN,Passenger,1,0,1,1,2,50.00
March 31 2021,Clark,WA,Passenger,2578,1276,3854,319870,323724,1.19
October 31 2020,Lincoln,WA,Passenger,5,10,15,7608,7623,0.20
October 31 2017,Jefferson,WA,Truck,0,0,0,9434,9434,0.00
June 30 2017,Virginia Beach,VA,Passenger,2,1,3,647,650,0.46
January 31 2017,Harnett,NC,Passenger,1,0,1,271,272,0.37
May 31 2018,Montgomery,TX,Passenger,1,0,1,67,68,1.47
December 31 2022,Jefferson,NY,Passenger,2,0,2,208,210,0.95
October 31 2023,Yellowstone,MT,Passenger,0,1,1,11,12,8.33
November 30 2018,Lincoln,WA,Truck,0,0,0,4629,4629,0.00
November 30 2017,Frederick,MD,Passenger,0,1,1,87,88,1.14
November 30 2022,Harford,MD,Passenger,1,1,2,39,41,4.88
April 30 2018,Utah,UT,Passenger,0,1,1,145,146,0.68
October 31 2023,Mobile,AL,Passenger,1,0,1,25,26,3.85
April 30 2021,Pierce,WA,Passenger,3270,1902,5172,559362,564534,0.92
July 31 2021,Alameda,CA,Passenger,5,0,5,245,250,2.00
February 28 2019,Broward,FL,Passenger,2,1,3,127,130,2.31
July 31 2022,Marin,CA,Passenger,1,1,2,30,32,6.25
June 30 2023,Marion,IA,Passenger,1,0,1,0,1,100.00
August 31 2021,Whatcom,WA,Passenger,1521,628,2149,150394,152543,1.41
November 30 2019,Norfolk,VA,Passenger,1,2,3,346,349,0.86
July 31 2022,San Francisco,CA,Passenger,1,0,1,87,88,1.14
April 30 2020,District of Columbia,DC,Passenger,1,1,2,199,201,1.00
March 31 2017,Utah,UT,Passenger,0,1,1,176,177,0.56
October 31 2023,Calvert,MD,Passenger,1,1,2,76,78,2.56
April 30 2019,Thurston,WA,Truck,0,0,0,55015,55015,0.00
September 30 2017,Whatcom,WA,Passenger,497,190,687,143830,144517,0.48
October 31 2018,Garfield,WA,Truck,0,0,0,959,959,0.00
April 30 2018,Kittitas,WA,Passenger,41,32,73,28769,28842,0.25
December 31 2019,Nueces,TX,Passenger,1,1,2,85,87,2.30
September 30 2021,Franklin,WA,Truck,0,0,0,20713,20713,0.00
January 31 2020,Sarasota,FL,Passenger,2,0,2,35,37,5.41
June 30 2018,Juneau,AK,Passenger,0,1,1,46,47,2.13
July 31 2021,Richmond,NY,Passenger,1,0,1,7,8,12.50
April 30 2020,Carson City,NV,Passenger,1,0,1,11,12,8.33
September 30 2017,Pacific,WA,Truck,0,0,0,7512,7512,0.00
August 31 2018,San Juan,WA,Truck,0,0,0,5753,5753,0.00
November 30 2018,Grays Harbor,WA,Passenger,61,68,129,47368,47497,0.27
February 28 2018,Clay,FL,Passenger,0,1,1,104,105,0.95
June 30 2020,Owyhee,ID,Passenger,1,0,1,3,4,25.00
January 31 2023,Pulaski,MO,Passenger,3,0,3,98,101,2.97
August 31 2020,Boulder,CO,Passenger,1,1,2,45,47,4.26
April 30 2023,Kauai,HI,Passenger,1,1,2,15,17,11.76
November 30 2020,Chelan,WA,Passenger,271,84,355,54370,54725,0.65
November 30 2021,Greene,MO,Passenger,0,1,1,31,32,3.12
November 30 2020,Denver,CO,Passenger,1,0,1,122,123,0.81
March 31 2021,Lake,IL,Passenger,2,0,2,164,166,1.20
August 31 2020,Oldham,KY,Passenger,0,1,1,4,5,20.00
March 31 2022,Las Animas,CO,Passenger,1,0,1,1,2,50.00
June 30 2021,Jefferson,WA,Truck,0,0,0,9622,9622,0.00
September 30 2022,Wahkiakum,WA,Truck,1,0,1,1799,1800,0.06
February 29 2020,Garfield,WA,Truck,0,0,0,963,963,0.00
March 31 2024,Cowlitz,WA,Passenger,644,268,912,68318,69230,1.32
May 31 2021,Franklin,WA,Truck,0,0,0,20652,20652,0.00
October 31 2017,Dale,AL,Passenger,0,1,1,60,61,1.64
October 31 2018,Sedgwick,KS,Passenger,0,1,1,102,103,0.97
February 29 2020,Clackamas,OR,Passenger,2,1,3,216,219,1.37
December 31 2021,Walla Walla,WA,Truck,0,0,0,14088,14088,0.00
August 31 2019,Whitman,WA,Passenger,34,44,78,22701,22779,0.34
April 30 2024,Yakima,WA,Passenger,722,323,1045,161899,162944,0.64
May 31 2022,Hamilton,IN,Passenger,1,0,1,25,26,3.85
February 28 2019,Kittitas,WA,Truck,0,0,0,14266,14266,0.00
October 31 2023,Adams,WA,Truck,3,0,3,5351,5354,0.06
March 31 2020,Tarrant,TX,Passenger,2,0,2,186,188,1.06
August 31 2023,Polk,OR,Passenger,1,1,2,15,17,11.76
October 31 2023,Grays Harbor,WA,Passenger,354,216,570,48064,48634,1.17
March 31 2022,Boulder,CO,Passenger,2,0,2,47,49,4.08
October 31 2023,Providence,RI,Passenger,1,0,1,16,17,5.88
November 30 2021,DuPage,IL,Passenger,3,1,4,53,57,7.02
August 31 2023,Atlantic,NJ,Passenger,1,0,1,13,14,7.14
January 31 2023,Bartow,GA,Passenger,0,1,1,5,6,16.67
September 30 2022,Owyhee,ID,Passenger,1,0,1,3,4,25.00
July 31 2017,Island,WA,Passenger,121,142,263,60256,60519,0.43
August 31 2023,Stevens,WA,Truck,2,0,2,18725,18727,0.01
May 31 2021,Lewis,WA,Truck,0,0,0,26890,26890,0.00
October 31 2021,Wahkiakum,WA,Truck,0,0,0,1826,1826,0.00
January 31 2020,Wayne,MI,Passenger,0,1,1,60,61,1.64
November 30 2021,Dorchester,SC,Passenger,1,0,1,74,75,1.33
July 31 2022,Stafford,VA,Passenger,2,1,3,90,93,3.23
March 31 2022,St. Louis,MO,Passenger,2,0,2,76,78,2.56
December 31 2020,Spokane,WA,Passenger,886,547,1433,320936,322369,0.44
October 31 2017,Cowlitz,WA,Truck,0,0,0,28113,28113,0.00
May 31 2023,Benton,WA,Truck,23,0,23,43187,43210,0.05
May 31 2021,Frederick,MD,Passenger,1,1,2,67,69,2.90
October 31 2021,Island,WA,Passenger,678,333,1011,62937,63948,1.58
October 31 2020,New London,CT,Passenger,1,1,2,235,237,0.84
June 30 2020,Benton,WA,Truck,0,0,0,42699,42699,0.00
January 31 2017,Franklin,MA,Passenger,0,1,1,5,6,16.67
August 31 2019,Deschutes,OR,Passenger,3,0,3,163,166,1.81
April 30 2023,Hawaii,HI,Passenger,1,0,1,30,31,3.23
August 31 2022,Thurston,WA,Passenger,2323,1083,3406,192676,196082,1.74
January 31 2022,Pend Oreille,WA,Passenger,17,9,26,9109,9135,0.28
March 31 2022,Ferry,WA,Passenger,17,3,20,4430,4450,0.45
January 31 2018,Contra Costa,CA,Passenger,0,1,1,462,463,0.22
October 31 2021,San Juan,WA,Truck,0,0,0,5973,5973,0.00
April 30 2020,Skamania,WA,Truck,0,0,0,4051,4051,0.00
June 30 2022,Wichita,TX,Passenger,1,0,1,42,43,2.33
June 30 2017,Ventura,CA,Passenger,0,1,1,366,367,0.27
February 28 2022,Hudson,NJ,Passenger,2,0,2,40,42,4.76
February 28 2019,Rogers,OK,Passenger,1,0,1,5,6,16.67
September 30 2022,Benton,WA,Truck,5,0,5,43368,43373,0.01
March 31 2019,Adams,WA,Truck,0,0,0,5102,5102,0.00
June 30 2019,Middlesex,MA,Passenger,1,0,1,117,118,0.85
October 31 2021,Montgomery,MD,Passenger,3,2,5,214,219,2.28
December 31 2023,Ray,MO,Passenger,0,1,1,0,1,100.00
March 31 2021,Kitsap,WA,Passenger,1674,799,2473,179628,182101,1.36
September 30 2019,San Diego,CA,Passenger,11,3,14,2768,2782,0.50
August 31 2021,Walla Walla,WA,Passenger,121,82,203,36459,36662,0.55
February 29 2024,New London,CT,Passenger,2,2,4,148,152,2.63
April 30 2022,Arapahoe,CO,Passenger,0,1,1,96,97,1.03
April 30 2022,DuPage,IL,Passenger,3,1,4,49,53,7.55
September 30 2020,Shelby,OH,Passenger,0,1,1,2,3,33.33
April 30 2017,Skagit,WA,Passenger,123,97,220,87594,87814,0.25
January 31 2020,Pinal,AZ,Passenger,1,0,1,200,201,0.50
July 31 2022,Montgomery,AL,Passenger,0,1,1,38,39,2.56
September 30 2020,Wahkiakum,WA,Truck,0,0,0,1758,1758,0.00
August 31 2022,Howard,MD,Passenger,0,2,2,63,65,3.08
October 31 2023,Yakima,WA,Passenger,595,285,880,166275,167155,0.53
July 31 2023,Cowlitz,WA,Passenger,486,225,711,69875,70586,1.01
August 31 2017,Pacific,WA,Passenger,10,9,19,15241,15260,0.12
May 31 2020,Dallas,TX,Passenger,1,0,1,209,210,0.48
April 30 2022,Walla Walla,WA,Truck,0,0,0,14015,14015,0.00
August 31 2023,District of Columbia,DC,Passenger,3,0,3,145,148,2.03
April 30 2023,Washoe,NV,Passenger,2,0,2,56,58,3.45
May 31 2019,Bexar,TX,Passenger,2,5,7,684,691,1.01
April 30 2022,Los Angeles,CA,Passenger,6,7,13,857,870,1.49
August 31 2018,Pima,AZ,Passenger,1,1,2,436,438,0.46
April 30 2020,Albemarle,VA,Passenger,1,0,1,23,24,4.17
September 30 2021,Island,WA,Truck,0,0,0,21536,21536,0.00
December 31 2020,Lee,FL,Passenger,1,0,1,46,47,2.13
November 30 2020,Harnett,NC,Passenger,1,0,1,199,200,0.50
May 31 2020,Jefferson,CO,Passenger,0,1,1,55,56,1.79
May 31 2020,Penobscot,ME,Passenger,0,1,1,16,17,5.88
October 31 2019,Twin Falls,ID,Passenger,0,1,1,27,28,3.57
March 31 2022,Pierce,WA,Truck,2,0,2,143342,143344,0.00
February 28 2022,Franklin,WA,Passenger,175,102,277,62034,62311,0.44
July 31 2023,Cumberland,NC,Passenger,1,4,5,312,317,1.58
March 31 2023,Kings,CA,Passenger,2,2,4,288,292,1.37
August 31 2018,Beaufort,SC,Passenger,1,0,1,41,42,2.38
August 31 2020,Guadalupe,TX,Passenger,1,0,1,65,66,1.52
December 31 2023,Thurston,WA,Passenger,3786,1401,5187,189063,194250,2.67
May 31 2022,Skamania,WA,Truck,0,0,0,3964,3964,0.00
February 29 2024,Ventura,CA,Passenger,3,2,5,187,192,2.60
January 31 2018,New London,CT,Passenger,1,0,1,246,247,0.40
December 31 2018,St. Mary's,MD,Passenger,1,0,1,212,213,0.47
January 31 2021,Monterey,CA,Passenger,0,2,2,160,162,1.23
December 31 2022,Tarrant,TX,Passenger,1,0,1,102,103,0.97
September 30 2022,Adams,CO,Passenger,1,0,1,34,35,2.86
February 28 2022,Champaign,IL,Passenger,1,0,1,14,15,6.67
June 30 2020,Albemarle,VA,Passenger,1,0,1,23,24,4.17
March 31 2017,King,WA,Truck,8,1,9,189737,189746,0.00
April 30 2021,Chelan,WA,Passenger,314,93,407,54668,55075,0.74
October 31 2022,Wahkiakum,WA,Passenger,24,12,36,3061,3097,1.16
November 30 2017,Richland,SC,Passenger,0,1,1,180,181,0.55
November 30 2022,Oldham,KY,Passenger,0,1,1,4,5,20.00
September 30 2018,Garfield,OK,Passenger,1,0,1,16,17,5.88
March 31 2024,Montgomery,AL,Passenger,1,0,1,34,35,2.86
May 31 2022,Gwinnett,GA,Passenger,1,0,1,54,55,1.82
July 31 2022,Pacific,WA,Passenger,64,71,135,15815,15950,0.85
February 29 2020,Wahkiakum,WA,Passenger,5,5,10,3018,3028,0.33
January 31 2018,Hawaii,HI,Passenger,1,0,1,83,84,1.19
February 28 2023,Lake,FL,Passenger,1,0,1,17,18,5.56
March 31 2019,Manassas,VA,Passenger,0,1,1,9,10,10.00
May 31 2022,Whitman,WA,Truck,0,0,0,8556,8556,0.00
May 31 2022,Sumter,SC,Passenger,0,1,1,29,30,3.33
May 31 2023,Adams,WA,Passenger,25,12,37,13067,13104,0.28
September 30 2018,Lewis,WA,Passenger,84,68,152,57932,58084,0.26
December 31 2023,Garfield,WA,Passenger,0,3,3,1295,1298,0.23
February 29 2024,Kern,CA,Passenger,1,1,2,146,148,1.35
April 30 2020,Sacramento,CA,Passenger,1,1,2,285,287,0.70
January 31 2022,Jefferson,NY,Passenger,1,0,1,218,219,0.46
August 31 2018,Chelan,WA,Truck,0,0,0,21980,21980,0.00
October 31 2023,Platte,MO,Passenger,2,0,2,21,23,8.70
March 31 2022,Columbia,OR,Passenger,1,0,1,25,26,3.85
February 28 2019,Caddo,LA,Passenger,0,1,1,24,25,4.00
October 31 2020,Maricopa,AZ,Passenger,5,9,14,1448,1462,0.96
January 31 2021,Sumter,FL,Passenger,0,1,1,10,11,9.09
September 30 2021,Henrico,VA,Passenger,0,1,1,14,15,6.67
January 31 2022,Maui,HI,Passenger,1,0,1,29,30,3.33
May 31 2019,Randolph,NC,Passenger,1,0,1,6,7,14.29
August 31 2021,Pierce,WA,Passenger,3772,2027,5799,558513,564312,1.03
October 31 2022,Williams,ND,Passenger,0,1,1,6,7,14.29
February 28 2022,Montgomery,TX,Passenger,1,0,1,39,40,2.50
June 30 2022,Currituck,NC,Passenger,1,0,1,23,24,4.17
February 28 2019,Yakima,WA,Passenger,86,101,187,164439,164626,0.11
June 30 2019,Fresno,CA,Passenger,1,0,1,200,201,0.50
November 30 2020,Deschutes,OR,Passenger,2,0,2,137,139,1.44
June 30 2018,Gwinnett,GA,Passenger,0,1,1,84,85,1.18
December 31 2018,Maricopa,AZ,Passenger,3,3,6,1616,1622,0.37
March 31 2019,Island,WA,Truck,0,0,0,21178,21178,0.00
January 31 2019,Kalamazoo,MI,Passenger,1,0,1,16,17,5.88
October 31 2020,Greene,MO,Passenger,0,1,1,37,38,2.63
November 30 2022,Ray,MO,Passenger,0,1,1,1,2,50.00
May 31 2017,Arlington,VA,Passenger,1,1,2,170,172,1.16
May 31 2020,El Paso,TX,Passenger,3,0,3,433,436,0.69
April 30 2023,San Mateo,CA,Passenger,2,0,2,70,72,2.78
January 31 2021,Miami-Dade,FL,Passenger,1,0,1,102,103,0.97
September 30 2022,Grays Harbor,WA,Truck,2,0,2,21156,21158,0.01
June 30 2022,Rock Island,IL,Passenger,0,1,1,13,14,7.14
May 31 2020,Wilson,TX,Passenger,0,1,1,7,8,12.50
March 31 2024,Whitman,WA,Passenger,208,119,327,21620,21947,1.49
January 31 2021,Cumberland,NC,Passenger,0,2,2,454,456,0.44
January 31 2019,Lake,CA,Passenger,0,1,1,11,12,8.33
January 31 2022,Lane,OR,Passenger,0,2,2,114,116,1.72
April 30 2023,Middlesex,MA,Passenger,2,0,2,80,82,2.44
April 30 2024,Lee,AL,Passenger,1,0,1,12,13,7.69
June 30 2018,Latah,ID,Passenger,0,1,1,78,79,1.27
November 30 2018,Larimer,CO,Passenger,1,0,1,62,63,1.59
May 31 2023,Texas,MO,Passenger,1,0,1,1,2,50.00
April 30 2023,Chelan,WA,Truck,26,0,26,23126,23152,0.11
August 31 2021,Sedgwick,KS,Passenger,1,1,2,84,86,2.33
November 30 2022,Washington,MD,Passenger,2,0,2,12,14,14.29
July 31 2023,Snohomish,WA,Passenger,13188,3141,16329,527660,543989,3.00
April 30 2019,Ferry,WA,Passenger,4,2,6,4372,4378,0.14
September 30 2020,St. Louis,MO,Passenger,1,0,1,101,102,0.98
July 31 2018,Montgomery,MD,Passenger,1,0,1,287,288,0.35
December 31 2019,Arapahoe,CO,Passenger,1,0,1,145,146,0.68
March 31 2021,Fairbanks North Star,AK,Passenger,0,1,1,91,92,1.09
December 31 2019,Shelby,TN,Passenger,0,1,1,101,102,0.98
March 31 2021,Carroll,NH,Passenger,0,1,1,5,6,16.67
October 31 2020,Putnam,TN,Passenger,0,1,1,2,3,33.33
April 30 2017,Wahkiakum,WA,Passenger,0,2,2,2848,2850,0.07
November 30 2023,Clark,NV,Passenger,7,2,9,366,375,2.40
April 30 2021,Montgomery,PA,Passenger,1,0,1,26,27,3.70
April 30 2024,Snohomish,WA,Passenger,17717,3828,21545,512396,533941,4.04
April 30 2023,Adams,WA,Passenger,24,12,36,13037,13073,0.28
March 31 2019,Jefferson,NY,Passenger,0,1,1,228,229,0.44
April 30 2022,Grays Harbor,WA,Truck,0,0,0,21332,21332,0.00
March 31 2020,Okanogan,WA,Truck,0,0,0,16454,16454,0.00
January 31 2023,Pacific,WA,Truck,2,0,2,7818,7820,0.03
December 31 2020,Travis,TX,Passenger,3,1,4,184,188,2.13
September 30 2021,Platte,MO,Passenger,1,0,1,17,18,5.56
October 31 2023,Marin,CA,Passenger,1,1,2,26,28,7.14
September 30 2020,Carson City,NV,Passenger,1,0,1,10,11,9.09
February 28 2021,Benton,WA,Passenger,458,362,820,135019,135839,0.60
May 31 2019,Kittitas,WA,Truck,0,0,0,14382,14382,0.00
November 30 2021,Fairfax,VA,Passenger,4,4,8,698,706,1.13
September 30 2023,Orange,CA,Passenger,7,3,10,307,317,3.15
May 31 2022,Penobscot,ME,Passenger,0,1,1,8,9,11.11
March 31 2022,Newport,RI,Passenger,0,1,1,75,76,1.32
June 30 2018,Lake,CA,Passenger,0,1,1,9,10,10.00
July 31 2018,Tulsa,OK,Passenger,1,1,2,52,54,3.70
November 30 2022,Snohomish,WA,Passenger,9870,2713,12583,530104,542687,2.32
June 30 2018,Clackamas,OR,Passenger,0,1,1,227,228,0.44
August 31 2020,Williamson,TX,Passenger,0,2,2,137,139,1.44
January 31 2020,Lincoln,WA,Truck,0,0,0,4669,4669,0.00
September 30 2020,Denton,TX,Passenger,1,0,1,90,91,1.10
June 30 2019,Los Angeles,CA,Passenger,6,5,11,1129,1140,0.96
January 31 2021,Garfield,WA,Passenger,0,2,2,1361,1363,0.15
March 31 2020,Pima,AZ,Passenger,3,1,4,381,385,1.04
August 31 2022,Middlesex,MA,Passenger,2,0,2,86,88,2.27
June 30 2021,Hudson,NJ,Passenger,1,0,1,44,45,2.22
July 31 2023,Spokane,WA,Passenger,2368,1136,3504,322537,326041,1.07
August 31 2020,Franklin,WA,Passenger,66,76,142,60772,60914,0.23
June 30 2022,Kittitas,WA,Truck,1,0,1,14655,14656,0.01
August 31 2023,Lincoln,WA,Truck,0,0,0,4844,4844,0.00
February 28 2019,Columbia,WA,Truck,0,0,0,1525,1525,0.00
April 30 2022,Kauai,HI,Passenger,1,0,1,21,22,4.55
October 31 2020,Grant,WA,Passenger,71,81,152,65726,65878,0.23
December 31 2021,Ferry,WA,Truck,0,0,0,3596,3596,0.00
June 30 2021,New Haven,CT,Passenger,0,2,2,33,35,5.71
October 31 2021,Allen,IN,Passenger,1,0,1,21,22,4.55
August 31 2021,Spokane,WA,Truck,0,0,0,102403,102403,0.00
April 30 2018,Lewis,WA,Passenger,78,53,131,57350,57481,0.23
July 31 2021,Loudoun,VA,Passenger,1,0,1,72,73,1.37
July 31 2023,Loudoun,VA,Passenger,2,1,3,59,62,4.84
September 30 2021,Juneau,AK,Passenger,0,1,1,29,30,3.33
May 31 2022,Howard,MD,Passenger,0,2,2,66,68,2.94
July 31 2023,Washington,MD,Passenger,1,0,1,12,13,7.69
April 30 2020,Fulton,GA,Passenger,1,3,4,109,113,3.54
December 31 2020,New Haven,CT,Passenger,0,2,2,36,38,5.26
December 31 2023,Newport News,VA,Passenger,1,0,1,89,90,1.11
January 31 2018,Prince William,VA,Passenger,0,5,5,268,273,1.83
December 31 2017,Jefferson,NY,Passenger,1,0,1,232,233,0.43
April 30 2017,Northampton,PA,Passenger,2,0,2,192,194,1.03
November 30 2019,Kent,MI,Passenger,0,1,1,26,27,3.70
February 28 2023,Chelan,WA,Passenger,563,151,714,54241,54955,1.30
July 31 2022,Klickitat,WA,Truck,0,0,0,8276,8276,0.00
April 30 2022,Franklin,WA,Truck,0,0,0,20925,20925,0.00
August 31 2019,Walla Walla,WA,Truck,0,0,0,13651,13651,0.00
July 31 2020,Skagit,WA,Truck,1,0,1,32584,32585,0.00
December 31 2018,Duval,FL,Passenger,1,2,3,384,387,0.78
November 30 2023,St. Louis,MO,Passenger,1,0,1,50,51,1.96
February 28 2019,Houston,GA,Passenger,1,0,1,55,56,1.79
February 29 2020,Spokane,WA,Passenger,695,469,1164,317456,318620,0.37
May 31 2022,Pierce,WA,Truck,5,0,5,142154,142159,0.00
April 30 2018,Canyon,ID,Passenger,0,1,1,89,90,1.11
November 30 2022,Contra Costa,CA,Passenger,0,3,3,204,207,1.45
March 31 2021,Pulaski,MO,Passenger,1,0,1,149,150,0.67
September 30 2022,Bryan,GA,Passenger,0,1,1,35,36,2.78
June 30 2023,Shasta,CA,Passenger,1,0,1,27,28,3.57
September 30 2021,Howard,IN,Passenger,0,1,1,6,7,14.29
March 31 2024,New London,CT,Passenger,2,3,5,145,150,3.33
March 31 2023,Lane,OR,Passenger,0,2,2,84,86,2.33
March 31 2021,Grant,WA,Passenger,93,87,180,66415,66595,0.27
November 30 2017,Asotin,WA,Passenger,7,5,12,12509,12521,0.10
January 31 2023,Cowlitz,WA,Passenger,419,193,612,70144,70756,0.86
August 31 2021,Ulster,NY,Passenger,1,0,1,13,14,7.14
January 31 2021,Richland,SC,Passenger,0,1,1,145,146,0.68
February 28 2023,Washtenaw,MI,Passenger,0,2,2,22,24,8.33
April 30 2017,Nantucket,MA,Passenger,1,0,1,3,4,25.00
May 31 2017,Lewis,WA,Truck,0,0,0,24831,24831,0.00
July 31 2022,Okanogan,WA,Passenger,87,49,136,26270,26406,0.52
March 31 2024,Clallam,WA,Passenger,722,326,1048,48033,49081,2.14
June 30 2020,Asotin,WA,Passenger,16,12,28,12315,12343,0.23
August 31 2017,Okaloosa,FL,Passenger,1,0,1,186,187,0.53
May 31 2022,Queens,NY,Passenger,1,0,1,48,49,2.04
April 30 2022,Mason,WA,Truck,0,0,0,21106,21106,0.00
February 28 2023,Bexar,TX,Passenger,4,3,7,419,426,1.64
December 31 2021,Fulton,GA,Passenger,0,1,1,83,84,1.19
December 31 2021,Saratoga,NY,Passenger,1,0,1,40,41,2.44
December 31 2023,Mercer,NJ,Passenger,0,1,1,8,9,11.11
June 30 2017,Kitsap,WA,Truck,1,0,1,52522,52523,0.00
February 28 2018,Gwinnett,GA,Passenger,0,1,1,81,82,1.22
July 31 2020,Yakima,WA,Passenger,139,119,258,165729,165987,0.16
November 30 2021,Alameda,CA,Passenger,5,0,5,227,232,2.16
February 28 2019,Guadalupe,TX,Passenger,1,0,1,82,83,1.20
July 31 2018,Klickitat,WA,Passenger,24,31,55,15218,15273,0.36
April 30 2020,Monterey,CA,Passenger,0,1,1,184,185,0.54
September 30 2017,Douglas,WA,Truck,0,0,0,11594,11594,0.00
January 31 2019,Shasta,CA,Passenger,1,0,1,44,45,2.22
August 31 2019,San Juan,WA,Passenger,225,73,298,14435,14733,2.02
August 31 2022,Santa Clara,CA,Passenger,13,2,15,250,265,5.66
December 31 2021,Fresno,CA,Passenger,1,0,1,176,177,0.56
February 28 2018,Duval,FL,Passenger,1,2,3,367,370,0.81
June 30 2021,Miami-Dade,FL,Passenger,1,0,1,103,104,0.96
July 31 2019,Nassau,NY,Passenger,4,0,4,43,47,8.51
October 31 2019,Chesapeake,VA,Passenger,0,1,1,454,455,0.22
February 28 2021,Thurston,WA,Passenger,1383,810,2193,197010,199203,1.10
November 30 2021,Whatcom,WA,Passenger,1612,660,2272,150100,152372,1.49
February 28 2017,Whitman,WA,Passenger,8,18,26,21933,21959,0.12
June 30 2017,Ferry,WA,Passenger,1,1,2,4397,4399,0.05
March 31 2023,Franklin,WA,Truck,5,0,5,20865,20870,0.02
February 29 2020,Boone,MO,Passenger,0,1,1,12,13,7.69
February 28 2022,Adams,WA,Passenger,17,14,31,13003,13034,0.24
August 31 2020,Manassas,VA,Passenger,0,1,1,5,6,16.67
January 31 2023,Spokane,WA,Passenger,1991,950,2941,323835,326776,0.90
November 30 2018,Grant,WA,Passenger,32,52,84,64031,64115,0.13
August 31 2017,San Mateo,CA,Passenger,0,1,1,152,153,0.65
July 31 2021,Nueces,TX,Passenger,1,0,1,72,73,1.37
August 31 2018,Douglas,WA,Truck,0,0,0,12027,12027,0.00
May 31 2021,Wahkiakum,WA,Truck,0,0,0,1798,1798,0.00
August 31 2023,Wahkiakum,WA,Truck,4,0,4,1771,1775,0.23
November 30 2020,Calvert,MD,Passenger,0,2,2,86,88,2.27
March 31 2023,Spokane,WA,Truck,29,0,29,101754,101783,0.03
September 30 2018,San Juan,WA,Truck,0,0,0,5759,5759,0.00
December 31 2022,Honolulu,HI,Passenger,4,3,7,344,351,1.99
August 31 2018,Jefferson,CO,Passenger,0,1,1,62,63,1.59
August 31 2019,Richland,SC,Passenger,0,1,1,159,160,0.62
March 31 2017,Maui,HI,Passenger,1,0,1,72,73,1.37
September 30 2020,Maricopa,AZ,Passenger,5,10,15,1466,1481,1.01
August 31 2018,Moore,NC,Passenger,0,1,1,197,198,0.51
January 31 2018,Pinal,AZ,Passenger,2,0,2,214,216,0.93
December 31 2021,Clallam,WA,Truck,1,0,1,22107,22108,0.00
November 30 2023,Carroll,MD,Passenger,0,1,1,14,15,6.67
July 31 2023,Clallam,WA,Truck,19,0,19,21722,21741,0.09
October 31 2019,Franklin,WA,Truck,0,0,0,19651,19651,0.00
April 30 2023,San Diego,CA,Passenger,20,7,27,2202,2229,1.21
October 31 2020,San Joaquin,CA,Passenger,1,0,1,120,121,0.83
January 31 2024,Suffolk,VA,Passenger,1,0,1,89,90,1.11
February 28 2021,Tarrant,TX,Passenger,1,0,1,167,168,0.60
June 30 2020,New Haven,CT,Passenger,0,2,2,37,39,5.13
June 30 2019,Lake,FL,Passenger,1,0,1,21,22,4.55
November 30 2018,Kittitas,WA,Truck,0,0,0,14166,14166,0.00
April 30 2022,Harnett,NC,Passenger,2,0,2,160,162,1.23
November 30 2021,Snohomish,WA,Passenger,6833,2227,9060,538074,547134,1.66
February 28 2023,New London,CT,Passenger,3,2,5,176,181,2.76
October 31 2021,Randolph,NC,Passenger,1,0,1,6,7,14.29
October 31 2022,Duval,FL,Passenger,1,2,3,276,279,1.08
November 30 2018,Maui,HI,Passenger,2,0,2,54,56,3.57
April 30 2022,New York,NY,Passenger,2,0,2,44,46,4.35
December 31 2022,Lee,AL,Passenger,1,0,1,15,16,6.25
February 28 2023,Jefferson,WA,Truck,9,0,9,9332,9341,0.10
November 30 2021,Pima,AZ,Passenger,1,1,2,279,281,0.71
June 30 2023,Sedgwick,KS,Passenger,1,0,1,57,58,1.72
August 31 2022,Ray,MO,Passenger,0,1,1,1,2,50.00
November 30 2023,Snohomish,WA,Passenger,15542,3497,19039,525991,545030,3.49
October 31 2017,Island,WA,Passenger,138,154,292,61054,61346,0.48
September 30 2022,Maricopa,AZ,Passenger,10,3,13,949,962,1.35
January 31 2022,San Diego,CA,Passenger,18,6,24,2518,2542,0.94
August 31 2023,St. Louis,MN,Passenger,0,1,1,6,7,14.29
January 31 2018,Dakota,MN,Passenger,0,2,2,39,41,4.88
October 31 2022,Camden,NJ,Passenger,0,1,1,13,14,7.14
March 31 2019,Sumter,FL,Passenger,0,1,1,10,11,9.09
December 31 2022,Jefferson,WA,Passenger,481,230,711,24288,24999,2.84
October 31 2022,Harrison,MS,Passenger,1,0,1,42,43,2.33
May 31 2021,Moore,NC,Passenger,0,1,1,135,136,0.74
April 30 2020,Ferry,WA,Truck,0,0,0,3545,3545,0.00
February 28 2021,Rockingham,NH,Passenger,1,0,1,22,23,4.35
April 30 2019,Penobscot,ME,Passenger,0,1,1,14,15,6.67
January 31 2024,Franklin,WA,Passenger,394,169,563,62066,62629,0.90
June 30 2023,Grays Harbor,WA,Passenger,299,187,486,48369,48855,0.99
May 31 2020,Whatcom,WA,Passenger,1061,496,1557,149237,150794,1.03
May 31 2018,Tarrant,TX,Passenger,1,0,1,216,217,0.46
April 30 2018,Flathead,MT,Passenger,1,0,1,55,56,1.79
September 30 2019,Pacific,WA,Truck,0,0,0,7672,7672,0.00
March 31 2021,Leavenworth,KS,Passenger,0,1,1,111,112,0.89
August 31 2018,DuPage,IL,Passenger,1,0,1,59,60,1.67
November 30 2018,Williamson,TX,Passenger,0,1,1,157,158,0.63
January 31 2024,Oldham,KY,Passenger,0,1,1,2,3,33.33
April 30 2024,Clallam,WA,Passenger,739,332,1071,47524,48595,2.20
April 30 2018,Okanogan,WA,Passenger,8,19,27,25808,25835,0.10
January 31 2021,Wahkiakum,WA,Passenger,7,6,13,3040,3053,0.43
June 30 2018,Grant,WA,Truck,0,0,0,25920,25920,0.00
April 30 2020,Wilson,TX,Passenger,0,1,1,8,9,11.11
August 31 2022,Cass,MN,Passenger,0,1,1,2,3,33.33
August 31 2017,Bexar,TX,Passenger,1,1,2,861,863,0.23
October 31 2020,St. Mary's,MD,Passenger,1,0,1,216,217,0.46
April 30 2022,Calvert,MD,Passenger,0,2,2,82,84,2.38
October 31 2022,Douglas,NE,Passenger,2,2,4,36,40,10.00
May 31 2020,Lincoln,WA,Passenger,4,12,16,7640,7656,0.21
July 31 2019,Spokane,WA,Passenger,556,434,990,312643,313633,0.32
April 30 2023,Pend Oreille,WA,Passenger,31,13,44,8898,8942,0.49
December 31 2022,Houston,GA,Passenger,1,0,1,29,30,3.33
December 31 2019,Harnett,NC,Passenger,1,1,2,215,217,0.92
March 31 2021,Cumberland,NC,Passenger,0,2,2,453,455,0.44
November 30 2021,Cumberland,NC,Passenger,1,4,5,415,420,1.19
August 31 2019,Grant,WA,Truck,0,0,0,26734,26734,0.00
December 31 2021,Yavapai,AZ,Passenger,0,1,1,38,39,2.56
September 30 2018,Sangamon,IL,Passenger,1,0,1,11,12,8.33
December 31 2021,Garfield,WA,Passenger,0,3,3,1345,1348,0.22
January 31 2022,Providence,RI,Passenger,1,0,1,22,23,4.35
January 31 2023,Autauga,AL,Passenger,2,0,2,13,15,13.33
October 31 2021,Loudoun,VA,Passenger,1,0,1,67,68,1.47
February 29 2020,Howard,MD,Passenger,0,1,1,79,80,1.25
February 28 2023,Collier,FL,Passenger,1,0,1,17,18,5.56
January 31 2023,Rockingham,NH,Passenger,1,0,1,13,14,7.14
July 31 2020,Carson City,NV,Passenger,1,0,1,10,11,9.09
March 31 2022,Pend Oreille,WA,Passenger,16,10,26,9040,9066,0.29
September 30 2022,Lake,IL,Passenger,2,0,2,133,135,1.48
April 30 2023,Clallam,WA,Truck,18,0,18,21747,21765,0.08
April 30 2020,Vigo,IN,Passenger,1,0,1,5,6,16.67
November 30 2020,Charles,MD,Passenger,1,1,2,78,80,2.50
July 31 2018,Yakima,WA,Truck,0,0,0,58532,58532,0.00
September 30 2023,Cowlitz,WA,Truck,10,0,10,28060,28070,0.04
May 31 2019,Jefferson,WA,Passenger,191,119,310,24995,25305,1.23
February 29 2020,Multnomah,OR,Passenger,4,7,11,759,770,1.43
March 31 2020,Denton,TX,Passenger,1,0,1,98,99,1.01
February 28 2023,Anchorage,AK,Passenger,1,0,1,118,119,0.84
November 30 2017,Prince George's,MD,Passenger,0,1,1,183,184,0.54
November 30 2022,Kitsap,WA,Truck,27,0,27,52919,52946,0.05
April 30 2021,Whitman,WA,Passenger,59,44,103,21966,22069,0.47
April 30 2017,Maui,HI,Passenger,1,0,1,73,74,1.35
July 31 2020,Morris,NJ,Passenger,1,0,1,16,17,5.88
March 31 2018,Eagle,CO,Passenger,1,0,1,6,7,14.29
September 30 2017,Snohomish,WA,Truck,1,0,1,121518,121519,0.00
October 31 2020,Yakima,WA,Truck,0,0,0,60685,60685,0.00
June 30 2020,Lake,FL,Passenger,1,0,1,24,25,4.00
December 31 2017,Clay,FL,Passenger,0,1,1,107,108,0.93
September 30 2019,Suffolk,MA,Passenger,0,1,1,39,40,2.50
May 31 2021,Washtenaw,MI,Passenger,0,1,1,29,30,3.33
January 31 2021,Fort Bend,TX,Passenger,1,0,1,39,40,2.50
September 30 2022,Sevier,AR,Passenger,0,1,1,0,1,100.00
May 31 2020,Mason,WA,Passenger,157,135,292,47164,47456,0.62
December 31 2021,Columbia,WA,Passenger,6,2,8,2448,2456,0.33
March 31 2017,Pend Oreille,WA,Truck,0,0,0,5584,5584,0.00
August 31 2019,Osceola,FL,Passenger,1,0,1,43,44,2.27
March 31 2021,Monroe,IL,Passenger,1,0,1,2,3,33.33
November 30 2021,Kitsap,WA,Truck,0,0,0,54207,54207,0.00
March 31 2023,Thurston,WA,Passenger,2826,1174,4000,190633,194633,2.06
December 31 2018,Portsmouth,VA,Passenger,0,1,1,80,81,1.23
November 30 2023,Denton,TX,Passenger,1,0,1,31,32,3.12
February 28 2021,Sevier,AR,Passenger,0,1,1,0,1,100.00
February 28 2022,Sarpy,NE,Passenger,1,0,1,69,70,1.43
November 30 2018,Contra Costa,CA,Passenger,0,2,2,409,411,0.49
June 30 2018,El Paso,CO,Passenger,2,1,3,760,763,0.39
February 29 2020,Harnett,NC,Passenger,1,1,2,218,220,0.91
February 28 2023,Sarpy,NE,Passenger,1,0,1,59,60,1.67
March 31 2018,Island,WA,Truck,0,0,0,20850,20850,0.00
January 31 2024,Ferry,WA,Truck,0,0,0,3496,3496,0.00
December 31 2017,Prince George's,MD,Passenger,0,1,1,180,181,0.55
December 31 2023,Travis,TX,Passenger,2,1,3,73,76,3.95
March 31 2017,Dakota,MN,Passenger,0,1,1,42,43,2.33
January 31 2023,Ray,MO,Passenger,0,1,1,0,1,100.00
May 31 2020,Pierce,WA,Passenger,2350,1674,4024,547292,551316,0.73
September 30 2019,Benton,WA,Passenger,290,297,587,134577,135164,0.43
February 28 2019,Norfolk,MA,Passenger,1,0,1,37,38,2.63
August 31 2019,Manassas,VA,Passenger,0,1,1,8,9,11.11
August 31 2018,Mason,WA,Passenger,92,95,187,46040,46227,0.40
December 31 2023,,,Passenger,5,0,5,237,242,2.07
April 30 2024,Santa Cruz,CA,Passenger,1,0,1,16,17,5.88
February 28 2019,Yakima,WA,Truck,0,0,0,58788,58788,0.00
November 30 2021,Pend Oreille,WA,Truck,0,0,0,5691,5691,0.00
July 31 2022,Chesapeake,VA,Passenger,3,2,5,355,360,1.39
July 31 2022,Deschutes,OR,Passenger,2,0,2,94,96,2.08
March 31 2020,Boone,MO,Passenger,0,1,1,13,14,7.14
April 30 2024,Maui,HI,Passenger,1,0,1,16,17,5.88
March 31 2019,Skamania,WA,Truck,0,0,0,4016,4016,0.00
March 31 2020,Orange,CA,Passenger,7,2,9,527,536,1.68
December 31 2018,Tulsa,OK,Passenger,1,1,2,54,56,3.57
January 31 2017,Morris,NJ,Passenger,1,0,1,23,24,4.17
February 28 2023,Yellowstone,MT,Passenger,0,1,1,15,16,6.25
March 31 2020,Whitman,WA,Passenger,42,46,88,22470,22558,0.39
October 31 2022,Pacific,WA,Passenger,68,74,142,15725,15867,0.89
June 30 2023,Currituck,NC,Passenger,1,0,1,19,20,5.00
October 31 2023,Las Animas,CO,Passenger,1,0,1,0,1,100.00
April 30 2021,Clark,NV,Passenger,5,2,7,659,666,1.05
September 30 2022,Hillsborough,FL,Passenger,1,2,3,128,131,2.29
December 31 2020,Kootenai,ID,Passenger,0,1,1,207,208,0.48
October 31 2018,Morris,NJ,Passenger,1,0,1,17,18,5.56
April 30 2024,Montgomery,MD,Passenger,5,2,7,153,160,4.38
December 31 2022,Island,WA,Truck,17,0,17,21187,21204,0.08
January 31 2022,Snohomish,WA,Passenger,7216,2276,9492,536293,545785,1.74
April 30 2017,Pierce,WA,Passenger,917,807,1724,525625,527349,0.33
August 31 2021,San Bernardino,CA,Passenger,1,0,1,393,394,0.25
April 30 2019,Pima,AZ,Passenger,1,1,2,422,424,0.47
May 31 2021,Travis,TX,Passenger,4,3,7,176,183,3.83
October 31 2022,Lincoln,OR,Passenger,0,1,1,22,23,4.35
September 30 2021,Ray,MO,Passenger,0,1,1,1,2,50.00
September 30 2022,Grant,WA,Passenger,201,108,309,66687,66996,0.46
October 31 2022,Bell,TX,Passenger,1,0,1,312,313,0.32
March 31 2020,Virginia Beach,VA,Passenger,1,0,1,681,682,0.15
May 31 2022,Clark,NV,Passenger,9,2,11,561,572,1.92
August 31 2020,Columbia,WA,Truck,0,0,0,1525,1525,0.00
January 31 2021,Boulder,CO,Passenger,1,1,2,47,49,4.08
January 31 2018,Klickitat,WA,Passenger,24,26,50,14933,14983,0.33
October 31 2023,Whitman,WA,Truck,5,0,5,8658,8663,0.06
February 28 2019,Skagit,WA,Truck,1,0,1,32284,32285,0.00
April 30 2021,Pacific,WA,Truck,0,0,0,7914,7914,0.00
January 31 2022,Ferry,WA,Truck,0,0,0,3582,3582,0.00
July 31 2017,Travis,TX,Passenger,1,1,2,196,198,1.01
April 30 2022,Kings,NY,Passenger,1,0,1,64,65,1.54
September 30 2020,Lane,OR,Passenger,0,1,1,145,146,0.68
March 31 2021,Loudoun,VA,Passenger,1,0,1,72,73,1.37
March 31 2024,Pulaski,AR,Passenger,2,0,2,15,17,11.76
June 30 2022,Fulton,GA,Passenger,1,1,2,77,79,2.53
February 29 2024,Sedgwick,KS,Passenger,1,0,1,41,42,2.38
June 30 2022,Louisa,VA,Passenger,0,1,1,1,2,50.00
March 31 2024,San Juan,WA,Passenger,703,202,905,13359,14264,6.34
April 30 2019,Chelan,WA,Truck,0,0,0,22170,22170,0.00
October 31 2021,Honolulu,HI,Passenger,5,3,8,410,418,1.91
May 31 2021,Bexar,TX,Passenger,2,4,6,567,573,1.05
March 31 2023,Newport News,VA,Passenger,1,0,1,104,105,0.95
August 31 2022,Albemarle,VA,Passenger,3,0,3,20,23,13.04
January 31 2022,Orange,NC,Passenger,0,1,1,12,13,7.69
January 31 2019,Ferry,WA,Passenger,3,2,5,4390,4395,0.11
February 28 2017,New London,CT,Passenger,2,0,2,262,264,0.76
March 31 2018,Virginia Beach,VA,Passenger,2,1,3,675,678,0.44
November 30 2020,Fairfax,VA,Passenger,5,3,8,728,736,1.09
March 31 2019,Houston,GA,Passenger,1,0,1,56,57,1.75
March 31 2023,Washington,MD,Passenger,2,0,2,11,13,15.38
February 28 2023,Lake,IN,Passenger,0,1,1,10,11,9.09
March 31 2024,Plaquemines,LA,Passenger,1,1,2,16,18,11.11
August 31 2023,Grays Harbor,WA,Passenger,334,201,535,48163,48698,1.10
March 31 2021,El Paso,CO,Passenger,3,0,3,700,703,0.43
January 31 2018,Garfield,WA,Truck,0,0,0,943,943,0.00
October 31 2023,San Juan,WA,Passenger,662,188,850,13698,14548,5.84
August 31 2022,Whitman,WA,Passenger,94,62,156,21942,22098,0.71
April 30 2021,Pacific,WA,Passenger,41,41,82,16055,16137,0.51
May 31 2023,Geary,KS,Passenger,1,0,1,68,69,1.45
January 31 2020,Flathead,MT,Passenger,1,0,1,67,68,1.47
April 30 2019,Denver,CO,Passenger,1,0,1,134,135,0.74
September 30 2019,Thurston,WA,Truck,0,0,0,55527,55527,0.00
September 30 2020,Grant,WA,Passenger,67,80,147,65561,65708,0.22
July 31 2020,Anne Arundel,MD,Passenger,0,1,1,410,411,0.24
February 29 2020,Hennepin,MN,Passenger,3,1,4,104,108,3.70
July 31 2020,Washtenaw,MI,Passenger,1,0,1,35,36,2.78
December 31 2017,Thurston,WA,Passenger,470,391,861,189984,190845,0.45
March 31 2018,Maui,HI,Passenger,1,0,1,65,66,1.52
March 31 2017,Wahkiakum,WA,Truck,0,0,0,1635,1635,0.00
October 31 2022,Sonoma,CA,Passenger,2,1,3,84,87,3.45
October 31 2017,Queens,NY,Passenger,1,0,1,62,63,1.59
June 30 2021,Middlesex,MA,Passenger,1,0,1,100,101,0.99
October 31 2023,Camden,NJ,Passenger,0,1,1,11,12,8.33
June 30 2023,Washington,MD,Passenger,1,0,1,12,13,7.69
October 31 2023,Mason,WA,Truck,17,0,17,20573,20590,0.08
June 30 2017,Pierce,WA,Truck,0,0,0,137507,137507,0.00
February 29 2024,Santa Barbara,CA,Passenger,1,0,1,61,62,1.61
May 31 2020,Guadalupe,TX,Passenger,1,0,1,70,71,1.41
July 31 2023,Cowlitz,WA,Truck,10,0,10,28220,28230,0.04
June 30 2020,Kern,CA,Passenger,0,1,1,227,228,0.44
September 30 2020,Washington,OR,Passenger,1,0,1,443,444,0.23
February 28 2021,Charleston,SC,Passenger,2,0,2,90,92,2.17
May 31 2019,Fairfax,VA,Passenger,4,2,6,790,796,0.75
December 31 2019,Washington,OR,Passenger,1,0,1,468,469,0.21
January 31 2019,Williamson,TX,Passenger,0,1,1,157,158,0.63
June 30 2023,Alexandria,VA,Passenger,3,1,4,89,93,4.30
June 30 2021,Spartanburg,SC,Passenger,0,1,1,54,55,1.82
September 30 2019,Kent,MI,Passenger,0,1,1,25,26,3.85
January 31 2019,Kitsap,WA,Truck,1,0,1,53728,53729,0.00
September 30 2019,Honolulu,HI,Passenger,4,2,6,508,514,1.17
July 31 2021,Travis,TX,Passenger,5,3,8,169,177,4.52
July 31 2020,Polk,FL,Passenger,1,0,1,73,74,1.35
October 31 2017,Juneau,AK,Passenger,0,1,1,45,46,2.17
September 30 2021,Clinton,PA,Passenger,1,0,1,0,1,100.00
December 31 2017,Yakima,WA,Passenger,59,75,134,162052,162186,0.08
July 31 2019,Jefferson,NY,Passenger,0,1,1,220,221,0.45
August 31 2021,Queens,NY,Passenger,2,0,2,52,54,3.70
February 28 2019,Manatee,FL,Passenger,1,0,1,36,37,2.70
June 30 2019,Solano,CA,Passenger,1,0,1,213,214,0.47
August 31 2019,Thurston,WA,Passenger,927,659,1586,198253,199839,0.79
February 29 2024,Douglas,WA,Passenger,268,87,355,28712,29067,1.22
July 31 2017,Douglas,WA,Passenger,35,26,61,26757,26818,0.23
December 31 2019,Okanogan,WA,Truck,0,0,0,16546,16546,0.00
August 31 2018,Orange,CA,Passenger,4,1,5,571,576,0.87
August 31 2021,Stafford,VA,Passenger,2,1,3,104,107,2.80
April 30 2022,Pinellas,FL,Passenger,0,1,1,86,87,1.15
April 30 2021,Stevens,WA,Truck,0,0,0,18869,18869,0.00
December 31 2021,Jefferson,WA,Truck,0,0,0,9598,9598,0.00
December 31 2021,Pend Oreille,WA,Passenger,18,9,27,9121,9148,0.30
April 30 2018,San Juan,WA,Passenger,141,53,194,13953,14147,1.37
June 30 2017,Alameda,CA,Passenger,1,1,2,370,372,0.54
November 30 2020,Orange,FL,Passenger,1,0,1,121,122,0.82
November 30 2018,Garfield,OK,Passenger,1,0,1,14,15,6.67
February 28 2017,Guilford,NC,Passenger,1,0,1,33,34,2.94
April 30 2022,Philadelphia,PA,Passenger,1,0,1,42,43,2.33
January 31 2024,Pinal,AZ,Passenger,1,1,2,68,70,2.86
November 30 2018,Camden,NJ,Passenger,0,1,1,26,27,3.70
September 30 2023,Ventura,CA,Passenger,2,2,4,204,208,1.92
April 30 2022,Anchorage,AK,Passenger,2,0,2,140,142,1.41
November 30 2021,Platte,MO,Passenger,1,0,1,20,21,4.76
February 28 2022,Sevier,AR,Passenger,0,1,1,0,1,100.00
April 30 2022,Spartanburg,SC,Passenger,0,1,1,41,42,2.38
March 31 2021,Miami-Dade,FL,Passenger,1,0,1,101,102,0.98
May 31 2018,Marion,IN,Passenger,1,0,1,120,121,0.83
December 31 2017,Ventura,CA,Passenger,0,1,1,338,339,0.29
April 30 2020,Eagle,CO,Passenger,1,0,1,8,9,11.11
March 31 2023,Whitman,WA,Passenger,131,71,202,21977,22179,0.91
September 30 2020,Lake,FL,Passenger,1,0,1,25,26,3.85
December 31 2023,Cumberland,NC,Passenger,1,3,4,287,291,1.37
July 31 2019,San Francisco,CA,Passenger,2,1,3,109,112,2.68
April 30 2024,Polk,OR,Passenger,1,1,2,12,14,14.29
March 31 2024,Wahkiakum,WA,Truck,4,0,4,1727,1731,0.23
November 30 2021,Kauai,HI,Passenger,1,0,1,21,22,4.55
January 31 2022,Klickitat,WA,Passenger,90,54,144,15297,15441,0.93
December 31 2022,Champaign,IL,Passenger,1,0,1,12,13,7.69
December 31 2022,Pinal,AZ,Passenger,0,1,1,111,112,0.89
January 31 2023,Coryell,TX,Passenger,1,0,1,85,86,1.16
July 31 2022,Saratoga,NY,Passenger,1,0,1,42,43,2.33
February 28 2021,Alexandria,VA,Passenger,3,0,3,131,134,2.24
September 30 2020,Montgomery,AL,Passenger,0,1,1,40,41,2.44
December 31 2022,Mason,WA,Truck,6,0,6,20832,20838,0.03
June 30 2022,Kern,CA,Passenger,0,1,1,193,194,0.52
June 30 2021,Mercer,NJ,Passenger,0,1,1,13,14,7.14
February 29 2024,Essex,NJ,Passenger,2,1,3,7,10,30.00
May 31 2023,Eau Claire,WI,Passenger,1,0,1,1,2,50.00
December 31 2021,Kittitas,WA,Passenger,207,75,282,29838,30120,0.94
February 28 2019,Chelan,WA,Passenger,145,66,211,54158,54369,0.39
February 29 2020,Los Angeles,CA,Passenger,7,12,19,1079,1098,1.73
May 31 2022,Mason,WA,Truck,1,0,1,21031,21032,0.00
February 28 2018,Pinal,AZ,Passenger,2,0,2,215,217,0.92
May 31 2019,Sedgwick,KS,Passenger,0,1,1,105,106,0.94
January 31 2017,Bergen,NJ,Passenger,0,2,2,34,36,5.56
July 31 2023,Tooele,UT,Passenger,1,0,1,8,9,11.11
March 31 2023,Eagle,CO,Passenger,1,0,1,6,7,14.29
April 30 2022,Kittitas,WA,Truck,0,0,0,14717,14717,0.00
August 31 2020,Alexandria,VA,Passenger,3,0,3,130,133,2.26
April 30 2022,Dorchester,SC,Passenger,1,0,1,69,70,1.43
November 30 2022,Geary,KS,Passenger,1,0,1,77,78,1.28
November 30 2020,St. Louis,MO,Passenger,1,0,1,101,102,0.98
December 31 2020,Denver,CO,Passenger,1,0,1,123,124,0.81
June 30 2017,Flathead,MT,Passenger,1,0,1,62,63,1.59
March 31 2022,Collier,FL,Passenger,1,0,1,21,22,4.55
April 30 2020,San Juan,WA,Truck,0,0,0,5896,5896,0.00
December 31 2017,Bexar,TX,Passenger,1,2,3,831,834,0.36
November 30 2020,Norfolk,VA,Passenger,2,3,5,341,346,1.45
March 31 2019,Suffolk,MA,Passenger,0,1,1,42,43,2.33
April 30 2017,Deschutes,OR,Passenger,1,0,1,205,206,0.49
March 31 2024,Wahkiakum,WA,Passenger,35,23,58,3011,3069,1.89
November 30 2022,Bell,TX,Passenger,1,0,1,311,312,0.32
April 30 2017,Travis,TX,Passenger,1,1,2,200,202,0.99
December 31 2018,Goochland,VA,Passenger,0,1,1,247,248,0.40
October 31 2021,Calvert,MD,Passenger,0,2,2,87,89,2.25
February 28 2023,Jefferson,NY,Passenger,2,0,2,201,203,0.99
November 30 2022,New Haven,CT,Passenger,0,2,2,30,32,6.25
September 30 2023,Brevard,FL,Passenger,1,0,1,57,58,1.72
December 31 2022,Pierce,WA,Truck,82,0,82,139405,139487,0.06
June 30 2023,Los Angeles,CA,Passenger,6,4,10,668,678,1.47
February 29 2020,District of Columbia,DC,Passenger,1,1,2,202,204,0.98
March 31 2020,Howard,MD,Passenger,0,1,1,79,80,1.25
May 31 2020,Lewis,WA,Truck,0,0,0,26002,26002,0.00
July 31 2017,Mason,WA,Truck,0,0,0,19251,19251,0.00
April 30 2018,Walla Walla,WA,Truck,0,0,0,13334,13334,0.00
June 30 2023,Napa,CA,Passenger,0,1,1,11,12,8.33
July 31 2019,Saratoga,NY,Passenger,1,0,1,51,52,1.92
October 31 2020,Wahkiakum,WA,Passenger,6,6,12,3035,3047,0.39
December 31 2022,Clallam,WA,Truck,8,0,8,21863,21871,0.04
April 30 2017,Gwinnett,GA,Passenger,0,1,1,90,91,1.10
December 31 2017,Garfield,WA,Passenger,1,0,1,1321,1322,0.08
October 31 2022,Columbia,OR,Passenger,1,0,1,13,14,7.14
December 31 2021,Pend Oreille,WA,Truck,0,0,0,5698,5698,0.00
November 30 2022,Orange,FL,Passenger,1,0,1,79,80,1.25
April 30 2019,Travis,TX,Passenger,4,1,5,209,214,2.34
March 31 2019,Randolph,NC,Passenger,1,0,1,6,7,14.29
August 31 2022,Arapahoe,CO,Passenger,0,1,1,90,91,1.10
December 31 2018,Thurston,WA,Truck,0,0,0,54865,54865,0.00
July 31 2020,Jefferson,WA,Truck,0,0,0,9539,9539,0.00
August 31 2020,Benton,WA,Truck,0,0,0,43017,43017,0.00
May 31 2019,Jefferson,WA,Truck,0,0,0,9664,9664,0.00
May 31 2020,Suffolk,VA,Passenger,1,0,1,123,124,0.81
January 31 2018,Albemarle,VA,Passenger,0,1,1,30,31,3.23
May 31 2021,King,WA,Passenger,30032,8921,38953,1367769,1406722,2.77
March 31 2022,Yakima,WA,Truck,0,0,0,61564,61564,0.00
April 30 2019,Ferry,WA,Truck,0,0,0,3592,3592,0.00
April 30 2023,Sacramento,CA,Passenger,3,1,4,179,183,2.19
April 30 2021,Kern,CA,Passenger,0,1,1,218,219,0.46
August 31 2023,York,VA,Passenger,1,0,1,67,68,1.47
March 31 2020,Albemarle,VA,Passenger,1,0,1,23,24,4.17
March 31 2023,Larimer,CO,Passenger,1,0,1,35,36,2.78
June 30 2021,Kittitas,WA,Passenger,160,67,227,29983,30210,0.75
October 31 2018,Norfolk,VA,Passenger,2,2,4,336,340,1.18
May 31 2022,Onslow,NC,Passenger,0,1,1,165,166,0.60
May 31 2017,Grant,WA,Truck,0,0,0,25220,25220,0.00
March 31 2021,Cowlitz,WA,Truck,0,0,0,29044,29044,0.00
March 31 2021,Lincoln,WA,Passenger,5,13,18,7688,7706,0.23
February 28 2021,Fresno,CA,Passenger,1,0,1,189,190,0.53
August 31 2019,Arlington,VA,Passenger,0,2,2,158,160,1.25
November 30 2017,Montgomery,TN,Passenger,1,0,1,276,277,0.36
August 31 2020,Montgomery,TX,Passenger,1,0,1,53,54,1.85
August 31 2021,Douglas,NE,Passenger,1,1,2,54,56,3.57
November 30 2018,Bucks,PA,Passenger,1,0,1,18,19,5.26
March 31 2023,Kent,DE,Passenger,1,0,1,46,47,2.13
November 30 2019,Allegheny,PA,Passenger,2,0,2,86,88,2.27
September 30 2022,Cumberland,PA,Passenger,1,0,1,44,45,2.22
June 30 2019,Spartanburg,SC,Passenger,0,1,1,40,41,2.44
November 30 2020,Henrico,VA,Passenger,0,1,1,18,19,5.26
November 30 2020,RÃ­o Grande,PR,Passenger,1,0,1,1,2,50.00
February 28 2021,Thurston,WA,Truck,0,0,0,56422,56422,0.00
January 31 2020,Calvert,MD,Passenger,0,2,2,91,93,2.15
March 31 2018,Jefferson,WA,Passenger,132,88,220,24286,24506,0.90
July 31 2021,Yakima,WA,Passenger,238,161,399,169246,169645,0.24
January 31 2019,Benton,WA,Passenger,231,242,473,133195,133668,0.35
November 30 2023,El Dorado,CA,Passenger,1,0,1,17,18,5.56
January 31 2018,Charles,MD,Passenger,0,1,1,84,85,1.18
November 30 2022,Anchorage,AK,Passenger,1,0,1,124,125,0.80
March 31 2024,Newport,RI,Passenger,0,1,1,45,46,2.17
October 31 2019,Kent,MI,Passenger,0,1,1,25,26,3.85
May 31 2021,San Francisco,CA,Passenger,1,1,2,100,102,1.96
January 31 2017,Hardin,KY,Passenger,0,1,1,122,123,0.81
April 30 2018,New Haven,CT,Passenger,0,1,1,50,51,1.96
March 31 2021,Jefferson,WA,Truck,0,0,0,9587,9587,0.00
July 31 2022,Stevens,WA,Truck,1,0,1,18881,18882,0.01
November 30 2020,Moore,NC,Passenger,0,1,1,155,156,0.64
August 31 2023,Ada,ID,Passenger,2,0,2,110,112,1.79
May 31 2020,Skamania,WA,Truck,0,0,0,4026,4026,0.00
April 30 2021,Wilson,TX,Passenger,0,1,1,4,5,20.00
June 30 2021,Pennington,SD,Passenger,1,0,1,32,33,3.03
February 28 2021,Monterey,CA,Passenger,0,2,2,159,161,1.24
July 31 2022,Hudson,NJ,Passenger,2,0,2,37,39,5.13
May 31 2022,Montgomery,AL,Passenger,0,1,1,37,38,2.63
September 30 2021,Yavapai,AZ,Passenger,0,1,1,41,42,2.38
October 31 2022,Albemarle,VA,Passenger,2,0,2,19,21,9.52
April 30 2018,Cowlitz,WA,Truck,0,0,0,28290,28290,0.00
August 31 2021,Arlington,VA,Passenger,0,1,1,140,141,0.71
October 31 2017,Yakima,WA,Truck,0,0,0,57805,57805,0.00
July 31 2020,Walla Walla,WA,Passenger,77,65,142,35892,36034,0.39
January 31 2022,Pennington,SD,Passenger,2,0,2,33,35,5.71
March 31 2023,Tarrant,TX,Passenger,1,0,1,91,92,1.09
January 31 2022,York,VA,Passenger,1,0,1,94,95,1.05
September 30 2020,Stafford,VA,Passenger,1,1,2,102,104,1.92
December 31 2023,Whatcom,WA,Passenger,2949,1046,3995,147313,151308,2.64
May 31 2018,Grays Harbor,WA,Passenger,50,55,105,46404,46509,0.23
May 31 2021,Montgomery,PA,Passenger,1,0,1,26,27,3.70
April 30 2024,Pima,AZ,Passenger,1,0,1,139,140,0.71
December 31 2023,Onslow,NC,Passenger,0,1,1,124,125,0.80
June 30 2020,Washington,OR,Passenger,1,0,1,456,457,0.22
February 29 2024,Middlesex,MA,Passenger,2,0,2,64,66,3.03
July 31 2017,Albemarle,VA,Passenger,0,1,1,32,33,3.03
September 30 2019,Santa Rosa,FL,Passenger,1,0,1,92,93,1.08
May 31 2022,El Paso,TX,Passenger,3,0,3,363,366,0.82
December 31 2023,Wilson,TX,Passenger,0,1,1,3,4,25.00
March 31 2019,Kitsap,WA,Passenger,997,569,1566,179873,181439,0.86
April 30 2023,Whatcom,WA,Truck,52,0,52,42810,42862,0.12
March 31 2021,Los Angeles,CA,Passenger,9,10,19,968,987,1.93
July 31 2019,Kern,CA,Passenger,0,1,1,222,223,0.45
June 30 2021,Orange,CA,Passenger,4,3,7,448,455,1.54
November 30 2021,Gwinnett,GA,Passenger,1,0,1,62,63,1.59
April 30 2023,Fulton,GA,Passenger,1,1,2,64,66,3.03
August 31 2023,Thurston,WA,Passenger,3357,1282,4639,190010,194649,2.38
August 31 2017,,,Passenger,3,0,3,449,452,0.66
April 30 2020,Wahkiakum,WA,Passenger,6,5,11,2973,2984,0.37
February 29 2024,Fresno,CA,Passenger,0,1,1,115,116,0.86
November 30 2019,Houston,GA,Passenger,1,0,1,60,61,1.64
May 31 2020,Deschutes,OR,Passenger,4,0,4,145,149,2.68
August 31 2019,Carroll,NH,Passenger,0,1,1,3,4,25.00
June 30 2019,Grays Harbor,WA,Truck,0,0,0,20452,20452,0.00
September 30 2019,Klickitat,WA,Truck,0,0,0,8296,8296,0.00
August 31 2017,Wahkiakum,WA,Truck,0,0,0,1655,1655,0.00
December 31 2017,Clark,NV,Passenger,2,2,4,761,765,0.52
May 31 2018,Ventura,CA,Passenger,0,1,1,324,325,0.31
June 30 2023,Plaquemines,LA,Passenger,1,1,2,16,18,11.11
January 31 2024,Carroll,MD,Passenger,0,1,1,12,13,7.69
February 28 2019,Jefferson,WA,Passenger,179,113,292,24857,25149,1.16
November 30 2022,Arlington,VA,Passenger,1,0,1,118,119,0.84
November 30 2018,Marion,OR,Passenger,1,0,1,124,125,0.80
March 31 2021,Allegheny,PA,Passenger,2,1,3,76,79,3.80
May 31 2020,Frederick,MD,Passenger,1,1,2,73,75,2.67
July 31 2020,Tulsa,OK,Passenger,1,1,2,50,52,3.85
May 31 2022,DeKalb,GA,Passenger,1,0,1,51,52,1.92
January 31 2023,Escambia,FL,Passenger,0,1,1,141,142,0.70
May 31 2017,Palm Beach,FL,Passenger,0,2,2,98,100,2.00
July 31 2023,Hudson,NJ,Passenger,1,0,1,18,19,5.26
April 30 2023,Allegheny,PA,Passenger,1,0,1,58,59,1.69
January 31 2020,Nassau,NY,Passenger,4,0,4,45,49,8.16
October 31 2018,Santa Clara,CA,Passenger,8,0,8,386,394,2.03
August 31 2021,Multnomah,OR,Passenger,2,7,9,665,674,1.34
February 28 2023,Essex,NJ,Passenger,2,0,2,11,13,15.38
March 31 2021,Portsmouth,VA,Passenger,0,1,1,76,77,1.30
March 31 2021,Hampshire,MA,Passenger,1,0,1,9,10,10.00
February 28 2023,Houston,GA,Passenger,1,0,1,29,30,3.33
January 31 2021,Calvert,MD,Passenger,0,2,2,86,88,2.27
June 30 2023,Norfolk,MA,Passenger,1,0,1,19,20,5.00
August 31 2021,Danville,VA,Passenger,1,0,1,0,1,100.00
June 30 2022,Wilson,TX,Passenger,0,1,1,3,4,25.00
November 30 2022,Snohomish,WA,Truck,78,0,78,122652,122730,0.06
March 31 2022,Hamilton,IN,Passenger,1,0,1,26,27,3.70
September 30 2022,Tarrant,TX,Passenger,3,0,3,113,116,2.59
November 30 2023,Cook,IL,Passenger,3,1,4,139,143,2.80
November 30 2020,Ramsey,MN,Passenger,1,0,1,36,37,2.70
September 30 2019,Santa Fe,NM,Passenger,0,1,1,44,45,2.22
August 31 2019,Mercer,NJ,Passenger,0,1,1,19,20,5.00
August 31 2021,Washington,MD,Passenger,2,0,2,11,13,15.38
September 30 2020,Vigo,IN,Passenger,1,0,1,6,7,14.29
September 30 2023,Adams,WA,Passenger,27,13,40,13138,13178,0.30
December 31 2018,Island,WA,Truck,0,0,0,21176,21176,0.00
August 31 2017,Montgomery,MD,Passenger,1,0,1,308,309,0.32
November 30 2017,Marin,CA,Passenger,1,0,1,56,57,1.75
November 30 2021,Franklin,WA,Passenger,154,103,257,62246,62503,0.41
April 30 2022,Grays Harbor,WA,Passenger,200,158,358,49187,49545,0.72
September 30 2020,Charleston,SC,Passenger,2,0,2,99,101,1.98
January 31 2017,Yakima,WA,Truck,0,0,0,57333,57333,0.00
December 31 2021,Thurston,WA,Truck,0,0,0,55989,55989,0.00
August 31 2023,Providence,RI,Passenger,1,0,1,17,18,5.56
June 30 2022,Washoe,NV,Passenger,1,0,1,76,77,1.30
April 30 2024,DeKalb,GA,Passenger,1,0,1,29,30,3.33
April 30 2023,Broward,FL,Passenger,1,0,1,65,66,1.52
February 29 2020,Fort Bend,TX,Passenger,1,0,1,48,49,2.04
February 28 2017,Ferry,WA,Passenger,2,1,3,4393,4396,0.07
October 31 2018,Okanogan,WA,Truck,0,0,0,16504,16504,0.00
July 31 2017,Okanogan,WA,Passenger,4,18,22,25625,25647,0.09
June 30 2018,Nassau,NY,Passenger,2,0,2,40,42,4.76
June 30 2019,Sedgwick,KS,Passenger,1,1,2,105,107,1.87
August 31 2019,Penobscot,ME,Passenger,0,1,1,14,15,6.67
October 31 2020,Alexandria,VA,Passenger,3,0,3,132,135,2.22
August 31 2022,Kittitas,WA,Truck,3,0,3,14616,14619,0.02
July 31 2019,Solano,CA,Passenger,1,0,1,218,219,0.46
November 30 2022,Kings,CA,Passenger,2,1,3,298,301,1.00
December 31 2023,Carroll,MD,Passenger,0,1,1,12,13,7.69
October 31 2018,Monroe,IL,Passenger,1,0,1,3,4,25.00
April 30 2023,Pierce,WA,Passenger,7130,2673,9803,532356,542159,1.81
September 30 2023,Wayne,MI,Passenger,0,1,1,39,40,2.50
February 28 2022,Sonoma,CA,Passenger,0,1,1,87,88,1.14
July 31 2020,Thurston,WA,Truck,0,0,0,55884,55884,0.00
September 30 2017,Canyon,ID,Passenger,0,1,1,95,96,1.04
February 28 2021,Suffolk,MA,Passenger,0,2,2,33,35,5.71
February 28 2019,Montgomery,PA,Passenger,2,0,2,37,39,5.13
February 28 2019,Denver,CO,Passenger,1,0,1,133,134,0.75
December 31 2021,Williamsburg,VA,Passenger,0,1,1,6,7,14.29
December 31 2019,Bucks,PA,Passenger,1,0,1,23,24,4.17
February 29 2024,Sarasota,FL,Passenger,1,0,1,21,22,4.55
November 30 2023,Santa Clara,CA,Passenger,12,2,14,154,168,8.33
July 31 2021,Hanover,VA,Passenger,1,0,1,1,2,50.00
July 31 2019,Riverside,CA,Passenger,3,2,5,662,667,0.75
July 31 2023,Chelan,WA,Truck,31,0,31,23179,23210,0.13
June 30 2018,Clallam,WA,Truck,0,0,0,21443,21443,0.00
November 30 2022,Prince George's,MD,Passenger,3,1,4,130,134,2.99
August 31 2017,Twin Falls,ID,Passenger,0,1,1,23,24,4.17
March 31 2021,Ray,MO,Passenger,0,1,1,1,2,50.00
January 31 2021,Clark,WA,Truck,0,0,0,83534,83534,0.00
January 31 2024,Whatcom,WA,Truck,88,0,88,42194,42282,0.21
March 31 2017,Klickitat,WA,Truck,0,0,0,7934,7934,0.00
July 31 2021,Suffolk,VA,Passenger,1,0,1,126,127,0.79
November 30 2020,Middlesex,MA,Passenger,1,0,1,95,96,1.04
August 31 2023,Washington,MD,Passenger,1,0,1,12,13,7.69
March 31 2019,Eagle,CO,Passenger,1,0,1,5,6,16.67
January 31 2018,Los Angeles,CA,Passenger,4,3,7,1221,1228,0.57
May 31 2020,Clackamas,OR,Passenger,2,0,2,201,203,0.99
April 30 2021,Oldham,KY,Passenger,0,1,1,4,5,20.00
August 31 2020,Mason,WA,Truck,0,0,0,20769,20769,0.00
October 31 2021,Ferry,WA,Truck,0,0,0,3594,3594,0.00
October 31 2022,Pulaski,MO,Passenger,2,0,2,108,110,1.82
April 30 2020,Larimer,CO,Passenger,1,0,1,51,52,1.92
November 30 2021,Marin,CA,Passenger,1,1,2,37,39,5.13
October 31 2022,Thurston,WA,Truck,30,0,30,54795,54825,0.05
October 31 2018,Adams,WA,Truck,0,0,0,5149,5149,0.00
February 28 2017,Benton,WA,Passenger,134,133,267,127631,127898,0.21
December 31 2023,Prince George's,MD,Passenger,3,1,4,108,112,3.57
September 30 2020,Douglas,CO,Passenger,0,1,1,83,84,1.19
December 31 2022,Cumberland,PA,Passenger,1,0,1,40,41,2.44
March 31 2023,Pierce,WA,Passenger,6827,2627,9454,533548,543002,1.74
June 30 2020,Yakima,WA,Passenger,132,119,251,165314,165565,0.15
April 30 2020,Penobscot,ME,Passenger,0,1,1,16,17,5.88
October 31 2020,Santa Cruz,CA,Passenger,1,0,1,35,36,2.78
January 31 2024,Sheridan,WY,Passenger,1,0,1,3,4,25.00
January 31 2021,Grant,WA,Truck,0,0,0,27585,27585,0.00
February 29 2020,Jefferson,WA,Passenger,230,139,369,25168,25537,1.44
October 31 2023,Los Angeles,CA,Passenger,6,4,10,588,598,1.67
November 30 2019,El Paso,TX,Passenger,3,0,3,462,465,0.65
October 31 2022,Harford,MD,Passenger,1,1,2,41,43,4.65
September 30 2021,Vigo,IN,Passenger,1,0,1,5,6,16.67
February 28 2022,Howard,IN,Passenger,0,1,1,6,7,14.29
January 31 2023,Snohomish,WA,Truck,112,0,112,122361,122473,0.09
February 28 2019,Spokane,WA,Truck,1,0,1,93868,93869,0.00
December 31 2020,Grays Harbor,WA,Passenger,127,122,249,48633,48882,0.51
December 31 2020,Douglas,CO,Passenger,0,1,1,85,86,1.16
March 31 2021,Snohomish,WA,Passenger,5382,1929,7311,538660,545971,1.34
August 31 2021,Whitman,WA,Passenger,63,52,115,21893,22008,0.52
January 31 2021,Placer,CA,Passenger,2,0,2,85,87,2.30
February 28 2021,Walla Walla,WA,Truck,0,0,0,13906,13906,0.00
April 30 2023,Klickitat,WA,Truck,8,0,8,8262,8270,0.10
December 31 2019,Montgomery,AL,Passenger,0,1,1,38,39,2.56
September 30 2023,Fairfax,VA,Passenger,6,3,9,554,563,1.60
August 31 2022,Hawaii,HI,Passenger,1,0,1,37,38,2.63
July 31 2023,Houston,GA,Passenger,1,0,1,30,31,3.23
June 30 2021,Prince George's,MD,Passenger,2,1,3,151,154,1.95
January 31 2021,San Juan,WA,Passenger,377,113,490,14015,14505,3.38
March 31 2021,District of Columbia,DC,Passenger,2,1,3,196,199,1.51
November 30 2017,Pacific,WA,Truck,0,0,0,7534,7534,0.00
August 31 2023,Randolph,NC,Passenger,1,0,1,3,4,25.00
December 31 2019,Los Angeles,CA,Passenger,6,10,16,1096,1112,1.44
January 31 2021,Kootenai,ID,Passenger,0,1,1,205,206,0.49
May 31 2022,Henrico,VA,Passenger,0,1,1,14,15,6.67
March 31 2024,Chesapeake,VA,Passenger,2,1,3,249,252,1.19
March 31 2020,Columbia,WA,Truck,0,0,0,1533,1533,0.00
August 31 2018,Los Angeles,CA,Passenger,5,4,9,1160,1169,0.77
July 31 2022,Moore,NC,Passenger,0,1,1,115,116,0.86
August 31 2017,Jefferson,NY,Passenger,1,0,1,244,245,0.41
July 31 2019,Monterey,CA,Passenger,0,1,1,193,194,0.52
January 31 2022,Bexar,TX,Passenger,2,4,6,520,526,1.14
July 31 2022,Hillsborough,FL,Passenger,1,2,3,131,134,2.24
October 31 2018,Prince William,VA,Passenger,0,5,5,258,263,1.90
September 30 2023,New York,NY,Passenger,1,0,1,33,34,2.94
April 30 2022,Burlington,NJ,Passenger,0,2,2,110,112,1.79
February 28 2021,Tulsa,OK,Passenger,1,1,2,47,49,4.08
February 29 2024,Berkeley,SC,Passenger,1,1,2,81,83,2.41
May 31 2022,Okanogan,WA,Passenger,81,51,132,26388,26520,0.50
August 31 2021,Riverside,CA,Passenger,5,1,6,555,561,1.07
June 30 2022,Montgomery,TX,Passenger,1,0,1,38,39,2.56
June 30 2020,Prince William,VA,Passenger,2,4,6,222,228,2.63
January 31 2023,Mercer,NJ,Passenger,0,1,1,15,16,6.25
August 31 2018,Pierce,WA,Passenger,1303,1224,2527,534705,537232,0.47
October 31 2023,Lincoln,WA,Passenger,21,24,45,7593,7638,0.59
May 31 2021,Allegheny,PA,Passenger,2,1,3,75,78,3.85
January 31 2023,Wayne,MI,Passenger,0,1,1,36,37,2.70
August 31 2018,Chelan,WA,Passenger,114,55,169,53721,53890,0.31
February 28 2019,Snohomish,WA,Truck,1,0,1,121859,121860,0.00
February 28 2023,Charles,MD,Passenger,1,1,2,56,58,3.45
January 31 2018,Montgomery,TX,Passenger,1,0,1,62,63,1.59
March 31 2020,Carroll,NH,Passenger,0,1,1,4,5,20.00
March 31 2020,,,Passenger,7,1,8,410,418,1.91
February 28 2021,Washtenaw,MI,Passenger,1,1,2,31,33,6.06
February 28 2021,Sumter,FL,Passenger,0,1,1,10,11,9.09
September 30 2021,Walla Walla,WA,Passenger,128,81,209,36421,36630,0.57
March 31 2022,Jefferson,WA,Passenger,407,207,614,24679,25293,2.43
November 30 2022,Bexar,TX,Passenger,4,3,7,438,445,1.57
June 30 2017,Prince William,VA,Passenger,0,4,4,272,276,1.45
February 29 2020,Whitman,WA,Truck,0,0,0,8554,8554,0.00
February 28 2018,Columbia,WA,Truck,0,0,0,1535,1535,0.00
December 31 2020,Bradley,TN,Passenger,1,0,1,0,1,100.00
June 30 2018,Chelan,WA,Passenger,110,53,163,53553,53716,0.30
November 30 2019,Frederick,MD,Passenger,1,1,2,81,83,2.41
January 31 2021,Whatcom,WA,Truck,3,0,3,43593,43596,0.01
November 30 2020,Houston,GA,Passenger,1,0,1,53,54,1.85
March 31 2024,Cowlitz,WA,Truck,15,0,15,27335,27350,0.05
May 31 2019,King,WA,Passenger,18614,6948,25562,1386800,1412362,1.81
May 31 2023,Orange,CA,Passenger,8,3,11,336,347,3.17
December 31 2022,Bexar,TX,Passenger,4,3,7,434,441,1.59
May 31 2018,Pierce,WA,Passenger,1185,1125,2310,530338,532648,0.43
September 30 2021,Spokane,WA,Passenger,1187,703,1890,325906,327796,0.58
July 31 2023,Mason,WA,Truck,12,0,12,20620,20632,0.06
May 31 2017,Los Angeles,CA,Passenger,2,1,3,1345,1348,0.22
July 31 2020,Collin,TX,Passenger,2,1,3,135,138,2.17
March 31 2022,Loudoun,VA,Passenger,1,1,2,69,71,2.82
July 31 2019,St. Clair,IL,Passenger,0,1,1,161,162,0.62
January 31 2023,Lake,IL,Passenger,1,0,1,128,129,0.78
December 31 2023,Orange,FL,Passenger,1,0,1,46,47,2.13
September 30 2018,Camden,NJ,Passenger,0,1,1,27,28,3.57
March 31 2021,Island,WA,Passenger,556,299,855,62896,63751,1.34
September 30 2020,Klickitat,WA,Passenger,58,42,100,15017,15117,0.66
November 30 2019,Grays Harbor,WA,Truck,0,0,0,20746,20746,0.00
March 31 2021,St. Louis,MO,Passenger,1,0,1,97,98,1.02
November 30 2021,Broward,FL,Passenger,2,0,2,103,105,1.90
November 30 2023,Kittitas,WA,Passenger,450,116,566,29333,29899,1.89
September 30 2022,Lake,IN,Passenger,0,1,1,10,11,9.09
October 31 2020,Skamania,WA,Truck,0,0,0,3992,3992,0.00
November 30 2023,Lewis,WA,Truck,10,0,10,25682,25692,0.04
November 30 2021,Asotin,WA,Truck,0,0,0,6754,6754,0.00
July 31 2021,Goochland,VA,Passenger,4,2,6,238,244,2.46
June 30 2022,Sarasota,FL,Passenger,2,0,2,34,36,5.56
May 31 2023,Arapahoe,CO,Passenger,1,1,2,83,85,2.35
June 30 2018,Snohomish,WA,Passenger,2350,1261,3611,521413,525024,0.69
October 31 2022,Klickitat,WA,Passenger,113,51,164,15073,15237,1.08
February 28 2022,Pend Oreille,WA,Passenger,17,9,26,9065,9091,0.29
February 29 2024,Clark,WA,Truck,167,0,167,79851,80018,0.21
February 28 2017,Jefferson,WA,Truck,0,0,0,9469,9469,0.00
February 28 2021,Calvert,MD,Passenger,0,2,2,86,88,2.27
September 30 2022,Suffolk,VA,Passenger,1,0,1,120,121,0.83
December 31 2020,San Mateo,CA,Passenger,1,1,2,117,119,1.68
April 30 2023,Orange,FL,Passenger,1,0,1,66,67,1.49
December 31 2019,Allegheny,PA,Passenger,2,0,2,83,85,2.35
September 30 2023,Loudoun,VA,Passenger,2,1,3,57,60,5.00
June 30 2021,Asotin,WA,Truck,0,0,0,6786,6786,0.00
January 31 2021,Riverside,CA,Passenger,4,1,5,599,604,0.83
January 31 2021,Wichita,TX,Passenger,1,0,1,46,47,2.13
November 30 2020,Harris,TX,Passenger,1,0,1,251,252,0.40
June 30 2017,Orange,CA,Passenger,3,1,4,637,641,0.62
December 31 2022,Fulton,GA,Passenger,1,1,2,69,71,2.82
January 31 2017,Skagit,WA,Truck,1,0,1,31399,31400,0.00
October 31 2017,Thurston,WA,Truck,0,0,0,53572,53572,0.00
December 31 2019,Montgomery,TX,Passenger,1,0,1,59,60,1.67
October 31 2020,Montgomery,PA,Passenger,1,0,1,27,28,3.57
January 31 2023,Harnett,NC,Passenger,2,0,2,151,153,1.31
October 31 2020,Randolph,NC,Passenger,1,0,1,8,9,11.11
April 30 2024,Grant,WA,Passenger,406,177,583,65585,66168,0.88
February 28 2023,Norfolk,VA,Passenger,2,3,5,293,298,1.68
February 28 2022,Currituck,NC,Passenger,1,0,1,23,24,4.17
February 28 2019,Lee,AL,Passenger,1,0,1,36,37,2.70
September 30 2021,Montgomery,TX,Passenger,1,1,2,43,45,4.44
October 31 2020,Manassas,VA,Passenger,0,1,1,5,6,16.67
February 28 2018,Sangamon,IL,Passenger,1,0,1,11,12,8.33
August 31 2017,Grant,WA,Passenger,19,32,51,61189,61240,0.08
March 31 2022,Whatcom,WA,Passenger,1736,695,2431,149086,151517,1.60
February 28 2018,Okanogan,WA,Passenger,7,19,26,25652,25678,0.10
May 31 2021,Grant,WA,Truck,0,0,0,27861,27861,0.00
November 30 2022,Kittitas,WA,Truck,5,0,5,14574,14579,0.03
February 28 2021,Middlesex,MA,Passenger,1,0,1,101,102,0.98
February 29 2020,Fresno,CA,Passenger,1,0,1,204,205,0.49
January 31 2019,Allegheny,PA,Passenger,1,0,1,91,92,1.09
April 30 2017,Garfield,WA,Truck,0,0,0,937,937,0.00
November 30 2020,Twin Falls,ID,Passenger,0,1,1,26,27,3.70
November 30 2022,Fulton,GA,Passenger,1,1,2,72,74,2.70
April 30 2017,Manatee,FL,Passenger,1,0,1,48,49,2.04
October 31 2023,Bartow,GA,Passenger,0,1,1,4,5,20.00
January 31 2024,Douglas,WA,Passenger,259,86,345,28813,29158,1.18
January 31 2023,El Paso,TX,Passenger,3,0,3,319,322,0.93
August 31 2020,Santa Cruz,CA,Passenger,1,0,1,36,37,2.70
August 31 2020,San Diego,CA,Passenger,16,3,19,2744,2763,0.69
January 31 2020,Wahkiakum,WA,Passenger,4,5,9,3035,3044,0.30
December 31 2019,Prince George's,MD,Passenger,1,1,2,176,178,1.12
July 31 2019,Columbia,WA,Truck,0,0,0,1529,1529,0.00
May 31 2022,Washoe,NV,Passenger,1,0,1,75,76,1.32
September 30 2018,Klickitat,WA,Passenger,24,32,56,15359,15415,0.36
July 31 2023,Yakima,WA,Truck,13,0,13,61063,61076,0.02
October 31 2017,Pima,AZ,Passenger,1,1,2,434,436,0.46
June 30 2022,Cumberland,NC,Passenger,1,4,5,378,383,1.31
June 30 2023,Parker,TX,Passenger,0,1,1,15,16,6.25
April 30 2023,Arlington,VA,Passenger,1,0,1,112,113,0.88
April 30 2023,Benton,WA,Passenger,1088,549,1637,135514,137151,1.19
March 31 2017,Cowlitz,WA,Passenger,51,48,99,69291,69390,0.14
June 30 2021,Lincoln,WA,Passenger,5,13,18,7736,7754,0.23
March 31 2021,Pend Oreille,WA,Passenger,12,6,18,9275,9293,0.19
January 31 2017,Grays Harbor,WA,Truck,0,0,0,19860,19860,0.00
August 31 2017,Volusia,FL,Passenger,0,1,1,48,49,2.04
July 31 2018,Dale,AL,Passenger,0,1,1,56,57,1.75
March 31 2023,Charles,MD,Passenger,1,1,2,56,58,3.45
December 31 2023,Lewis,WA,Passenger,402,307,709,59363,60072,1.18
August 31 2018,Twin Falls,ID,Passenger,0,1,1,24,25,4.00
March 31 2018,Pima,AZ,Passenger,1,1,2,436,438,0.46
November 30 2021,Loudoun,VA,Passenger,1,0,1,68,69,1.45
February 28 2017,Dale,AL,Passenger,0,1,1,64,65,1.54
May 31 2021,Lee,FL,Passenger,1,0,1,40,41,2.44
November 30 2020,Plaquemines,LA,Passenger,0,1,1,14,15,6.67
June 30 2019,San Diego,CA,Passenger,11,2,13,2687,2700,0.48
November 30 2019,Tarrant,TX,Passenger,3,0,3,197,200,1.50
February 28 2019,Charles,MD,Passenger,0,1,1,81,82,1.22
June 30 2020,Dallas,IA,Passenger,0,1,1,10,11,9.09
August 31 2019,Greene,MO,Passenger,0,1,1,35,36,2.78
February 28 2023,Arapahoe,CO,Passenger,1,1,2,85,87,2.30
February 28 2022,Cowlitz,WA,Passenger,280,168,448,71214,71662,0.63
September 30 2019,Loudoun,VA,Passenger,1,0,1,96,97,1.03
December 31 2022,Bell,TX,Passenger,1,0,1,301,302,0.33
October 31 2020,Hamilton,IN,Passenger,2,0,2,40,42,4.76
May 31 2022,Montgomery,PA,Passenger,2,0,2,24,26,7.69
April 30 2021,Orange,NC,Passenger,0,1,1,12,13,7.69
November 30 2019,Whitman,WA,Passenger,41,46,87,22690,22777,0.38
April 30 2023,Prince George's,MD,Passenger,2,1,3,122,125,2.40
April 30 2023,Pulaski,AR,Passenger,3,0,3,24,27,11.11
October 31 2019,Adams,WA,Passenger,6,6,12,12906,12918,0.09
October 31 2019,Travis,TX,Passenger,4,1,5,216,221,2.26
June 30 2022,Bell,TX,Passenger,1,0,1,326,327,0.31
April 30 2020,Ramsey,MN,Passenger,1,0,1,41,42,2.38
July 31 2017,Pend Oreille,WA,Truck,0,0,0,5583,5583,0.00
December 31 2020,Carson City,NV,Passenger,1,0,1,12,13,7.69
March 31 2021,Shelby,OH,Passenger,0,1,1,2,3,33.33
January 31 2022,Marion,IA,Passenger,1,0,1,0,1,100.00
May 31 2017,Adams,WA,Passenger,2,3,5,12195,12200,0.04
March 31 2023,Kittitas,WA,Passenger,326,94,420,29468,29888,1.41
May 31 2017,San Diego,CA,Passenger,5,1,6,2745,2751,0.22
November 30 2021,Saginaw,MI,Passenger,1,0,1,8,9,11.11
July 31 2019,Kittitas,WA,Passenger,79,41,120,29683,29803,0.40
February 28 2017,Douglas,WA,Passenger,30,19,49,26546,26595,0.18
May 31 2018,Montgomery,PA,Passenger,2,0,2,36,38,5.26
November 30 2023,Champaign,IL,Passenger,1,0,1,12,13,7.69
May 31 2021,Columbia,OR,Passenger,1,0,1,19,20,5.00
February 28 2022,Essex,NJ,Passenger,2,0,2,14,16,12.50
September 30 2021,Mercer,NJ,Passenger,0,1,1,13,14,7.14
January 31 2019,San Juan,WA,Passenger,190,68,258,14247,14505,1.78
December 31 2020,Utah,UT,Passenger,0,1,1,133,134,0.75
August 31 2017,Pend Oreille,WA,Passenger,3,4,7,9360,9367,0.07
July 31 2019,Fresno,CA,Passenger,1,0,1,202,203,0.49
June 30 2020,Kittitas,WA,Truck,0,0,0,14593,14593,0.00
October 31 2021,Portsmouth,VA,Passenger,0,1,1,80,81,1.23
October 31 2018,Portsmouth,VA,Passenger,0,1,1,77,78,1.28
December 31 2017,San Juan,WA,Truck,0,0,0,5602,5602,0.00
January 31 2024,Bexar,TX,Passenger,1,3,4,339,343,1.17
September 30 2019,Wahkiakum,WA,Truck,0,0,0,1759,1759,0.00
July 31 2023,Beaufort,SC,Passenger,1,0,1,30,31,3.23
January 31 2023,Napa,CA,Passenger,0,1,1,12,13,7.69
June 30 2023,Virginia Beach,VA,Truck,1,0,1,106,107,0.93
October 31 2023,Marion,IA,Passenger,1,0,1,0,1,100.00
November 30 2023,Stevens,WA,Truck,2,0,2,18626,18628,0.01
March 31 2022,Walla Walla,WA,Truck,0,0,0,14029,14029,0.00
July 31 2020,Grays Harbor,WA,Passenger,109,112,221,48272,48493,0.46
September 30 2023,Stevens,WA,Passenger,126,70,196,29549,29745,0.66
February 28 2018,Asotin,WA,Passenger,8,5,13,12583,12596,0.10
April 30 2023,Fairbanks North Star,AK,Passenger,0,1,1,57,58,1.72
June 30 2017,Grays Harbor,WA,Passenger,35,31,66,44774,44840,0.15
November 30 2022,Clallam,WA,Passenger,471,261,732,49388,50120,1.46
September 30 2021,Monterey,CA,Passenger,0,3,3,158,161,1.86
July 31 2021,Anchorage,AK,Passenger,1,0,1,141,142,0.70
June 30 2018,San Juan,WA,Truck,0,0,0,5711,5711,0.00
December 31 2022,New York,NY,Passenger,1,0,1,35,36,2.78
December 31 2017,Essex,NJ,Passenger,1,0,1,12,13,7.69
August 31 2017,Franklin,WA,Truck,0,0,0,18229,18229,0.00
September 30 2022,Skagit,WA,Truck,6,0,6,32188,32194,0.02
November 30 2023,Kitsap,WA,Truck,97,0,97,51843,51940,0.19
August 31 2018,Stevens,WA,Truck,0,0,0,18669,18669,0.00
April 30 2017,San Juan,WA,Truck,0,0,0,5550,5550,0.00
October 31 2017,Franklin,WA,Passenger,31,49,80,56504,56584,0.14
September 30 2020,Garfield,WA,Passenger,0,1,1,1348,1349,0.07
January 31 2022,Fairbanks North Star,AK,Passenger,0,1,1,82,83,1.20
October 31 2021,Carson City,NV,Passenger,1,0,1,11,12,8.33
February 29 2020,Skagit,WA,Passenger,379,215,594,92447,93041,0.64
July 31 2017,Franklin,WA,Passenger,26,47,73,55730,55803,0.13
August 31 2020,Fairfax,VA,Passenger,5,3,8,757,765,1.05
April 30 2023,Denton,TX,Passenger,2,0,2,49,51,3.92
August 31 2022,Juneau,AK,Passenger,0,1,1,30,31,3.23
July 31 2021,Ferry,WA,Truck,0,0,0,3648,3648,0.00
November 30 2021,Multnomah,OR,Passenger,2,6,8,650,658,1.22
February 28 2023,Burlington,NJ,Passenger,2,2,4,96,100,4.00
February 28 2019,Williamson,TX,Passenger,0,1,1,158,159,0.63
September 30 2022,Wood,OH,Passenger,0,1,1,5,6,16.67
July 31 2018,Columbia,WA,Passenger,2,2,4,2419,2423,0.17
March 31 2017,Arlington,VA,Passenger,1,1,2,171,173,1.16
July 31 2020,Portsmouth,VA,Passenger,0,1,1,71,72,1.39
August 31 2023,Norfolk,VA,Passenger,1,2,3,275,278,1.08
April 30 2019,Douglas,NE,Passenger,0,1,1,64,65,1.54
September 30 2020,Kings,NY,Passenger,1,0,1,67,68,1.47
September 30 2022,Mercer,NJ,Passenger,0,1,1,14,15,6.67
January 31 2024,Kittitas,WA,Passenger,484,118,602,29268,29870,2.02
June 30 2017,Chelan,WA,Passenger,67,37,104,52049,52153,0.20
May 31 2020,Clark,NV,Passenger,4,2,6,697,703,0.85
June 30 2019,Montgomery,MD,Passenger,1,0,1,279,280,0.36
December 31 2022,Franklin,WA,Passenger,252,120,372,61689,62061,0.60
January 31 2023,Montgomery,MD,Passenger,4,3,7,189,196,3.57
June 30 2019,Montgomery,AL,Passenger,0,1,1,43,44,2.27
July 31 2021,Arlington,VA,Passenger,0,1,1,142,143,0.70
November 30 2018,Charles,MD,Passenger,0,1,1,82,83,1.20
April 30 2021,Albemarle,VA,Passenger,1,0,1,23,24,4.17
July 31 2019,Moore,NC,Passenger,0,1,1,184,185,0.54
June 30 2018,Contra Costa,CA,Passenger,0,1,1,446,447,0.22
October 31 2019,Washoe,NV,Passenger,2,0,2,115,117,1.71
November 30 2023,Ray,MO,Passenger,0,1,1,0,1,100.00
February 28 2018,Whitman,WA,Passenger,18,21,39,22526,22565,0.17
March 31 2022,Palm Beach,FL,Passenger,0,1,1,57,58,1.72
September 30 2021,Montgomery,MD,Passenger,3,2,5,213,218,2.29
June 30 2022,El Paso,CO,Passenger,3,2,5,636,641,0.78
February 28 2023,Columbia,WA,Passenger,8,1,9,2418,2427,0.37
March 31 2023,Contra Costa,CA,Passenger,0,3,3,194,197,1.52
January 31 2022,Philadelphia,PA,Passenger,1,0,1,43,44,2.27
November 30 2018,Suffolk,MA,Passenger,0,1,1,44,45,2.22
September 30 2021,New Haven,CT,Passenger,0,2,2,33,35,5.71
October 31 2020,Klickitat,WA,Passenger,59,44,103,14997,15100,0.68
April 30 2017,Whatcom,WA,Passenger,442,159,601,142433,143034,0.42
January 31 2019,Skagit,WA,Passenger,270,186,456,91355,91811,0.50
May 31 2019,Lincoln,WA,Passenger,3,8,11,7772,7783,0.14
February 29 2020,Cowlitz,WA,Truck,0,0,0,28989,28989,0.00
June 30 2019,Goochland,VA,Passenger,1,1,2,262,264,0.76
October 31 2022,Marion,OR,Passenger,1,0,1,85,86,1.16
October 31 2022,Marin,CA,Passenger,1,1,2,30,32,6.25
February 28 2017,Skagit,WA,Passenger,113,86,199,87259,87458,0.23
October 31 2020,Jefferson,WA,Truck,0,0,0,9572,9572,0.00
April 30 2022,Rockingham,NH,Passenger,1,0,1,18,19,5.26
May 31 2023,DeKalb,GA,Passenger,2,0,2,43,45,4.44
March 31 2019,Hardin,KY,Passenger,0,1,1,98,99,1.01
March 31 2019,Twin Falls,ID,Passenger,0,1,1,22,23,4.35
June 30 2020,Saginaw,MI,Passenger,1,0,1,12,13,7.69
May 31 2022,Moore,NC,Passenger,0,1,1,117,118,0.85
February 29 2024,San Bernardino,CA,Passenger,2,1,3,251,254,1.18
June 30 2020,Allegheny,PA,Passenger,2,0,2,81,83,2.41
March 31 2022,Lane,OR,Passenger,0,2,2,112,114,1.75
February 29 2024,Kitsap,WA,Truck,121,0,121,51168,51289,0.24
September 30 2023,Harris,TX,Passenger,2,1,3,131,134,2.24
September 30 2021,El Paso,CO,Passenger,3,0,3,682,685,0.44
June 30 2022,Whitman,WA,Truck,1,0,1,8565,8566,0.01
March 31 2023,Lake,IN,Passenger,0,1,1,10,11,9.09
October 31 2019,Polk,FL,Passenger,1,0,1,74,75,1.33
June 30 2023,Pulaski,AR,Passenger,3,0,3,19,22,13.64
December 31 2023,Skagit,WA,Passenger,1337,480,1817,88526,90343,2.01
June 30 2017,Hamilton,IN,Passenger,1,0,1,58,59,1.69
September 30 2017,Sangamon,IL,Passenger,1,0,1,11,12,8.33
August 31 2018,Virginia Beach,VA,Passenger,2,1,3,692,695,0.43
July 31 2020,Fort Bend,TX,Passenger,1,0,1,44,45,2.22
April 30 2023,Okaloosa,FL,Passenger,0,1,1,97,98,1.02
April 30 2023,Lane,OR,Passenger,0,2,2,82,84,2.38
July 31 2019,Sangamon,IL,Passenger,1,0,1,6,7,14.29
March 31 2020,Lewis,WA,Truck,0,0,0,26031,26031,0.00
October 31 2022,Chelan,WA,Truck,8,0,8,23062,23070,0.03
November 30 2022,Lee,FL,Passenger,1,0,1,33,34,2.94
December 31 2018,Bergen,NJ,Passenger,1,0,1,28,29,3.45
May 31 2017,Grays Harbor,WA,Truck,0,0,0,19895,19895,0.00
September 30 2022,Leavenworth,KS,Passenger,0,1,1,94,95,1.05
June 30 2022,Duval,FL,Passenger,1,2,3,292,295,1.02
December 31 2023,New London,CT,Passenger,2,2,4,153,157,2.55
November 30 2017,Lumpkin,GA,Passenger,1,0,1,9,10,10.00
April 30 2022,Asotin,WA,Passenger,24,19,43,12685,12728,0.34
November 30 2017,Virginia Beach,VA,Passenger,2,1,3,657,660,0.45
December 31 2020,Dallas,TX,Passenger,1,0,1,183,184,0.54
November 30 2023,Kent,DE,Passenger,1,0,1,37,38,2.63
March 31 2024,Muscogee,GA,Passenger,0,1,1,77,78,1.28
April 30 2021,Prince William,VA,Passenger,1,2,3,220,223,1.35
January 31 2024,Walla Walla,WA,Passenger,272,140,412,35220,35632,1.16
April 30 2020,San Diego,CA,Passenger,14,4,18,2759,2777,0.65
April 30 2017,Dallas,TX,Passenger,0,1,1,199,200,0.50
September 30 2017,Lee,AL,Passenger,1,0,1,34,35,2.86
February 28 2019,Nantucket,MA,Passenger,1,0,1,4,5,20.00
May 31 2023,Palm Beach,FL,Passenger,1,1,2,53,55,3.64
October 31 2018,Carroll,NH,Passenger,0,1,1,1,2,50.00
January 31 2022,King,WA,Passenger,36334,10399,46733,1355150,1401883,3.33
December 31 2018,Pacific,WA,Passenger,21,25,46,15824,15870,0.29
July 31 2020,Sacramento,CA,Passenger,1,1,2,281,283,0.71
August 31 2020,Collin,TX,Passenger,2,1,3,136,139,2.16
October 31 2021,Escambia,FL,Passenger,0,1,1,146,147,0.68
May 31 2022,Norfolk,MA,Passenger,1,0,1,24,25,4.00
November 30 2017,Skagit,WA,Passenger,159,131,290,89316,89606,0.32
February 29 2024,Jefferson,WA,Passenger,676,281,957,23894,24851,3.85
December 31 2018,Riverside,CA,Passenger,2,2,4,686,690,0.58
January 31 2020,Solano,CA,Passenger,1,0,1,211,212,0.47
April 30 2022,Greene,MO,Passenger,0,1,1,30,31,3.23
February 29 2024,Garfield,WA,Truck,0,0,0,977,977,0.00
January 31 2017,Prince William,VA,Passenger,0,4,4,283,287,1.39
August 31 2023,Virginia Beach,VA,Passenger,4,2,6,430,436,1.38
August 31 2023,San Bernardino,CA,Passenger,3,1,4,292,296,1.35
January 31 2019,Bexar,TX,Passenger,2,4,6,716,722,0.83
November 30 2021,Harnett,NC,Passenger,1,1,2,168,170,1.18
October 31 2017,Morris,NJ,Passenger,1,0,1,22,23,4.35
October 31 2017,Clay,FL,Passenger,0,1,1,113,114,0.88
August 31 2022,Alexandria,VA,Passenger,4,0,4,104,108,3.70
February 28 2022,Klamath,OR,Passenger,1,0,1,30,31,3.23
January 31 2018,Marin,CA,Passenger,1,0,1,55,56,1.79
May 31 2017,Grays Harbor,WA,Passenger,31,30,61,44510,44571,0.14
December 31 2022,Garfield,WA,Passenger,1,3,4,1303,1307,0.31
October 31 2022,York,VA,Passenger,1,0,1,82,83,1.20
June 30 2018,Santa Clara,CA,Passenger,7,0,7,386,393,1.78
October 31 2021,Montgomery,PA,Passenger,2,0,2,24,26,7.69
April 30 2020,Manassas,VA,Passenger,0,1,1,5,6,16.67
November 30 2021,Burlington,NJ,Passenger,0,1,1,119,120,0.83
March 31 2024,Harnett,NC,Passenger,4,0,4,121,125,3.20
August 31 2022,Berkeley,SC,Passenger,0,1,1,119,120,0.83
February 29 2024,Denton,TX,Passenger,1,0,1,28,29,3.45
May 31 2021,Skagit,WA,Passenger,577,265,842,91904,92746,0.91
July 31 2023,El Paso,TX,Passenger,3,0,3,281,284,1.06
June 30 2020,Portsmouth,VA,Passenger,0,1,1,72,73,1.37
January 31 2024,York,VA,Passenger,1,0,1,61,62,1.61
February 28 2019,Jefferson,CO,Passenger,0,2,2,58,60,3.33
November 30 2023,Collier,FL,Passenger,1,0,1,14,15,6.67
September 30 2019,Bexar,TX,Passenger,0,5,5,669,674,0.74
July 31 2020,Guadalupe,TX,Passenger,1,0,1,65,66,1.52
April 30 2024,Pacific,WA,Truck,10,0,10,7616,7626,0.13
January 31 2020,Manassas,VA,Passenger,0,1,1,6,7,14.29
March 31 2023,Meade,KY,Passenger,1,0,1,20,21,4.76
August 31 2022,Rockdale,GA,Passenger,1,0,1,6,7,14.29
September 30 2021,St. Louis,MO,Passenger,1,0,1,85,86,1.16
January 31 2019,Lee,FL,Passenger,1,0,1,52,53,1.89
February 29 2024,Alameda,CA,Passenger,3,2,5,138,143,3.50
February 28 2021,Missoula,MT,Passenger,1,0,1,70,71,1.41
December 31 2022,Lake,IN,Passenger,0,1,1,11,12,8.33
May 31 2020,Grays Harbor,WA,Passenger,106,111,217,48003,48220,0.45
September 30 2022,Pacific,WA,Truck,0,0,0,7858,7858,0.00
December 31 2020,Columbia,WA,Passenger,5,3,8,2440,2448,0.33
September 30 2021,El Paso,TX,Passenger,3,0,3,383,386,0.78
July 31 2022,Lake,FL,Passenger,1,0,1,18,19,5.26
May 31 2017,Jefferson,WA,Truck,0,0,0,9438,9438,0.00
January 31 2017,Moore,NC,Passenger,0,1,1,209,210,0.48
July 31 2020,Washoe,NV,Passenger,1,0,1,107,108,0.93
January 31 2023,Washoe,NV,Passenger,1,0,1,58,59,1.69
May 31 2023,Otero,NM,Passenger,0,1,1,28,29,3.45
May 31 2019,Bergen,NJ,Passenger,1,0,1,28,29,3.45
April 30 2019,Douglas,WA,Passenger,55,34,89,27969,28058,0.32
September 30 2021,Pacific,WA,Truck,0,0,0,7994,7994,0.00
January 31 2020,Santa Clara,CA,Passenger,8,2,10,360,370,2.70
November 30 2019,Suffolk,MA,Passenger,0,1,1,37,38,2.63
February 28 2017,Orleans,LA,Passenger,0,1,1,51,52,1.92
June 30 2022,Clinton,PA,Passenger,1,0,1,1,2,50.00
August 31 2017,Chelan,WA,Passenger,72,36,108,52314,52422,0.21
April 30 2023,King,WA,Passenger,53829,13752,67581,1320773,1388354,4.87
May 31 2021,Arapahoe,CO,Passenger,1,0,1,126,127,0.79
June 30 2022,Kitsap,WA,Passenger,2390,1053,3443,178271,181714,1.89
January 31 2023,Spokane,WA,Truck,21,0,21,101750,101771,0.02
January 31 2024,Albemarle,VA,Passenger,2,0,2,15,17,11.76
February 29 2024,Fredericksburg,VA,Passenger,1,0,1,5,6,16.67
February 28 2023,Hillsborough,FL,Passenger,1,2,3,120,123,2.44
August 31 2018,Cumberland,NC,Passenger,0,1,1,546,547,0.18
November 30 2017,Northampton,PA,Passenger,0,1,1,66,67,1.49
February 28 2023,Onslow,NC,Passenger,0,1,1,153,154,0.65
October 31 2018,Columbia,WA,Truck,0,0,0,1518,1518,0.00
August 31 2020,Frederick,MD,Passenger,1,1,2,73,75,2.67
September 30 2017,Kent,MI,Passenger,0,1,1,36,37,2.70
March 31 2020,Kitsap,WA,Passenger,1297,674,1971,181717,183688,1.07
May 31 2021,Walla Walla,WA,Passenger,110,72,182,36539,36721,0.50
February 28 2019,Skamania,WA,Passenger,20,15,35,8709,8744,0.40
July 31 2021,Maricopa,AZ,Passenger,6,6,12,1264,1276,0.94
March 31 2021,Bexar,TX,Passenger,3,5,8,581,589,1.36
August 31 2020,Lane,OR,Passenger,0,1,1,142,143,0.70
March 31 2023,Kitsap,WA,Passenger,2961,1198,4159,176189,180348,2.31
November 30 2020,Monterey,CA,Passenger,0,2,2,163,165,1.21
November 30 2020,Fairbanks North Star,AK,Passenger,0,1,1,96,97,1.03
April 30 2019,Maui,HI,Passenger,2,0,2,50,52,3.85
October 31 2020,Franklin,WA,Passenger,73,77,150,61080,61230,0.24
April 30 2021,Fairbanks North Star,AK,Passenger,0,1,1,89,90,1.11
September 30 2022,Riverside,CA,Passenger,7,0,7,473,480,1.46
October 31 2019,El Paso,TX,Passenger,3,0,3,464,467,0.64
April 30 2024,Monterey,CA,Truck,1,0,1,27,28,3.57
September 30 2023,Anchorage,AK,Passenger,1,0,1,90,91,1.10
November 30 2017,Grays Harbor,WA,Passenger,42,41,83,45575,45658,0.18
January 31 2023,Yakima,WA,Passenger,434,228,662,166326,166988,0.40
July 31 2017,Fulton,GA,Passenger,1,0,1,115,116,0.86
May 31 2023,Jefferson,WA,Truck,12,0,12,9308,9320,0.13
March 31 2019,Stevens,WA,Truck,0,0,0,18702,18702,0.00
August 31 2018,Mason,WA,Truck,0,0,0,20077,20077,0.00
July 31 2023,Wichita,TX,Passenger,2,0,2,36,38,5.26
July 31 2021,Lake,FL,Passenger,1,0,1,24,25,4.00
April 30 2022,Meade,KY,Passenger,1,0,1,25,26,3.85
January 31 2019,Kittitas,WA,Truck,0,0,0,14242,14242,0.00
July 31 2020,Santa Clara,CA,Passenger,9,2,11,302,313,3.51
September 30 2017,Pend Oreille,WA,Truck,0,0,0,5554,5554,0.00
October 31 2020,Cowlitz,WA,Truck,0,0,0,28889,28889,0.00
March 31 2019,Gwinnett,GA,Passenger,0,1,1,79,80,1.25
August 31 2020,Hawaii,HI,Passenger,1,0,1,58,59,1.69
January 31 2020,Berkshire,MA,Passenger,0,1,1,5,6,16.67
March 31 2023,Sarasota,FL,Passenger,1,0,1,27,28,3.57
February 28 2023,Williamsburg,VA,Passenger,0,1,1,7,8,12.50
July 31 2022,Lewis,WA,Passenger,244,179,423,59619,60042,0.70
September 30 2019,Pend Oreille,WA,Passenger,6,6,12,9469,9481,0.13
December 31 2020,Clark,WA,Truck,0,0,0,83469,83469,0.00
December 31 2018,Mason,WA,Truck,0,0,0,20183,20183,0.00
March 31 2020,Middlesex,MA,Passenger,1,0,1,104,105,0.95
November 30 2021,Charleston,SC,Passenger,2,1,3,84,87,3.45
March 31 2019,Palm Beach,FL,Passenger,0,2,2,94,96,2.08
October 31 2019,Collin,TX,Passenger,2,1,3,145,148,2.03
December 31 2021,Providence,RI,Passenger,1,0,1,21,22,4.55
November 30 2022,Las Animas,CO,Passenger,1,0,1,1,2,50.00
February 28 2018,Northampton,PA,Passenger,0,1,1,61,62,1.61
March 31 2018,Ferry,WA,Truck,0,0,0,3505,3505,0.00
December 31 2017,Columbia,WA,Truck,0,0,0,1541,1541,0.00
December 31 2022,Anne Arundel,MD,Passenger,3,3,6,314,320,1.88
May 31 2019,San Diego,CA,Passenger,11,2,13,2671,2684,0.48
June 30 2021,Moore,NC,Passenger,0,1,1,133,134,0.75
June 30 2021,Pend Oreille,WA,Truck,0,0,0,5745,5745,0.00
January 31 2023,Newport News,VA,Passenger,1,0,1,105,106,0.94
April 30 2017,Hidalgo,TX,Passenger,0,1,1,100,101,0.99
September 30 2021,Harnett,NC,Passenger,1,1,2,172,174,1.15
February 28 2018,Essex,NJ,Passenger,1,0,1,12,13,7.69
October 31 2022,Clark,WA,Truck,31,0,31,82067,82098,0.04
March 31 2019,Chelan,WA,Passenger,144,67,211,54156,54367,0.39
July 31 2020,Chesapeake,VA,Passenger,0,1,1,428,429,0.23
November 30 2019,Sumter,FL,Passenger,0,1,1,9,10,10.00
April 30 2021,Asotin,WA,Passenger,19,14,33,12649,12682,0.26
July 31 2020,Howard,MD,Passenger,0,1,1,77,78,1.28
January 31 2024,Atlantic,NJ,Passenger,1,0,1,11,12,8.33
February 28 2021,Hamilton,IN,Passenger,2,0,2,38,40,5.00
February 28 2023,Virginia Beach,VA,Truck,1,0,1,111,112,0.89
August 31 2019,Skagit,WA,Truck,1,0,1,32547,32548,0.00
April 30 2023,King,WA,Truck,635,2,637,176110,176747,0.36
November 30 2022,Stevens,WA,Truck,2,0,2,18831,18833,0.01
April 30 2019,Prince William,VA,Passenger,1,5,6,258,264,2.27
March 31 2019,Brevard,FL,Passenger,0,1,1,89,90,1.11
March 31 2021,Kootenai,ID,Passenger,0,1,1,204,205,0.49
October 31 2018,Lumpkin,GA,Passenger,1,0,1,7,8,12.50
February 28 2019,District of Columbia,DC,Passenger,1,1,2,203,205,0.98
November 30 2022,Wayne,MI,Passenger,0,1,1,37,38,2.63
September 30 2020,Harnett,NC,Passenger,1,0,1,200,201,0.50
November 30 2022,Travis,TX,Passenger,3,1,4,102,106,3.77
March 31 2022,Norfolk,VA,Passenger,2,3,5,312,317,1.58
January 31 2024,King,WA,Truck,1112,2,1114,171206,172320,0.65
March 31 2020,Washoe,NV,Passenger,1,0,1,116,117,0.85
June 30 2022,Hillsborough,FL,Passenger,1,2,3,134,137,2.19
December 31 2021,DeKalb,GA,Passenger,1,0,1,62,63,1.59
September 30 2023,Washtenaw,MI,Passenger,0,2,2,18,20,10.00
February 28 2018,Yakima,WA,Passenger,61,79,140,162310,162450,0.09
August 31 2019,Adams,WA,Passenger,5,5,10,12837,12847,0.08
February 28 2018,Fulton,GA,Passenger,1,0,1,109,110,0.91
June 30 2021,Skamania,WA,Truck,0,0,0,4025,4025,0.00
October 31 2022,Sedgwick,KS,Passenger,1,1,2,70,72,2.78
October 31 2022,Spartanburg,SC,Passenger,0,1,1,30,31,3.23
November 30 2018,Volusia,FL,Passenger,0,1,1,39,40,2.50
May 31 2021,Sumter,SC,Passenger,0,1,1,36,37,2.70
December 31 2019,Juneau,AK,Passenger,0,2,2,29,31,6.45
September 30 2021,Stevens,WA,Passenger,52,42,94,30297,30391,0.31
December 31 2020,Tulsa,OK,Passenger,1,1,2,47,49,4.08
November 30 2021,Norfolk,MA,Passenger,1,0,1,26,27,3.70
March 31 2023,Oldham,KY,Passenger,0,1,1,4,5,20.00
March 31 2019,Franklin,MA,Passenger,0,1,1,1,2,50.00
March 31 2017,Pierce,WA,Passenger,876,784,1660,526243,527903,0.31
July 31 2019,Columbia,WA,Passenger,2,2,4,2455,2459,0.16
November 30 2018,Madison,ID,Passenger,1,0,1,38,39,2.56
March 31 2021,Multnomah,OR,Passenger,3,5,8,690,698,1.15
June 30 2023,Bell,TX,Passenger,1,0,1,263,264,0.38
January 31 2024,Franklin,WA,Truck,10,0,10,20727,20737,0.05
August 31 2018,Columbia,WA,Truck,0,0,0,1535,1535,0.00
January 31 2020,Harford,MD,Passenger,0,1,1,59,60,1.67
July 31 2021,Maui,HI,Passenger,1,0,1,31,32,3.12
April 30 2019,Jefferson,WA,Passenger,187,118,305,24896,25201,1.21
May 31 2017,Northampton,PA,Passenger,1,0,1,168,169,0.59
November 30 2020,Manassas,VA,Passenger,0,1,1,5,6,16.67
August 31 2020,Columbia,OR,Passenger,1,0,1,26,27,3.70
November 30 2019,Whatcom,WA,Truck,2,0,2,43145,43147,0.00
June 30 2018,Los Angeles,CA,Passenger,5,4,9,1169,1178,0.76
February 28 2018,Jefferson,WA,Truck,0,0,0,9504,9504,0.00
May 31 2018,El Paso,TX,Passenger,1,0,1,524,525,0.19
July 31 2017,Hardin,KY,Passenger,0,1,1,116,117,0.85
July 31 2021,Queens,NY,Passenger,2,0,2,51,53,3.77
August 31 2023,Ulster,NY,Passenger,1,0,1,7,8,12.50
May 31 2018,Pend Oreille,WA,Passenger,4,5,9,9510,9519,0.09
April 30 2019,Walla Walla,WA,Passenger,46,57,103,36133,36236,0.28
May 31 2017,Adams,WA,Truck,0,0,0,5079,5079,0.00
February 28 2018,Adams,WA,Truck,0,0,0,5137,5137,0.00
June 30 2020,New London,CT,Passenger,1,1,2,239,241,0.83
March 31 2022,Orange,CA,Passenger,5,3,8,410,418,1.91
December 31 2023,Brevard,FL,Passenger,1,0,1,52,53,1.89
January 31 2020,Fort Bend,TX,Passenger,1,0,1,49,50,2.00
June 30 2021,Montgomery,PA,Passenger,1,0,1,26,27,3.70
January 31 2020,Lake,FL,Passenger,1,0,1,24,25,4.00
January 31 2024,Snohomish,WA,Passenger,16655,3675,20330,523576,543906,3.74
November 30 2021,Benton,WA,Passenger,623,434,1057,135902,136959,0.77
October 31 2020,Stevens,WA,Truck,0,0,0,18691,18691,0.00
September 30 2023,Muscogee,GA,Passenger,0,1,1,95,96,1.04
April 30 2021,District of Columbia,DC,Passenger,3,1,4,190,194,2.06
August 31 2020,Harrison,MS,Passenger,1,0,1,55,56,1.79
July 31 2017,Latah,ID,Passenger,0,1,1,100,101,0.99
October 31 2023,St. Mary's,MD,Passenger,1,0,1,171,172,0.58
April 30 2018,Hardin,KY,Passenger,0,1,1,112,113,0.88
October 31 2020,Middlesex,MA,Passenger,1,0,1,98,99,1.01
July 31 2017,Monterey,CA,Passenger,0,2,2,200,202,0.99
July 31 2023,Rockingham,NH,Passenger,1,0,1,10,11,9.09
June 30 2021,Suffolk,MA,Passenger,0,2,2,31,33,6.06
November 30 2023,Brown,WI,Passenger,1,0,1,5,6,16.67
October 31 2018,Stevens,WA,Passenger,15,28,43,31798,31841,0.14
June 30 2017,Island,WA,Passenger,117,137,254,60094,60348,0.42
August 31 2019,Jefferson,WA,Passenger,205,122,327,25069,25396,1.29
May 31 2019,DeKalb,GA,Passenger,1,0,1,81,82,1.22
March 31 2019,Deschutes,OR,Passenger,3,0,3,166,169,1.78
April 30 2022,Newport,RI,Passenger,0,1,1,74,75,1.33
December 31 2020,Pierce,WA,Truck,0,0,0,144717,144717,0.00
October 31 2020,Whatcom,WA,Passenger,1170,531,1701,149602,151303,1.12
May 31 2017,Garfield,WA,Passenger,0,0,0,1287,1287,0.00
November 30 2023,Maricopa,AZ,Passenger,8,3,11,607,618,1.78
March 31 2023,Escambia,FL,Passenger,0,1,1,141,142,0.70
May 31 2019,Carson City,NV,Passenger,1,0,1,13,14,7.14
July 31 2023,Adams,CO,Passenger,1,0,1,20,21,4.76
June 30 2022,Lee,FL,Passenger,1,0,1,36,37,2.70
January 31 2020,Owyhee,ID,Passenger,1,0,1,3,4,25.00
December 31 2021,Carroll,MD,Passenger,0,1,1,16,17,5.88
April 30 2021,RÃ­o Grande,PR,Passenger,1,0,1,1,2,50.00
September 30 2017,Pend Oreille,WA,Passenger,3,4,7,9373,9380,0.07
December 31 2017,Alameda,CA,Passenger,0,1,1,357,358,0.28
January 31 2017,Brown,WI,Passenger,1,0,1,46,47,2.13
June 30 2022,Arlington,VA,Passenger,1,0,1,131,132,0.76
April 30 2022,Currituck,NC,Passenger,1,0,1,23,24,4.17
March 31 2024,Wake,NC,Passenger,3,0,3,61,64,4.69
November 30 2019,Pinal,AZ,Passenger,1,0,1,200,201,0.50
April 30 2022,Alameda,CA,Passenger,5,1,6,212,218,2.75
September 30 2017,Lane,OR,Passenger,0,1,1,220,221,0.45
July 31 2020,Rockingham,NH,Passenger,1,0,1,20,21,4.76
March 31 2024,Skagit,WA,Truck,41,0,41,30948,30989,0.13
October 31 2021,Skamania,WA,Truck,0,0,0,4012,4012,0.00
June 30 2019,Pinellas,FL,Passenger,1,0,1,119,120,0.83
January 31 2021,Larimer,CO,Passenger,1,0,1,51,52,1.92
February 28 2022,Columbia,OR,Passenger,1,0,1,25,26,3.85
January 31 2021,Washtenaw,MI,Passenger,1,1,2,32,34,5.88
December 31 2020,Clark,NV,Passenger,4,2,6,672,678,0.88
July 31 2022,,,Passenger,5,1,6,312,318,1.89
December 31 2019,Owyhee,ID,Passenger,1,0,1,3,4,25.00
September 30 2022,Pierce,WA,Passenger,5523,2424,7947,540870,548817,1.45
April 30 2021,Kittitas,WA,Passenger,153,58,211,29980,30191,0.70
December 31 2018,Nueces,TX,Passenger,1,1,2,93,95,2.11
November 30 2022,Montgomery,MD,Passenger,4,2,6,193,199,3.02
May 31 2020,Hudson,NJ,Passenger,1,0,1,40,41,2.44
January 31 2020,Hennepin,MN,Passenger,3,1,4,107,111,3.60
May 31 2021,Benton,WA,Passenger,502,384,886,136030,136916,0.65
March 31 2023,Lewis,WA,Passenger,295,195,490,58747,59237,0.83
June 30 2022,San Diego,CA,Passenger,18,8,26,2421,2447,1.06
January 31 2022,Anne Arundel,MD,Passenger,3,1,4,362,366,1.09
February 28 2018,Thurston,WA,Passenger,492,414,906,190688,191594,0.47
February 28 2018,Skagit,WA,Passenger,172,145,317,89747,90064,0.35
November 30 2021,Kitsap,WA,Passenger,2081,939,3020,180215,183235,1.65
April 30 2021,Douglas,NE,Passenger,1,1,2,54,56,3.57
July 31 2018,Ramsey,MN,Passenger,1,0,1,42,43,2.33
January 31 2021,Juneau,AK,Passenger,0,1,1,26,27,3.70
October 31 2023,Stafford,VA,Passenger,3,0,3,73,76,3.95
March 31 2019,Clark,NV,Passenger,4,2,6,722,728,0.82
March 31 2018,New Haven,CT,Passenger,0,1,1,52,53,1.89
June 30 2017,Manassas,VA,Passenger,0,1,1,9,10,10.00
June 30 2019,Adams,WA,Truck,0,0,0,5125,5125,0.00
August 31 2022,Jefferson,WA,Truck,3,0,3,9420,9423,0.03
March 31 2018,Columbia,WA,Passenger,2,1,3,2409,2412,0.12
February 29 2020,Denton,TX,Passenger,1,0,1,97,98,1.02
October 31 2021,Placer,CA,Passenger,2,0,2,75,77,2.60
September 30 2019,Guadalupe,TX,Passenger,1,0,1,75,76,1.32
August 31 2022,Pinal,AZ,Passenger,0,1,1,129,130,0.77
September 30 2021,Okanogan,WA,Passenger,67,44,111,26528,26639,0.42
January 31 2023,Yakima,WA,Truck,8,0,8,61150,61158,0.01
December 31 2019,Fairfax,VA,Passenger,5,2,7,765,772,0.91
May 31 2017,Marion,OR,Passenger,1,0,1,178,179,0.56
June 30 2021,El Dorado,CA,Passenger,1,0,1,35,36,2.78
June 30 2023,Lee,AL,Passenger,1,0,1,15,16,6.25
February 28 2017,Contra Costa,CA,Passenger,1,0,1,644,645,0.16
December 31 2023,Thurston,WA,Truck,92,0,92,53374,53466,0.17
April 30 2022,Sarasota,FL,Passenger,2,0,2,35,37,5.41
September 30 2021,Hanover,VA,Passenger,1,0,1,1,2,50.00
December 31 2018,Cook,IL,Passenger,1,0,1,253,254,0.39
July 31 2023,Okanogan,WA,Truck,7,0,7,16425,16432,0.04
October 31 2019,Jefferson,CO,Passenger,0,2,2,56,58,3.45
June 30 2022,Plaquemines,LA,Passenger,1,1,2,19,21,9.52
December 31 2020,Mason,WA,Truck,0,0,0,20936,20936,0.00
August 31 2021,Klickitat,WA,Truck,0,0,0,8320,8320,0.00
December 31 2018,Marion,IN,Passenger,1,0,1,121,122,0.82
August 31 2022,Washington,MD,Passenger,2,0,2,13,15,13.33
December 31 2022,Spokane,WA,Passenger,1936,931,2867,323907,326774,0.88
October 31 2019,Clallam,WA,Passenger,194,150,344,50932,51276,0.67
September 30 2018,Manatee,FL,Passenger,1,0,1,38,39,2.56
May 31 2018,New Haven,CT,Passenger,0,1,1,50,51,1.96
March 31 2019,Cascade,MT,Passenger,0,1,1,60,61,1.64
June 30 2023,Richland,SC,Passenger,0,1,1,109,110,0.91
March 31 2019,Los Angeles,CA,Passenger,5,5,10,1114,1124,0.89
March 31 2018,DeKalb,GA,Passenger,1,0,1,83,84,1.19
May 31 2020,Franklin,WA,Truck,0,0,0,19862,19862,0.00
June 30 2020,Cumberland,NC,Passenger,0,3,3,472,475,0.63
November 30 2019,Hawaii,HI,Passenger,1,0,1,60,61,1.64
January 31 2022,Gwinnett,GA,Passenger,1,0,1,60,61,1.64
July 31 2017,Flathead,MT,Passenger,1,0,1,61,62,1.61
October 31 2019,Stevens,WA,Truck,0,0,0,18769,18769,0.00
September 30 2022,Columbia,WA,Truck,0,0,0,1572,1572,0.00
April 30 2018,Fulton,GA,Passenger,1,1,2,103,105,1.90
September 30 2018,Cowlitz,WA,Passenger,63,85,148,72022,72170,0.21
July 31 2017,Pierce,WA,Passenger,986,856,1842,524466,526308,0.35
April 30 2017,Pinal,AZ,Passenger,2,0,2,257,259,0.77
January 31 2019,San Juan,WA,Truck,0,0,0,5801,5801,0.00
June 30 2017,Prince George's,MD,Passenger,0,1,1,184,185,0.54
November 30 2023,Orange,NC,Passenger,0,1,1,4,5,20.00
April 30 2021,Stevens,WA,Passenger,41,43,84,30558,30642,0.27
May 31 2023,Douglas,CO,Passenger,0,2,2,63,65,3.08
December 31 2022,Allegheny,PA,Passenger,2,0,2,63,65,3.08
June 30 2023,Maui,HI,Passenger,1,0,1,21,22,4.55
October 31 2021,San Juan,WA,Passenger,469,146,615,14181,14796,4.16
February 28 2023,Yakima,WA,Truck,9,0,9,61146,61155,0.01
June 30 2019,Cumberland,NC,Passenger,0,2,2,515,517,0.39
January 31 2022,Pend Oreille,WA,Truck,0,0,0,5726,5726,0.00
October 31 2017,Grays Harbor,WA,Passenger,38,41,79,45368,45447,0.17
April 30 2018,Cowlitz,WA,Passenger,55,73,128,71358,71486,0.18
June 30 2017,Pinal,AZ,Passenger,2,0,2,246,248,0.81
June 30 2021,Boone,MO,Passenger,0,1,1,11,12,8.33
December 31 2020,Thurston,WA,Passenger,1321,779,2100,197196,199296,1.05
June 30 2017,Jefferson,WA,Passenger,104,61,165,23851,24016,0.69
June 30 2023,Henrico,VA,Passenger,0,1,1,8,9,11.11
June 30 2020,Henrico,VA,Passenger,0,1,1,19,20,5.00
November 30 2017,Thurston,WA,Passenger,457,380,837,189452,190289,0.44
June 30 2022,Lake,IL,Passenger,2,0,2,144,146,1.37
May 31 2019,Carroll,NH,Passenger,0,1,1,3,4,25.00
January 31 2017,El Paso,TX,Passenger,0,1,1,591,592,0.17
May 31 2019,Tarrant,TX,Passenger,3,0,3,205,208,1.44
August 31 2021,Nassau,NY,Passenger,3,0,3,35,38,7.89
September 30 2021,Nassau,NY,Passenger,3,0,3,34,37,8.11
May 31 2023,Essex,NJ,Passenger,2,0,2,9,11,18.18
June 30 2017,Walla Walla,WA,Truck,0,0,0,13206,13206,0.00
November 30 2019,Island,WA,Passenger,363,252,615,63610,64225,0.96
December 31 2023,Allegheny,PA,Passenger,1,0,1,50,51,1.96
July 31 2023,Ventura,CA,Passenger,2,2,4,218,222,1.80
January 31 2024,Hudson,NJ,Passenger,1,0,1,14,15,6.67
April 30 2022,Pierce,WA,Truck,3,0,3,142839,142842,0.00
October 31 2022,Cochise,AZ,Passenger,1,0,1,70,71,1.41
March 31 2018,Lake,CA,Passenger,0,1,1,8,9,11.11
March 31 2021,Yamhill,OR,Passenger,1,0,1,44,45,2.22
November 30 2019,Suffolk,VA,Passenger,1,0,1,125,126,0.79
February 29 2024,Nueces,TX,Passenger,2,1,3,43,46,6.52
March 31 2023,Pinal,AZ,Passenger,0,1,1,99,100,1.00
December 31 2023,Harris,TX,Passenger,2,1,3,114,117,2.56
June 30 2023,Berkeley,SC,Passenger,0,1,1,103,104,0.96
April 30 2020,Columbia,WA,Truck,0,0,0,1524,1524,0.00
June 30 2019,Palm Beach,FL,Passenger,0,2,2,86,88,2.27
April 30 2023,Adams,CO,Passenger,1,0,1,26,27,3.70
May 31 2018,Manassas,VA,Passenger,0,1,1,9,10,10.00
October 31 2022,Pend Oreille,WA,Passenger,18,12,30,8991,9021,0.33
August 31 2021,Lake,IL,Passenger,2,0,2,168,170,1.18
August 31 2017,Asotin,WA,Passenger,8,5,13,12437,12450,0.10
May 31 2023,Yuba,CA,Passenger,1,0,1,52,53,1.89
January 31 2023,Middlesex,NJ,Passenger,1,0,1,19,20,5.00
October 31 2020,RÃ­o Grande,PR,Passenger,1,0,1,1,2,50.00
October 31 2020,Island,WA,Passenger,463,285,748,62827,63575,1.18
November 30 2018,Travis,TX,Passenger,1,1,2,212,214,0.93
August 31 2018,Suffolk,MA,Passenger,0,1,1,43,44,2.27
May 31 2023,Harrison,MS,Passenger,1,0,1,36,37,2.70
January 31 2018,Volusia,FL,Passenger,0,1,1,37,38,2.63
May 31 2023,Frederick,MD,Passenger,1,1,2,54,56,3.57
June 30 2019,Douglas,NE,Passenger,0,1,1,63,64,1.56
June 30 2022,Camden,NJ,Passenger,0,1,1,14,15,6.67
January 31 2021,Manassas,VA,Passenger,0,1,1,5,6,16.67
June 30 2020,Mercer,NJ,Passenger,0,1,1,17,18,5.56
November 30 2019,Palm Beach,FL,Passenger,0,2,2,85,87,2.30
April 30 2019,Mason,WA,Truck,0,0,0,20319,20319,0.00
March 31 2023,Lincoln,WA,Truck,0,0,0,4843,4843,0.00
May 31 2019,Klamath,OR,Passenger,1,0,1,40,41,2.44
December 31 2018,Larimer,CO,Passenger,1,0,1,61,62,1.61
August 31 2019,Fairbanks North Star,AK,Passenger,0,1,1,98,99,1.01
July 31 2020,Harrison,MS,Passenger,1,0,1,54,55,1.82
December 31 2023,Charlottesville,VA,Passenger,0,1,1,3,4,25.00
February 29 2024,Kauai,HI,Passenger,0,1,1,12,13,7.69
August 31 2021,Clark,WA,Passenger,3072,1471,4543,321902,326445,1.39
February 28 2022,Harris,TX,Passenger,1,0,1,190,191,0.52
March 31 2022,Sacramento,CA,Passenger,1,1,2,237,239,0.84
May 31 2020,Charles,MD,Passenger,1,1,2,78,80,2.50
October 31 2023,Middlesex,MA,Passenger,2,0,2,72,74,2.70
October 31 2022,Las Animas,CO,Passenger,1,0,1,1,2,50.00
May 31 2021,Dallas,IA,Passenger,0,1,1,9,10,10.00
July 31 2021,Chelan,WA,Truck,0,0,0,23088,23088,0.00
March 31 2022,Suffolk,VA,Passenger,1,0,1,123,124,0.81
December 31 2022,Lincoln,WA,Truck,0,0,0,4840,4840,0.00
November 30 2017,Mercer,NJ,Passenger,0,1,1,18,19,5.26
June 30 2023,Houston,GA,Passenger,1,0,1,30,31,3.23
August 31 2022,Island,WA,Truck,9,0,9,21279,21288,0.04
August 31 2021,Pierce,WA,Truck,0,0,0,145545,145545,0.00
December 31 2023,Clallam,WA,Passenger,665,316,981,48800,49781,1.97
July 31 2023,Bexar,TX,Passenger,2,3,5,380,385,1.30
September 30 2018,Latah,ID,Passenger,0,1,1,76,77,1.30
April 30 2022,Pennington,SD,Passenger,2,0,2,32,34,5.88
September 30 2021,Yakima,WA,Truck,0,0,0,61718,61718,0.00
April 30 2021,King,WA,Passenger,29450,8752,38202,1368610,1406812,2.72
September 30 2020,Tarrant,TX,Passenger,1,0,1,173,174,0.57
September 30 2019,Norfolk,MA,Passenger,1,0,1,38,39,2.56
August 31 2021,Williamson,TX,Passenger,0,2,2,113,115,1.74
September 30 2020,Boone,MO,Passenger,0,1,1,11,12,8.33
December 31 2021,Lee,FL,Passenger,1,0,1,35,36,2.78
June 30 2020,Solano,CA,Passenger,1,0,1,213,214,0.47
January 31 2024,San Mateo,CA,Passenger,2,0,2,51,53,3.77
December 31 2017,Santa Rosa,FL,Passenger,1,0,1,107,108,0.93
January 31 2024,Prince George's,MD,Passenger,3,1,4,105,109,3.67
May 31 2018,Howard,MD,Passenger,0,1,1,90,91,1.10
March 31 2019,Howard,MD,Passenger,0,1,1,84,85,1.18
November 30 2023,Skamania,WA,Passenger,136,52,188,8002,8190,2.30
May 31 2017,Dallas,TX,Passenger,0,1,1,190,191,0.52
May 31 2020,Franklin,WA,Passenger,58,74,132,60554,60686,0.22
February 28 2023,Whitman,WA,Passenger,124,70,194,21974,22168,0.88
May 31 2019,Alexandria,VA,Passenger,1,0,1,143,144,0.69
September 30 2021,Anchorage,AK,Passenger,1,0,1,148,149,0.67
October 31 2022,Champaign,IL,Passenger,1,0,1,13,14,7.14
October 31 2022,Whitman,WA,Truck,3,0,3,8593,8596,0.03
September 30 2017,Nueces,TX,Passenger,0,1,1,92,93,1.08
November 30 2023,Loudoun,VA,Passenger,2,1,3,56,59,5.08
February 29 2020,DuPage,IL,Passenger,4,0,4,65,69,5.80
February 29 2024,Polk,OR,Passenger,1,1,2,12,14,14.29
March 31 2024,Hudson,NJ,Passenger,1,0,1,14,15,6.67
June 30 2022,Klickitat,WA,Truck,0,0,0,8286,8286,0.00
February 29 2024,Hawaii,HI,Passenger,1,0,1,26,27,3.70
November 30 2021,Milwaukee,WI,Passenger,1,0,1,40,41,2.44
November 30 2022,Whitman,WA,Passenger,109,65,174,21926,22100,0.79
November 30 2022,Montgomery,PA,Passenger,1,0,1,23,24,4.17
November 30 2020,Whatcom,WA,Passenger,1204,534,1738,149670,151408,1.15
October 31 2023,Pend Oreille,WA,Passenger,31,20,51,8822,8873,0.57
January 31 2021,Pulaski,MO,Passenger,1,0,1,148,149,0.67
November 30 2021,Calvert,MD,Passenger,0,2,2,86,88,2.27
May 31 2019,Saginaw,MI,Passenger,1,0,1,11,12,8.33
May 31 2020,Yakima,WA,Truck,0,0,0,59562,59562,0.00
December 31 2019,Ada,ID,Passenger,0,1,1,300,301,0.33
October 31 2020,Moore,NC,Passenger,0,1,1,156,157,0.64
December 31 2019,Kent,MI,Passenger,0,1,1,26,27,3.70
March 31 2019,Kent,MI,Passenger,0,1,1,23,24,4.17
October 31 2022,Clark,WA,Passenger,4600,1922,6522,314712,321234,2.03
July 31 2019,,,Passenger,5,2,7,415,422,1.66
July 31 2019,El Paso,CO,Passenger,2,1,3,745,748,0.40
February 29 2020,Greene,MO,Passenger,0,1,1,32,33,3.03
September 30 2023,Richland,SC,Passenger,0,1,1,103,104,0.96
March 31 2018,Sangamon,IL,Passenger,1,0,1,11,12,8.33
November 30 2017,San Mateo,CA,Passenger,0,1,1,149,150,0.67
February 28 2017,Benton,WA,Truck,0,0,0,39744,39744,0.00
January 31 2023,Platte,MO,Passenger,1,0,1,20,21,4.76
July 31 2023,Williamsburg,VA,Passenger,0,1,1,5,6,16.67
December 31 2019,Greene,MO,Passenger,0,1,1,33,34,2.94
August 31 2018,Pacific,WA,Passenger,19,22,41,15667,15708,0.26
August 31 2019,Monterey,CA,Passenger,0,1,1,192,193,0.52
May 31 2022,Placer,CA,Passenger,2,0,2,71,73,2.74
July 31 2018,Richland,SC,Passenger,0,1,1,171,172,0.58
April 30 2024,,,Passenger,3,0,3,218,221,1.36
October 31 2023,Norfolk,VA,Passenger,1,1,2,262,264,0.76
October 31 2020,Ferry,WA,Truck,0,0,0,3599,3599,0.00
December 31 2023,Asotin,WA,Truck,0,0,0,6586,6586,0.00
August 31 2017,Howard,MD,Passenger,0,2,2,90,92,2.17
December 31 2021,Ventura,CA,Passenger,2,2,4,263,267,1.50
June 30 2019,Klickitat,WA,Truck,0,0,0,8247,8247,0.00
October 31 2021,Fairfax,VA,Passenger,5,4,9,702,711,1.27
July 31 2020,Goochland,VA,Passenger,3,1,4,270,274,1.46
May 31 2019,Sumter,FL,Passenger,0,1,1,10,11,9.09
February 28 2021,Mercer,NJ,Passenger,0,1,1,13,14,7.14
July 31 2020,RÃ­o Grande,PR,Passenger,1,0,1,1,2,50.00
May 31 2023,Skamania,WA,Truck,1,0,1,3846,3847,0.03
November 30 2019,Placer,CA,Passenger,1,0,1,102,103,0.97
June 30 2020,Arlington,VA,Passenger,0,2,2,152,154,1.30
October 31 2017,Jefferson,WA,Passenger,116,68,184,24072,24256,0.76
May 31 2018,Grant,WA,Truck,0,0,0,25862,25862,0.00
August 31 2017,Pacific,WA,Truck,0,0,0,7513,7513,0.00
February 29 2020,Wahkiakum,WA,Truck,0,0,0,1761,1761,0.00
October 31 2020,Prince George's,MD,Passenger,2,1,3,159,162,1.85
October 31 2023,Sacramento,CA,Passenger,3,1,4,148,152,2.63
October 31 2020,Douglas,CO,Passenger,0,1,1,83,84,1.19
October 31 2019,Lincoln,WA,Passenger,2,11,13,7832,7845,0.17
September 30 2021,Snohomish,WA,Truck,1,0,1,125900,125901,0.00
January 31 2019,Klickitat,WA,Truck,0,0,0,8224,8224,0.00
July 31 2017,Palm Beach,FL,Passenger,0,2,2,96,98,2.04
March 31 2020,Garfield,WA,Truck,0,0,0,974,974,0.00
April 30 2022,Whatcom,WA,Truck,4,0,4,43434,43438,0.01
September 30 2019,Island,WA,Truck,0,0,0,21285,21285,0.00
February 29 2024,Ferry,WA,Passenger,27,4,31,4228,4259,0.73
September 30 2021,San Mateo,CA,Passenger,1,0,1,98,99,1.01
January 31 2023,Burlington,NJ,Passenger,0,2,2,97,99,2.02
January 31 2021,Vigo,IN,Passenger,1,0,1,6,7,14.29
October 31 2021,Kauai,HI,Passenger,1,0,1,21,22,4.55
February 28 2022,Marin,CA,Passenger,1,1,2,33,35,5.71
January 31 2020,Benton,WA,Passenger,336,315,651,135280,135931,0.48
March 31 2019,Honolulu,HI,Passenger,2,3,5,512,517,0.97
January 31 2017,Stevens,WA,Truck,0,0,0,18338,18338,0.00
August 31 2018,Lee,FL,Passenger,1,0,1,58,59,1.69
October 31 2019,Montgomery,PA,Passenger,2,0,2,38,40,5.00
March 31 2018,Snohomish,WA,Passenger,2134,1158,3292,517827,521119,0.63
June 30 2023,Kittitas,WA,Passenger,358,106,464,29365,29829,1.56
June 30 2019,Clackamas,OR,Passenger,1,1,2,214,216,0.93
January 31 2019,Washington,OR,Passenger,0,1,1,480,481,0.21
March 31 2024,Platte,MO,Passenger,2,0,2,18,20,10.00
April 30 2022,Danville,VA,Passenger,1,0,1,0,1,100.00
June 30 2022,Pierce,WA,Truck,6,0,6,141702,141708,0.00
January 31 2020,Cumberland,NC,Passenger,0,2,2,500,502,0.40
July 31 2020,Kern,CA,Passenger,0,1,1,225,226,0.44
April 30 2023,Napa,CA,Passenger,0,1,1,13,14,7.14
November 30 2022,Williams,ND,Passenger,0,1,1,6,7,14.29
January 31 2017,Arlington,VA,Passenger,1,1,2,179,181,1.10
August 31 2018,Richland,SC,Passenger,0,1,1,173,174,0.57
October 31 2023,Anne Arundel,MD,Passenger,5,3,8,281,289,2.77
May 31 2019,Charleston,SC,Passenger,1,0,1,121,122,0.82
March 31 2017,Ventura,CA,Passenger,0,2,2,385,387,0.52
December 31 2022,Dorchester,SC,Passenger,1,0,1,53,54,1.85
January 31 2017,Clark,WA,Truck,0,0,0,77513,77513,0.00
May 31 2022,Kitsap,WA,Passenger,2351,1030,3381,178282,181663,1.86
January 31 2019,Walla Walla,WA,Passenger,42,54,96,36135,36231,0.26
November 30 2020,Pacific,WA,Passenger,36,34,70,15725,15795,0.44
March 31 2019,Shasta,CA,Passenger,1,0,1,42,43,2.33
June 30 2021,Montgomery,OH,Passenger,0,1,1,56,57,1.75
June 30 2021,Yakima,WA,Passenger,227,155,382,169271,169653,0.23
August 31 2021,Los Angeles,CA,Passenger,9,9,18,910,928,1.94
August 31 2022,St. Mary's,MD,Passenger,1,0,1,192,193,0.52
April 30 2021,Walla Walla,WA,Truck,0,0,0,14045,14045,0.00
July 31 2021,Skamania,WA,Truck,0,0,0,4023,4023,0.00
February 28 2022,Pima,AZ,Passenger,1,1,2,273,275,0.73
August 31 2023,Pulaski,AR,Passenger,2,0,2,17,19,10.53
September 30 2023,Stafford,VA,Passenger,3,0,3,75,78,3.85
April 30 2021,Yakima,WA,Passenger,208,139,347,169160,169507,0.20
July 31 2019,DeKalb,GA,Passenger,1,0,1,80,81,1.23
December 31 2020,Santa Cruz,CA,Passenger,1,0,1,32,33,3.03
August 31 2020,Harford,MD,Passenger,0,1,1,58,59,1.69
September 30 2020,Utah,UT,Passenger,0,1,1,137,138,0.72
December 31 2017,Spokane,WA,Passenger,297,240,537,300056,300593,0.18
October 31 2019,Mason,WA,Passenger,140,127,267,47553,47820,0.56
February 29 2020,Anne Arundel,MD,Passenger,1,1,2,422,424,0.47
August 31 2019,Island,WA,Truck,0,0,0,21267,21267,0.00
October 31 2020,Lee,FL,Passenger,1,0,1,48,49,2.04
August 31 2019,Jefferson,CO,Passenger,0,2,2,56,58,3.45
January 31 2020,Albemarle,VA,Passenger,1,0,1,27,28,3.57
April 30 2023,Island,WA,Passenger,1010,423,1433,61147,62580,2.29
April 30 2020,Okanogan,WA,Passenger,34,31,65,25880,25945,0.25
June 30 2019,Asotin,WA,Passenger,12,8,20,12634,12654,0.16
September 30 2019,El Paso,TX,Passenger,3,0,3,472,475,0.63
April 30 2019,Howard,MD,Passenger,0,1,1,83,84,1.19
July 31 2021,Thurston,WA,Passenger,1656,891,2547,197559,200106,1.27
September 30 2023,Jefferson,NY,Passenger,2,0,2,186,188,1.06
July 31 2023,Pinal,AZ,Passenger,0,1,1,89,90,1.11
May 31 2021,Prince George's,MD,Passenger,2,1,3,151,154,1.95
November 30 2023,Calvert,MD,Passenger,1,1,2,73,75,2.67
August 31 2021,Rogers,OK,Passenger,1,0,1,4,5,20.00
February 28 2021,San Diego,CA,Passenger,14,3,17,2679,2696,0.63
April 30 2021,Platte,MO,Passenger,1,0,1,20,21,4.76
October 31 2023,New Haven,CT,Passenger,0,2,2,25,27,7.41
September 30 2019,Harrison,MS,Passenger,1,0,1,64,65,1.54
December 31 2021,Currituck,NC,Passenger,1,0,1,23,24,4.17
March 31 2023,Santa Cruz,CA,Passenger,1,0,1,22,23,4.35
August 31 2021,Shelby,OH,Passenger,0,1,1,3,4,25.00
August 31 2022,Adams,WA,Passenger,21,9,30,12945,12975,0.23
April 30 2022,Grant,WA,Truck,0,0,0,28067,28067,0.00
March 31 2023,Coryell,TX,Passenger,1,0,1,82,83,1.20
April 30 2021,Fort Bend,TX,Passenger,1,0,1,38,39,2.56
September 30 2023,Currituck,NC,Passenger,1,0,1,19,20,5.00
September 30 2018,Monroe,IL,Passenger,1,0,1,4,5,20.00
February 28 2023,El Paso,CO,Passenger,2,2,4,554,558,0.72
January 31 2021,El Paso,TX,Passenger,3,0,3,400,403,0.74
October 31 2017,Franklin,OH,Passenger,0,1,1,111,112,0.89
January 31 2022,Onslow,NC,Passenger,0,1,1,172,173,0.58
June 30 2022,Ada,ID,Passenger,1,0,1,183,184,0.54
November 30 2022,Loudoun,VA,Passenger,3,1,4,62,66,6.06
November 30 2023,Contra Costa,CA,Passenger,1,2,3,155,158,1.90
December 31 2020,Queens,NY,Passenger,1,0,1,55,56,1.79
November 30 2022,Lincoln,WA,Truck,0,0,0,4855,4855,0.00
December 31 2018,Mercer,NJ,Passenger,0,1,1,20,21,4.76
September 30 2023,Platte,MO,Passenger,2,0,2,21,23,8.70
October 31 2019,Asotin,WA,Passenger,12,8,20,12638,12658,0.16
March 31 2022,Columbia,WA,Passenger,6,0,6,2445,2451,0.24
December 31 2022,Wahkiakum,WA,Passenger,26,13,39,3031,3070,1.27
August 31 2023,Wahkiakum,WA,Passenger,26,18,44,3026,3070,1.43
August 31 2018,Prince George's,MD,Passenger,1,1,2,184,186,1.08
August 31 2017,Sacramento,CA,Passenger,1,1,2,357,359,0.56
April 30 2018,Riverside,CA,Passenger,2,2,4,711,715,0.56
April 30 2024,Essex,MA,Passenger,1,0,1,10,11,9.09
July 31 2020,Hamilton,IN,Passenger,1,0,1,43,44,2.27
June 30 2018,Nantucket,MA,Passenger,1,0,1,4,5,20.00
April 30 2023,San Bernardino,CA,Passenger,3,1,4,310,314,1.27
June 30 2019,Pend Oreille,WA,Truck,0,0,0,5732,5732,0.00
August 31 2018,Clark,WA,Truck,0,0,0,79292,79292,0.00
August 31 2023,King,WA,Truck,831,2,833,174598,175431,0.47
February 29 2024,Benton,WA,Truck,37,0,37,42544,42581,0.09
July 31 2018,Wahkiakum,WA,Truck,0,0,0,1681,1681,0.00
November 30 2020,Spokane,WA,Passenger,858,542,1400,320112,321512,0.44
May 31 2023,Stevens,WA,Passenger,111,64,175,29716,29891,0.59
January 31 2023,Arlington,VA,Passenger,1,0,1,117,118,0.85
May 31 2023,Kings,CA,Passenger,2,2,4,282,286,1.40
May 31 2022,Wichita,TX,Passenger,1,0,1,42,43,2.33
June 30 2021,Kitsap,WA,Truck,0,0,0,54422,54422,0.00
August 31 2020,El Paso,CO,Passenger,2,0,2,717,719,0.28
August 31 2021,Polk,FL,Passenger,1,0,1,68,69,1.45
August 31 2023,Los Angeles,CA,Passenger,6,4,10,620,630,1.59
December 31 2021,Salt Lake,UT,Passenger,1,1,2,174,176,1.14
January 31 2017,Thurston,WA,Passenger,336,299,635,184909,185544,0.34
January 31 2024,Pulaski,AR,Passenger,2,0,2,18,20,10.00
April 30 2019,Richland,SC,Passenger,0,1,1,162,163,0.61
October 31 2019,Klamath,OR,Passenger,1,0,1,41,42,2.38
April 30 2018,Spokane,WA,Truck,1,0,1,92044,92045,0.00
September 30 2021,Grant,WA,Passenger,125,97,222,66843,67065,0.33
October 31 2021,Rockdale,GA,Passenger,1,0,1,5,6,16.67
October 31 2022,Collin,TX,Passenger,3,0,3,78,81,3.70
October 31 2022,Kern,CA,Passenger,1,1,2,199,201,1.00
November 30 2021,Meade,KY,Passenger,1,0,1,25,26,3.85
June 30 2023,Middlesex,MA,Passenger,2,0,2,81,83,2.41
January 31 2020,Clay,FL,Passenger,0,1,1,90,91,1.10
May 31 2021,Allen,IN,Passenger,1,0,1,20,21,4.76
March 31 2020,Bucks,PA,Passenger,1,0,1,22,23,4.35
May 31 2023,Chelan,WA,Passenger,620,158,778,54211,54989,1.41
June 30 2022,Prince George's,MD,Passenger,3,1,4,136,140,2.86
May 31 2017,Stevens,WA,Truck,0,0,0,18250,18250,0.00
November 30 2020,Washtenaw,MI,Passenger,1,1,2,32,34,5.88
April 30 2022,Yakima,WA,Truck,0,0,0,61508,61508,0.00
October 31 2019,Thurston,WA,Passenger,1005,684,1689,198980,200669,0.84
May 31 2021,Duval,FL,Passenger,0,2,2,350,352,0.57
January 31 2022,Boulder,CO,Passenger,2,1,3,47,50,6.00
February 28 2021,Plaquemines,LA,Passenger,0,1,1,15,16,6.25
January 31 2023,Hardin,KY,Passenger,1,0,1,56,57,1.75
December 31 2019,Placer,CA,Passenger,1,0,1,102,103,0.97
July 31 2017,Hawaii,HI,Passenger,1,0,1,83,84,1.19
January 31 2018,Orleans,LA,Passenger,0,1,1,46,47,2.13
October 31 2019,Berkshire,MA,Passenger,0,1,1,4,5,20.00
July 31 2019,Carson City,NV,Passenger,1,0,1,11,12,8.33
March 31 2019,Thurston,WA,Passenger,802,597,1399,196079,197478,0.71
May 31 2018,Kitsap,WA,Passenger,781,453,1234,177872,179106,0.69
April 30 2018,Grays Harbor,WA,Truck,0,0,0,20125,20125,0.00
June 30 2023,Pend Oreille,WA,Truck,0,0,0,5613,5613,0.00
February 28 2022,Suffolk,VA,Passenger,1,0,1,124,125,0.80
December 31 2023,Bell,TX,Passenger,1,0,1,221,222,0.45
November 30 2020,Williamson,TX,Passenger,0,2,2,134,136,1.47
August 31 2021,Fulton,GA,Passenger,0,1,1,84,85,1.18
July 31 2017,Gwinnett,GA,Passenger,0,1,1,86,87,1.15
January 31 2022,Garfield,WA,Truck,0,0,0,994,994,0.00
August 31 2018,DeKalb,GA,Passenger,1,0,1,81,82,1.22
March 31 2021,Queens,NY,Passenger,2,0,2,53,55,3.64
February 28 2018,Kitsap,WA,Truck,1,0,1,52838,52839,0.00
October 31 2022,Douglas,WA,Truck,2,0,2,12807,12809,0.02
January 31 2023,Lincoln,WA,Passenger,14,19,33,7759,7792,0.42
September 30 2022,Sarpy,NE,Passenger,1,0,1,63,64,1.56
April 30 2023,El Paso,CO,Passenger,2,1,3,530,533,0.56
January 31 2022,Douglas,CO,Passenger,0,1,1,88,89,1.12
August 31 2021,Richland,SC,Passenger,0,1,1,139,140,0.71
October 31 2018,DeKalb,GA,Passenger,1,0,1,80,81,1.23
February 28 2017,Hawaii,HI,Passenger,1,0,1,89,90,1.11
March 31 2018,Cook,IL,Passenger,1,0,1,280,281,0.36
March 31 2019,Skagit,WA,Truck,1,0,1,32250,32251,0.00
December 31 2021,Camden,NJ,Passenger,0,1,1,14,15,6.67
May 31 2023,Ferry,WA,Truck,0,0,0,3565,3565,0.00
April 30 2018,Ventura,CA,Passenger,0,1,1,328,329,0.30
May 31 2020,Tarrant,TX,Passenger,1,0,1,177,178,0.56
September 30 2023,New Haven,CT,Passenger,0,2,2,25,27,7.41
February 28 2023,Arlington,VA,Passenger,1,0,1,117,118,0.85
April 30 2021,Richland,SC,Passenger,0,1,1,144,145,0.69
May 31 2023,Hudson,NJ,Passenger,1,0,1,20,21,4.76
January 31 2019,Nueces,TX,Passenger,1,1,2,90,92,2.17
December 31 2021,Kings,NY,Passenger,1,0,1,70,71,1.41
July 31 2019,Grant,WA,Passenger,43,61,104,65010,65114,0.16
May 31 2021,Island,WA,Truck,0,0,0,21576,21576,0.00
October 31 2022,Nueces,TX,Passenger,0,1,1,53,54,1.85
December 31 2022,Adams,WA,Passenger,23,11,34,12997,13031,0.26
October 31 2019,Dakota,MN,Passenger,0,1,1,34,35,2.86
February 29 2020,DeKalb,GA,Passenger,1,0,1,86,87,1.15
June 30 2017,Hawaii,HI,Passenger,1,0,1,84,85,1.18
December 31 2021,Wahkiakum,WA,Truck,0,0,0,1823,1823,0.00
August 31 2019,Palm Beach,FL,Passenger,0,2,2,87,89,2.25
September 30 2019,Columbia,WA,Passenger,3,2,5,2447,2452,0.20
August 31 2018,Charleston,SC,Passenger,1,0,1,130,131,0.76
July 31 2022,Sarasota,FL,Passenger,2,0,2,33,35,5.71
January 31 2018,Saratoga,NY,Passenger,1,1,2,68,70,2.86
November 30 2023,Yakima,WA,Passenger,616,294,910,166292,167202,0.54
January 31 2020,Yakima,WA,Passenger,120,115,235,166214,166449,0.14
November 30 2020,Klickitat,WA,Passenger,62,42,104,14970,15074,0.69
July 31 2020,Travis,TX,Passenger,3,1,4,184,188,2.13
March 31 2024,Montgomery,OH,Passenger,0,1,1,34,35,2.86
April 30 2020,St. Mary's,MD,Passenger,1,0,1,213,214,0.47
April 30 2017,Anne Arundel,MD,Passenger,0,1,1,500,501,0.20
June 30 2021,Harford,MD,Passenger,0,1,1,54,55,1.82
November 30 2017,Sedgwick,KS,Passenger,0,1,1,107,108,0.93
March 31 2022,Greene,MO,Passenger,0,1,1,30,31,3.23
December 31 2021,Okanogan,WA,Passenger,69,45,114,26581,26695,0.43
December 31 2017,Skamania,WA,Truck,0,0,0,3897,3897,0.00
December 31 2023,Cumberland,PA,Passenger,1,1,2,32,34,5.88
April 30 2020,Travis,TX,Passenger,3,1,4,195,199,2.01
January 31 2018,Okanogan,WA,Truck,0,0,0,16333,16333,0.00
May 31 2019,Boulder,CO,Passenger,1,0,1,46,47,2.13
May 31 2019,Anne Arundel,MD,Passenger,1,1,2,443,445,0.45
July 31 2020,Shasta,CA,Passenger,1,0,1,38,39,2.56
December 31 2020,Adams,WA,Truck,0,0,0,5335,5335,0.00
March 31 2024,Pend Oreille,WA,Passenger,33,21,54,8604,8658,0.62
July 31 2017,Chelan,WA,Truck,0,0,0,21327,21327,0.00
March 31 2024,Cumberland,NC,Passenger,2,3,5,269,274,1.82
September 30 2019,Dakota,MN,Passenger,0,1,1,35,36,2.78
March 31 2021,Newport,RI,Passenger,0,1,1,79,80,1.25
November 30 2021,Pierce,WA,Passenger,4126,2106,6232,556681,562913,1.11
May 31 2018,Allegheny,PA,Passenger,1,0,1,79,80,1.25
July 31 2021,Cowlitz,WA,Truck,0,0,0,29107,29107,0.00
September 30 2022,Garfield,WA,Truck,0,0,0,967,967,0.00
July 31 2020,Maui,HI,Passenger,2,0,2,36,38,5.26
June 30 2017,Lewis,WA,Truck,0,0,0,24847,24847,0.00
September 30 2019,Spokane,WA,Truck,1,0,1,95743,95744,0.00
July 31 2021,Mason,WA,Truck,0,0,0,21329,21329,0.00
September 30 2017,Okaloosa,FL,Passenger,1,0,1,188,189,0.53
May 31 2020,Travis,TX,Passenger,3,1,4,193,197,2.03
October 31 2023,Yolo,CA,Passenger,1,0,1,20,21,4.76
October 31 2021,Boone,MO,Passenger,0,1,1,11,12,8.33
February 28 2021,Skagit,WA,Passenger,535,247,782,91303,92085,0.85
April 30 2022,Clallam,WA,Passenger,405,241,646,49804,50450,1.28
April 30 2020,Kittitas,WA,Passenger,101,49,150,29857,30007,0.50
October 31 2020,Chelan,WA,Passenger,265,82,347,54367,54714,0.63
March 31 2019,Allegheny,PA,Passenger,1,0,1,92,93,1.08
May 31 2022,Cowlitz,WA,Truck,1,1,2,28581,28583,0.01
August 31 2021,DuPage,IL,Passenger,3,1,4,55,59,6.78
March 31 2023,Hennepin,MN,Passenger,1,0,1,43,44,2.27
April 30 2017,Thurston,WA,Passenger,385,319,704,185674,186378,0.38
December 31 2022,St. Louis,MO,Passenger,2,0,2,63,65,3.08
December 31 2018,Maui,HI,Passenger,2,0,2,53,55,3.64
September 30 2021,Williamsburg,VA,Passenger,0,1,1,6,7,14.29
May 31 2021,Rogers,OK,Passenger,1,0,1,4,5,20.00
February 29 2020,Snohomish,WA,Passenger,4303,1728,6031,537989,544020,1.11
January 31 2019,Grays Harbor,WA,Passenger,67,76,143,47442,47585,0.30
December 31 2020,Adams,WA,Passenger,10,7,17,12954,12971,0.13
February 29 2024,Lewis,WA,Passenger,414,325,739,58123,58862,1.26
December 31 2021,Pierce,WA,Truck,0,0,0,144673,144673,0.00
October 31 2021,Lincoln,WA,Truck,0,0,0,4801,4801,0.00
November 30 2018,Jefferson,WA,Truck,0,0,0,9608,9608,0.00
October 31 2023,,,Passenger,5,0,5,247,252,1.98
September 30 2022,Placer,CA,Passenger,2,0,2,70,72,2.78
December 31 2022,Arlington,VA,Passenger,1,0,1,117,118,0.85
September 30 2018,Larimer,CO,Passenger,1,0,1,63,64,1.56
March 31 2023,Montgomery,PA,Passenger,1,0,1,21,22,4.55
January 31 2020,Fairfax,VA,Passenger,5,2,7,768,775,0.90
February 28 2022,Yellowstone,MT,Passenger,0,1,1,28,29,3.45
November 30 2021,Williams,ND,Passenger,0,1,1,8,9,11.11
December 31 2020,Alexandria,VA,Passenger,3,0,3,131,134,2.24
October 31 2023,New York,NY,Passenger,1,0,1,32,33,3.03
June 30 2023,Harris,TX,Passenger,2,1,3,150,153,1.96
August 31 2017,Sumter,FL,Passenger,0,1,1,10,11,9.09
March 31 2019,Walla Walla,WA,Passenger,44,56,100,36064,36164,0.28
April 30 2024,Skamania,WA,Truck,3,0,3,3683,3686,0.08
February 28 2018,Broward,FL,Passenger,0,1,1,140,141,0.71
December 31 2021,Baltimore,MD,Passenger,1,0,1,90,91,1.10
March 31 2021,Nassau,NY,Passenger,4,0,4,35,39,10.26
March 31 2024,DeKalb,GA,Passenger,1,0,1,30,31,3.23
March 31 2018,Mason,WA,Passenger,68,81,149,45211,45360,0.33
February 29 2020,Travis,TX,Passenger,3,1,4,199,203,1.97
July 31 2021,Grant,WA,Truck,0,0,0,27920,27920,0.00
January 31 2023,Oldham,KY,Passenger,0,1,1,4,5,20.00
February 28 2021,Hillsborough,FL,Passenger,0,1,1,167,168,0.60
May 31 2023,New Haven,CT,Passenger,0,2,2,26,28,7.14
May 31 2021,Kings,NY,Passenger,1,0,1,70,71,1.41
October 31 2017,Wayne,MI,Passenger,0,1,1,71,72,1.39
December 31 2022,Kittitas,WA,Passenger,300,93,393,29523,29916,1.31
November 30 2020,Lincoln,WA,Truck,0,0,0,4658,4658,0.00
January 31 2021,Bucks,PA,Passenger,1,0,1,21,22,4.55
April 30 2020,Calvert,MD,Passenger,0,2,2,90,92,2.17
May 31 2020,Adams,WA,Truck,0,0,0,5215,5215,0.00
March 31 2022,Dorchester,SC,Passenger,1,0,1,70,71,1.41
February 28 2021,Klickitat,WA,Passenger,65,45,110,14992,15102,0.73
May 31 2019,Okanogan,WA,Passenger,21,23,44,26062,26106,0.17
August 31 2018,Arlington,VA,Passenger,1,1,2,174,176,1.14
August 31 2019,Sangamon,IL,Passenger,1,0,1,6,7,14.29
March 31 2024,Prince George's,MD,Passenger,3,1,4,103,107,3.74
September 30 2022,Whitman,WA,Truck,2,0,2,8574,8576,0.02
November 30 2018,Spokane,WA,Truck,1,0,1,93649,93650,0.00
January 31 2022,Mason,WA,Truck,0,0,0,21158,21158,0.00
April 30 2022,Thurston,WA,Passenger,2070,1013,3083,194597,197680,1.56
September 30 2017,Sacramento,CA,Passenger,1,1,2,347,349,0.57
November 30 2018,Riverside,CA,Passenger,2,2,4,692,696,0.57
May 31 2020,Loudoun,VA,Passenger,1,0,1,89,90,1.11
October 31 2022,Harris,TX,Passenger,1,0,1,162,163,0.61
November 30 2022,Rockingham,NH,Passenger,1,0,1,14,15,6.67
January 31 2018,Flathead,MT,Passenger,1,0,1,56,57,1.75
January 31 2018,El Paso,TX,Passenger,1,0,1,521,522,0.19
May 31 2018,Utah,UT,Passenger,0,1,1,142,143,0.70
April 30 2019,King,WA,Truck,5,1,6,181778,181784,0.00
May 31 2019,Cowlitz,WA,Truck,0,0,0,28838,28838,0.00
August 31 2020,Norfolk,VA,Passenger,2,2,4,343,347,1.15
December 31 2019,Polk,FL,Passenger,1,0,1,74,75,1.33
January 31 2024,Harford,MD,Passenger,1,1,2,41,43,4.65
May 31 2020,Clay,FL,Passenger,0,1,1,85,86,1.16
July 31 2019,Penobscot,ME,Passenger,0,1,1,14,15,6.67
October 31 2023,Spokane,WA,Truck,48,0,48,101727,101775,0.05
April 30 2022,Kitsap,WA,Passenger,2323,1019,3342,178716,182058,1.84
May 31 2023,Franklin,WA,Passenger,301,137,438,62030,62468,0.70
September 30 2023,Chesterfield,VA,Passenger,1,0,1,35,36,2.78
December 31 2019,Harford,MD,Passenger,0,1,1,59,60,1.67
February 29 2024,Miami-Dade,FL,Passenger,1,0,1,51,52,1.92
January 31 2024,Sedgwick,KS,Passenger,1,0,1,42,43,2.33
September 30 2017,Sumter,FL,Passenger,0,1,1,10,11,9.09
December 31 2023,Grant,WA,Truck,14,0,14,27978,27992,0.05
April 30 2022,Lincoln,WA,Truck,0,0,0,4850,4850,0.00
December 31 2023,Currituck,NC,Passenger,1,0,1,18,19,5.26
January 31 2022,Lee,FL,Passenger,1,0,1,34,35,2.86
June 30 2022,Pend Oreille,WA,Passenger,17,11,28,9043,9071,0.31
May 31 2023,Clark,WA,Truck,90,0,90,81470,81560,0.11
March 31 2019,Alameda,CA,Passenger,2,2,4,328,332,1.20
February 28 2022,Camden,NJ,Passenger,0,1,1,13,14,7.14
November 30 2022,Louisa,VA,Passenger,0,1,1,1,2,50.00
January 31 2021,Stevens,WA,Truck,0,0,0,18745,18745,0.00
September 30 2019,El Paso,CO,Passenger,2,1,3,750,753,0.40
May 31 2017,Charles,MD,Passenger,0,1,1,91,92,1.09
June 30 2018,Riverside,CA,Passenger,2,2,4,704,708,0.56
October 31 2019,Cook,IL,Passenger,1,0,1,246,247,0.40
January 31 2017,Norfolk,MA,Passenger,1,0,1,40,41,2.44
March 31 2023,Pacific,WA,Truck,3,0,3,7820,7823,0.04
December 31 2019,Vigo,IN,Passenger,1,0,1,6,7,14.29
June 30 2021,Larimer,CO,Passenger,1,0,1,49,50,2.00
December 31 2017,Okanogan,WA,Truck,0,0,0,16267,16267,0.00
January 31 2017,King,WA,Truck,8,1,9,191060,191069,0.00
July 31 2018,Gwinnett,GA,Passenger,0,1,1,85,86,1.16
July 31 2023,Muscogee,GA,Passenger,0,1,1,98,99,1.01
July 31 2022,Wichita,TX,Passenger,1,0,1,42,43,2.33
November 30 2018,Walla Walla,WA,Passenger,38,52,90,36091,36181,0.25
June 30 2018,Collier,FL,Passenger,1,0,1,22,23,4.35
April 30 2018,Lumpkin,GA,Passenger,1,0,1,7,8,12.50
January 31 2017,Spokane,WA,Truck,1,0,1,90418,90419,0.00
April 30 2022,Clallam,WA,Truck,1,0,1,21980,21981,0.00
May 31 2020,Rockingham,NH,Passenger,1,0,1,25,26,3.85
April 30 2021,Contra Costa,CA,Passenger,3,4,7,276,283,2.47
April 30 2017,Saratoga,NY,Passenger,1,1,2,74,76,2.63
January 31 2024,Richmond,NY,Passenger,1,0,1,4,5,20.00
April 30 2021,Cowlitz,WA,Truck,0,0,0,29165,29165,0.00
July 31 2020,Yakima,WA,Truck,0,0,0,60188,60188,0.00
November 30 2018,Stevens,WA,Passenger,17,27,44,31778,31822,0.14
October 31 2023,Boulder,CO,Passenger,2,0,2,27,29,6.90
May 31 2020,Moore,NC,Passenger,0,1,1,164,165,0.61
June 30 2019,Houston,GA,Passenger,1,0,1,55,56,1.79
June 30 2017,Dale,AL,Passenger,0,1,1,63,64,1.56
February 28 2018,Canyon,ID,Passenger,0,1,1,97,98,1.02
April 30 2024,Santa Barbara,CA,Passenger,1,0,1,58,59,1.69
October 31 2019,San Francisco,CA,Passenger,2,1,3,104,107,2.80
May 31 2022,Monterey,CA,Passenger,0,3,3,146,149,2.01
July 31 2019,Tulsa,OK,Passenger,1,1,2,53,55,3.64
November 30 2022,Parker,TX,Passenger,0,1,1,19,20,5.00
February 28 2017,Franklin,MA,Passenger,0,1,1,4,5,20.00
April 30 2023,Williamsburg,VA,Passenger,0,1,1,7,8,12.50
September 30 2018,Pima,AZ,Passenger,1,1,2,433,435,0.46
June 30 2022,Suffolk,VA,Passenger,1,0,1,125,126,0.79
January 31 2023,Yuba,CA,Passenger,1,0,1,56,57,1.75
November 30 2023,Prince George's,MD,Passenger,3,1,4,109,113,3.54
August 31 2019,King,WA,Passenger,20002,7202,27204,1392577,1419781,1.92
March 31 2024,Jefferson,WA,Truck,21,0,21,9087,9108,0.23
June 30 2022,Orange,CA,Passenger,6,3,9,392,401,2.24
April 30 2019,Marion,OR,Passenger,1,0,1,120,121,0.83
November 30 2023,Harnett,NC,Passenger,4,0,4,131,135,2.96
February 29 2020,Shelby,TN,Passenger,0,1,1,99,100,1.00
July 31 2018,Prince William,VA,Passenger,0,5,5,263,268,1.87
May 31 2019,Kootenai,ID,Passenger,1,2,3,217,220,1.36
July 31 2017,Orange,CA,Passenger,3,1,4,638,642,0.62
November 30 2020,Hillsborough,FL,Passenger,0,1,1,176,177,0.56
February 28 2021,Lake,FL,Passenger,1,0,1,23,24,4.17
August 31 2022,DeKalb,GA,Passenger,1,0,1,50,51,1.96
March 31 2022,Henrico,VA,Passenger,0,1,1,15,16,6.25
February 28 2018,Clark,WA,Truck,0,0,0,78554,78554,0.00
August 31 2021,Yakima,WA,Passenger,249,163,412,168844,169256,0.24
August 31 2018,Dakota,MN,Passenger,0,2,2,35,37,5.41
April 30 2023,Hillsborough,FL,Passenger,1,2,3,121,124,2.42
March 31 2020,Sumter,FL,Passenger,0,1,1,9,10,10.00
February 28 2019,Whatcom,WA,Truck,2,0,2,42705,42707,0.00
September 30 2023,Saratoga,NY,Passenger,1,1,2,33,35,5.71
July 31 2020,Alexandria,VA,Passenger,3,0,3,134,137,2.19
September 30 2018,Tulsa,OK,Passenger,1,1,2,53,55,3.64
March 31 2022,Flathead,MT,Passenger,1,0,1,41,42,2.38
July 31 2022,Currituck,NC,Passenger,1,0,1,23,24,4.17
August 31 2023,Cowlitz,WA,Passenger,520,231,751,69939,70690,1.06
April 30 2022,Skagit,WA,Passenger,751,328,1079,90225,91304,1.18
July 31 2021,Garfield,WA,Passenger,0,3,3,1370,1373,0.22
March 31 2021,San Joaquin,CA,Passenger,1,0,1,111,112,0.89
November 30 2023,Grays Harbor,WA,Truck,12,0,12,20825,20837,0.06
November 30 2021,Norfolk,VA,Passenger,2,3,5,320,325,1.54
September 30 2018,Denver,CO,Passenger,1,0,1,139,140,0.71
November 30 2017,Madison,ID,Passenger,1,0,1,39,40,2.50
March 31 2023,Ray,MO,Passenger,0,1,1,0,1,100.00
September 30 2017,Snohomish,WA,Passenger,1912,974,2886,514304,517190,0.56
December 31 2023,Whitman,WA,Truck,7,0,7,8615,8622,0.08
April 30 2017,Pacific,WA,Truck,0,0,0,7461,7461,0.00
April 30 2021,Yakima,WA,Truck,0,0,0,61640,61640,0.00
December 31 2017,Skamania,WA,Passenger,10,7,17,8586,8603,0.20
December 31 2020,Hawaii,HI,Passenger,1,0,1,58,59,1.69
July 31 2022,Juneau,AK,Passenger,0,1,1,31,32,3.12
March 31 2023,Columbia,OR,Passenger,1,0,1,12,13,7.69
February 28 2021,Maui,HI,Passenger,2,0,2,31,33,6.06
June 30 2020,Sumter,FL,Passenger,0,1,1,9,10,10.00
July 31 2019,Nantucket,MA,Passenger,1,0,1,2,3,33.33
August 31 2017,Yakima,WA,Passenger,54,67,121,160129,160250,0.08
February 29 2020,Yakima,WA,Passenger,122,116,238,165921,166159,0.14
September 30 2020,Ferry,WA,Passenger,8,3,11,4307,4318,0.25
June 30 2021,Columbia,WA,Passenger,6,2,8,2466,2474,0.32
July 31 2022,Duval,FL,Passenger,1,2,3,288,291,1.03
May 31 2017,,,Passenger,2,0,2,464,466,0.43
September 30 2022,Yavapai,AZ,Passenger,0,1,1,23,24,4.17
January 31 2019,Lee,AL,Passenger,1,0,1,36,37,2.70
November 30 2020,Shelby,OH,Passenger,0,1,1,2,3,33.33
April 30 2018,Sacramento,CA,Passenger,1,1,2,316,318,0.63
November 30 2022,Norfolk,VA,Passenger,2,3,5,295,300,1.67
November 30 2020,Klickitat,WA,Truck,0,0,0,8081,8081,0.00
August 31 2019,Clark,WA,Passenger,1647,959,2606,315469,318075,0.82
September 30 2020,Franklin,WA,Passenger,68,75,143,60907,61050,0.23
July 31 2018,Douglas,WA,Truck,0,0,0,11970,11970,0.00
September 30 2022,Queens,NY,Passenger,1,0,1,42,43,2.33
October 31 2022,Charleston,SC,Passenger,2,2,4,61,65,6.15
June 30 2021,Hawaii,HI,Passenger,1,0,1,50,51,1.96
December 31 2022,Hanover,VA,Passenger,1,0,1,1,2,50.00
March 31 2019,Spokane,WA,Passenger,490,392,882,307713,308595,0.29
October 31 2017,Lincoln,WA,Passenger,2,5,7,7575,7582,0.09
July 31 2021,Philadelphia,PA,Passenger,1,0,1,49,50,2.00
July 31 2021,Dallas,IA,Passenger,0,1,1,8,9,11.11
March 31 2023,Adams,CO,Passenger,1,0,1,26,27,3.70
July 31 2022,St. Lawrence,NY,Passenger,1,0,1,3,4,25.00
February 28 2022,Jefferson,WA,Passenger,392,202,594,24666,25260,2.35
April 30 2024,Douglas,WA,Passenger,273,89,362,28242,28604,1.27
February 28 2023,Walla Walla,WA,Truck,3,0,3,13826,13829,0.02
October 31 2019,District of Columbia,DC,Passenger,1,1,2,206,208,0.96
July 31 2023,Maui,HI,Passenger,1,0,1,22,23,4.35
February 28 2021,Oldham,KY,Passenger,0,1,1,4,5,20.00
April 30 2017,Prince George's,MD,Passenger,0,1,1,183,184,0.54
October 31 2021,Richland,SC,Passenger,0,2,2,137,139,1.44
July 31 2023,Skamania,WA,Truck,1,0,1,3845,3846,0.03
May 31 2018,DeKalb,GA,Passenger,1,0,1,83,84,1.19
September 30 2020,Randolph,NC,Passenger,1,0,1,8,9,11.11
August 31 2022,Lee,FL,Passenger,1,0,1,33,34,2.94
March 31 2024,Goochland,VA,Passenger,1,0,1,26,27,3.70
January 31 2023,Nueces,TX,Passenger,0,1,1,53,54,1.85
February 29 2024,Rock Island,IL,Passenger,0,1,1,11,12,8.33
April 30 2022,San Bernardino,CA,Passenger,2,1,3,372,375,0.80
September 30 2020,Suffolk,MA,Passenger,0,2,2,36,38,5.26
October 31 2017,Madison,ID,Passenger,1,0,1,37,38,2.63
December 31 2020,Saginaw,MI,Passenger,2,0,2,11,13,15.38
May 31 2019,Rogers,OK,Passenger,1,0,1,6,7,14.29
June 30 2017,DeKalb,IN,Passenger,1,0,1,1,2,50.00
February 28 2019,San Juan,WA,Truck,0,0,0,5797,5797,0.00
December 31 2020,Middlesex,MA,Passenger,1,0,1,99,100,1.00
December 31 2020,Fairbanks North Star,AK,Passenger,0,1,1,94,95,1.05
November 30 2022,Pend Oreille,WA,Truck,0,0,0,5602,5602,0.00
February 28 2023,Harrison,MS,Passenger,1,0,1,38,39,2.56
October 31 2022,Kauai,HI,Passenger,1,0,1,16,17,5.88
December 31 2023,Palm Beach,FL,Passenger,0,1,1,38,39,2.56
September 30 2022,Camden,NJ,Passenger,0,1,1,13,14,7.14
January 31 2020,Cowlitz,WA,Passenger,127,111,238,73593,73831,0.32
January 31 2023,Columbia,WA,Passenger,8,1,9,2431,2440,0.37
December 31 2017,Maricopa,AZ,Passenger,2,1,3,1680,1683,0.18
August 31 2022,San Diego,CA,Passenger,21,7,28,2378,2406,1.16
May 31 2018,Virginia Beach,VA,Passenger,2,1,3,682,685,0.44
May 31 2021,Hillsborough,FL,Passenger,0,2,2,161,163,1.23
April 30 2017,Montgomery,MD,Passenger,1,0,1,309,310,0.32
December 31 2022,Collier,FL,Passenger,1,0,1,18,19,5.26
July 31 2017,Lane,OR,Passenger,0,1,1,231,232,0.43
August 31 2019,Clallam,WA,Passenger,184,148,332,50725,51057,0.65
June 30 2019,Pinal,AZ,Passenger,2,0,2,201,203,0.99
January 31 2020,San Juan,WA,Truck,0,0,0,5925,5925,0.00
May 31 2018,Manatee,FL,Passenger,1,0,1,38,39,2.56
January 31 2020,Wilson,TX,Passenger,0,1,1,8,9,11.11
November 30 2020,Grays Harbor,WA,Passenger,122,117,239,48526,48765,0.49
October 31 2022,Kitsap,WA,Passenger,2628,1124,3752,177143,180895,2.07
August 31 2018,Lee,AL,Passenger,1,0,1,38,39,2.56
June 30 2020,Vigo,IN,Passenger,1,0,1,5,6,16.67
February 28 2021,Pacific,WA,Truck,0,0,0,7825,7825,0.00
December 31 2018,Kootenai,ID,Passenger,1,2,3,218,221,1.36
January 31 2017,Ferry,WA,Truck,0,0,0,3581,3581,0.00
September 30 2018,Pierce,WA,Passenger,1325,1267,2592,535419,538011,0.48
August 31 2021,Adams,WA,Passenger,16,14,30,13031,13061,0.23
September 30 2021,Harrison,MS,Passenger,2,0,2,56,58,3.45
March 31 2024,Garfield,WA,Passenger,0,3,3,1292,1295,0.23
April 30 2020,Island,WA,Truck,1,0,1,21136,21137,0.00
September 30 2021,Whitman,WA,Truck,0,0,0,8558,8558,0.00
March 31 2023,Howard,MD,Passenger,0,2,2,57,59,3.39
July 31 2018,Volusia,FL,Passenger,0,1,1,35,36,2.78
October 31 2019,Eagle,CO,Passenger,1,0,1,6,7,14.29
September 30 2017,San Juan,WA,Truck,0,0,0,5557,5557,0.00
July 31 2018,Pend Oreille,WA,Truck,0,0,0,5702,5702,0.00
August 31 2023,San Juan,WA,Truck,15,0,15,5922,5937,0.25
March 31 2017,Volusia,FL,Passenger,0,1,1,49,50,2.00
November 30 2023,Montgomery,OH,Passenger,0,1,1,36,37,2.70
February 28 2021,Yakima,WA,Passenger,186,135,321,167450,167771,0.19
June 30 2019,Whatcom,WA,Passenger,854,427,1281,150668,151949,0.84
December 31 2021,Cowlitz,WA,Passenger,274,163,437,71520,71957,0.61
September 30 2018,Grant,WA,Passenger,33,50,83,63765,63848,0.13
April 30 2017,Marion,OR,Passenger,1,0,1,186,187,0.53
March 31 2024,Mason,WA,Truck,22,0,22,19978,20000,0.11
December 31 2022,St. Mary's,MD,Passenger,1,0,1,183,184,0.54
October 31 2018,Maui,HI,Passenger,2,0,2,56,58,3.45
April 30 2021,Lee,FL,Passenger,1,0,1,42,43,2.33
March 31 2020,Rogers,OK,Passenger,1,0,1,6,7,14.29
June 30 2019,RÃ­o Grande,PR,Passenger,1,0,1,1,2,50.00
February 28 2018,Klickitat,WA,Passenger,25,27,52,14944,14996,0.35
February 28 2022,Maricopa,AZ,Passenger,8,4,12,1158,1170,1.03
March 31 2024,Ventura,CA,Passenger,3,2,5,180,185,2.70
June 30 2021,Contra Costa,CA,Passenger,2,3,5,257,262,1.91
August 31 2021,Clallam,WA,Truck,1,0,1,22011,22012,0.00
December 31 2019,Eagle,CO,Passenger,1,0,1,6,7,14.29
November 30 2019,Yakima,WA,Passenger,118,116,234,165968,166202,0.14
January 31 2024,Grant,WA,Truck,19,0,19,27906,27925,0.07
October 31 2018,San Juan,WA,Truck,0,0,0,5786,5786,0.00
December 31 2021,Leavenworth,KS,Passenger,0,1,1,105,106,0.94
December 31 2020,Arlington,VA,Passenger,0,2,2,144,146,1.37
February 29 2020,Pinellas,FL,Passenger,1,1,2,117,119,1.68
April 30 2022,Kings,CA,Passenger,2,1,3,315,318,0.94
December 31 2021,Las Animas,CO,Passenger,1,0,1,0,1,100.00
July 31 2021,Pierce,WA,Passenger,3635,2014,5649,559072,564721,1.00
February 29 2024,Klickitat,WA,Passenger,191,77,268,14956,15224,1.76
November 30 2019,San Diego,CA,Passenger,10,3,13,2803,2816,0.46
April 30 2024,Lake,IL,Passenger,5,0,5,102,107,4.67
April 30 2017,Marin,CA,Passenger,1,0,1,59,60,1.67
February 28 2022,Harford,MD,Passenger,1,1,2,48,50,4.00
March 31 2020,Adams,WA,Truck,0,0,0,5217,5217,0.00
December 31 2018,Douglas,NE,Passenger,0,1,1,68,69,1.45
December 31 2023,Hardin,KY,Passenger,1,0,1,55,56,1.79
October 31 2018,Saratoga,NY,Passenger,1,0,1,57,58,1.72
September 30 2020,Okanogan,WA,Passenger,45,36,81,25955,26036,0.31
May 31 2019,Stevens,WA,Truck,0,0,0,18672,18672,0.00
December 31 2018,Clallam,WA,Truck,0,0,0,21640,21640,0.00
December 31 2018,Douglas,WA,Truck,0,0,0,12159,12159,0.00
December 31 2022,Norfolk,VA,Passenger,2,3,5,296,301,1.66
October 31 2020,Morris,NJ,Passenger,1,0,1,17,18,5.56
May 31 2017,Hamilton,IN,Passenger,1,0,1,62,63,1.59
November 30 2018,Guadalupe,TX,Passenger,1,0,1,83,84,1.19
December 31 2023,Kittitas,WA,Truck,23,0,23,14542,14565,0.16
March 31 2024,St. Mary's,MD,Passenger,1,0,1,161,162,0.62
September 30 2020,Thurston,WA,Passenger,1211,752,1963,197050,199013,0.99
October 31 2021,Whitman,WA,Passenger,63,58,121,21891,22012,0.55
January 31 2021,Lake,IL,Passenger,2,0,2,170,172,1.16
November 30 2023,Columbia,WA,Passenger,12,0,12,2415,2427,0.49
December 31 2023,District of Columbia,DC,Passenger,3,0,3,141,144,2.08
June 30 2022,Columbia,OR,Passenger,1,0,1,18,19,5.26
October 31 2020,Douglas,WA,Passenger,81,43,124,28067,28191,0.44
January 31 2022,Pierce,WA,Truck,0,0,0,144309,144309,0.00
August 31 2023,Whitman,WA,Passenger,171,81,252,21981,22233,1.13
August 31 2018,Klamath,OR,Passenger,1,0,1,37,38,2.63
October 31 2021,Riverside,CA,Passenger,5,1,6,543,549,1.09
April 30 2018,Kootenai,ID,Passenger,0,1,1,226,227,0.44
March 31 2019,Ada,ID,Passenger,0,2,2,320,322,0.62
May 31 2023,Kauai,HI,Passenger,1,1,2,14,16,12.50
July 31 2021,Baltimore,MD,Passenger,1,0,1,107,108,0.93
March 31 2022,Richmond,NY,Passenger,1,0,1,4,5,20.00
October 31 2022,Clallam,WA,Truck,7,0,7,21876,21883,0.03
February 28 2018,Hamilton,IN,Passenger,1,0,1,51,52,1.92
April 30 2017,Collier,FL,Passenger,1,0,1,20,21,4.76
November 30 2018,Pacific,WA,Truck,0,0,0,7607,7607,0.00
June 30 2022,Arapahoe,CO,Passenger,0,1,1,96,97,1.03
October 31 2021,Ray,MO,Passenger,0,1,1,1,2,50.00
March 31 2018,Chelan,WA,Passenger,96,41,137,53345,53482,0.26
February 28 2022,Fairfax,VA,Passenger,4,3,7,672,679,1.03
October 31 2019,Charleston,SC,Passenger,1,0,1,117,118,0.85
January 31 2020,Pend Oreille,WA,Truck,0,0,0,5776,5776,0.00
August 31 2023,Broward,FL,Passenger,1,0,1,57,58,1.72
April 30 2020,Polk,FL,Passenger,1,0,1,74,75,1.33
May 31 2022,Douglas,WA,Truck,0,0,0,12764,12764,0.00
May 31 2018,Prince George's,MD,Passenger,1,1,2,187,189,1.06
December 31 2018,Sumter,FL,Passenger,0,1,1,10,11,9.09
December 31 2021,Cowlitz,WA,Truck,0,1,1,28980,28981,0.00
April 30 2017,Walla Walla,WA,Passenger,22,24,46,34830,34876,0.13
March 31 2017,Fairfax,VA,Passenger,3,2,5,866,871,0.57
March 31 2022,Prince William,VA,Passenger,1,3,4,207,211,1.90
September 30 2021,Pennington,SD,Passenger,1,0,1,34,35,2.86
August 31 2017,San Diego,CA,Passenger,6,1,7,2667,2674,0.26
May 31 2017,Clark,NV,Passenger,2,2,4,856,860,0.47
November 30 2021,Queens,NY,Passenger,1,0,1,51,52,1.92
June 30 2023,Middlesex,NJ,Passenger,1,0,1,18,19,5.26
November 30 2017,Lewis,WA,Passenger,53,41,94,56416,56510,0.17
February 29 2020,Mason,WA,Truck,0,0,0,20596,20596,0.00
May 31 2019,Clackamas,OR,Passenger,1,1,2,214,216,0.93
May 31 2017,Riverside,CA,Passenger,1,1,2,827,829,0.24
October 31 2020,Penobscot,ME,Passenger,0,1,1,13,14,7.14
April 30 2018,Island,WA,Passenger,184,178,362,62248,62610,0.58
September 30 2017,Dallas,TX,Passenger,0,1,1,184,185,0.54
April 30 2022,Coryell,TX,Passenger,1,0,1,103,104,0.96
January 31 2021,District of Columbia,DC,Passenger,2,1,3,196,199,1.51
March 31 2017,Franklin,OH,Passenger,0,1,1,115,116,0.86
September 30 2021,Escambia,FL,Passenger,0,1,1,149,150,0.67
May 31 2021,Suffolk,MA,Passenger,0,2,2,34,36,5.56
February 28 2021,Deschutes,OR,Passenger,2,0,2,134,136,1.47
April 30 2018,Sedgwick,KS,Passenger,0,1,1,101,102,0.98
October 31 2018,Prince George's,MD,Passenger,1,1,2,183,185,1.08
February 28 2023,Alexandria,VA,Passenger,3,1,4,93,97,4.12
March 31 2024,Washtenaw,MI,Passenger,0,2,2,15,17,11.76
June 30 2023,Snohomish,WA,Truck,173,0,173,121550,121723,0.14
February 28 2022,Whitman,WA,Truck,0,0,0,8575,8575,0.00
July 31 2020,Dallas,TX,Passenger,1,0,1,199,200,0.50
December 31 2019,Collin,TX,Passenger,2,1,3,145,148,2.03
February 28 2017,Northampton,PA,Passenger,2,0,2,231,233,0.86
August 31 2017,Latah,ID,Passenger,0,1,1,95,96,1.04
May 31 2023,Clallam,WA,Truck,20,0,20,21756,21776,0.09
May 31 2020,Putnam,TN,Passenger,0,1,1,3,4,25.00
January 31 2024,Wilson,TX,Passenger,0,1,1,3,4,25.00
September 30 2023,Klickitat,WA,Passenger,174,68,242,15118,15360,1.58
July 31 2019,Asotin,WA,Truck,0,0,0,6660,6660,0.00
June 30 2023,Asotin,WA,Truck,0,0,0,6634,6634,0.00
April 30 2021,Jefferson,WA,Truck,0,0,0,9619,9619,0.00
July 31 2017,San Mateo,CA,Passenger,0,1,1,153,154,0.65
January 31 2021,Alexandria,VA,Passenger,3,0,3,130,133,2.26
April 30 2017,Franklin,MA,Passenger,0,1,1,4,5,20.00
September 30 2019,San Juan,WA,Truck,0,0,0,5914,5914,0.00
March 31 2019,Skagit,WA,Passenger,281,189,470,91323,91793,0.51
July 31 2019,Allegheny,PA,Passenger,2,0,2,86,88,2.27
July 31 2023,New London,CT,Passenger,2,2,4,170,174,2.30
March 31 2018,Hawaii,HI,Passenger,1,0,1,82,83,1.20
February 28 2022,Queens,NY,Passenger,1,0,1,53,54,1.85
May 31 2018,St. Lucie,FL,Passenger,1,0,1,27,28,3.57
October 31 2021,Benton,WA,Truck,0,0,0,43704,43704,0.00
January 31 2020,Spokane,WA,Passenger,683,467,1150,316660,317810,0.36
December 31 2021,Duval,FL,Passenger,0,2,2,331,333,0.60
April 30 2019,Lee,FL,Passenger,1,0,1,53,54,1.85
March 31 2017,Allegheny,PA,Passenger,1,0,1,91,92,1.09
March 31 2022,Rockdale,GA,Passenger,1,0,1,5,6,16.67
April 30 2018,Norfolk,MA,Passenger,1,0,1,37,38,2.63
November 30 2018,Grays Harbor,WA,Truck,0,0,0,20334,20334,0.00
December 31 2022,Benton,WA,Truck,10,0,10,43317,43327,0.02
April 30 2024,Grays Harbor,WA,Truck,21,0,21,20165,20186,0.10
November 30 2019,Garfield,WA,Truck,0,0,0,963,963,0.00
February 29 2024,Asotin,WA,Passenger,44,25,69,12210,12279,0.56
March 31 2022,Spokane,WA,Passenger,1438,799,2237,325440,327677,0.68
November 30 2020,El Paso,CO,Passenger,2,0,2,711,713,0.28
March 31 2024,Skamania,WA,Truck,3,0,3,3733,3736,0.08
July 31 2023,Hawaii,HI,Passenger,1,0,1,29,30,3.33
November 30 2017,King,WA,Truck,7,1,8,185478,185486,0.00
May 31 2023,Whitman,WA,Passenger,144,75,219,21950,22169,0.99
January 31 2020,Kittitas,WA,Passenger,93,47,140,30082,30222,0.46
October 31 2017,Latah,ID,Passenger,0,1,1,87,88,1.14
July 31 2019,Maricopa,AZ,Passenger,7,6,13,1613,1626,0.80
June 30 2020,Sacramento,CA,Passenger,1,1,2,282,284,0.70
December 31 2017,Orange,FL,Passenger,1,1,2,140,142,1.41
May 31 2019,Los Angeles,CA,Passenger,6,5,11,1126,1137,0.97
May 31 2023,Fairfax,VA,Passenger,7,3,10,595,605,1.65
March 31 2020,King,WA,Passenger,23880,7719,31599,1396451,1428050,2.21
October 31 2018,Whatcom,WA,Passenger,701,340,1041,148770,149811,0.69
April 30 2022,Spokane,WA,Truck,0,0,0,102318,102318,0.00
February 29 2020,Lewis,WA,Truck,0,0,0,26102,26102,0.00
May 31 2022,Clackamas,OR,Passenger,2,0,2,157,159,1.26
October 31 2017,Utah,UT,Passenger,0,1,1,150,151,0.66
January 31 2024,Nueces,TX,Passenger,1,1,2,46,48,4.17
January 31 2024,St. Louis,MN,Passenger,0,1,1,5,6,16.67
April 30 2023,Mercer,NJ,Passenger,0,1,1,14,15,6.67
February 28 2021,Snohomish,WA,Passenger,5270,1892,7162,538035,545197,1.31
April 30 2022,Kitsap,WA,Truck,1,0,1,53761,53762,0.00
November 30 2023,Virginia Beach,VA,Passenger,4,2,6,414,420,1.43
June 30 2018,Kitsap,WA,Truck,1,0,1,53206,53207,0.00
May 31 2020,Douglas,WA,Truck,0,0,0,12275,12275,0.00
February 28 2017,Okanogan,WA,Truck,0,0,0,16298,16298,0.00
November 30 2021,Kootenai,ID,Passenger,0,1,1,192,193,0.52
September 30 2020,Virginia Beach,VA,Passenger,1,0,1,659,660,0.15
August 31 2020,Sedgwick,KS,Passenger,1,1,2,93,95,2.11
March 31 2020,Arlington,VA,Passenger,0,2,2,157,159,1.26
June 30 2018,Canyon,ID,Passenger,0,1,1,94,95,1.05
September 30 2019,Ferry,WA,Truck,0,0,0,3584,3584,0.00
December 31 2018,Shasta,CA,Passenger,1,0,1,43,44,2.27
February 28 2018,Jefferson,CO,Passenger,0,1,1,70,71,1.41
April 30 2024,Onslow,NC,Passenger,0,1,1,112,113,0.88
August 31 2023,Rockdale,GA,Passenger,1,0,1,5,6,16.67
July 31 2022,Rogers,OK,Passenger,1,0,1,2,3,33.33
September 30 2022,St. Lawrence,NY,Passenger,1,0,1,2,3,33.33
May 31 2023,Grant,WA,Truck,10,0,10,28008,28018,0.04
February 28 2022,Ferry,WA,Truck,0,0,0,3567,3567,0.00
November 30 2020,Wahkiakum,WA,Passenger,6,6,12,3039,3051,0.39
April 30 2017,Cowlitz,WA,Passenger,52,48,100,69318,69418,0.14
January 31 2018,Columbia,WA,Passenger,2,1,3,2401,2404,0.12
June 30 2021,Portsmouth,VA,Passenger,0,1,1,77,78,1.28
January 31 2023,Champaign,IL,Passenger,1,0,1,13,14,7.14
May 31 2018,Multnomah,OR,Passenger,3,4,7,816,823,0.85
August 31 2020,Lewis,WA,Truck,0,0,0,26366,26366,0.00
January 31 2023,Sumter,SC,Passenger,0,1,1,33,34,2.94
December 31 2022,Adams,CO,Passenger,1,0,1,32,33,3.03
August 31 2017,Polk,FL,Passenger,1,0,1,67,68,1.47
July 31 2020,Sarasota,FL,Passenger,2,0,2,35,37,5.41
March 31 2018,Mercer,NJ,Passenger,0,1,1,21,22,4.55
September 30 2018,King,WA,Passenger,14201,6079,20280,1373553,1393833,1.45
February 28 2019,Klickitat,WA,Passenger,30,32,62,15447,15509,0.40
August 31 2022,Clackamas,OR,Passenger,2,0,2,141,143,1.40
July 31 2023,Garfield,WA,Passenger,0,3,3,1303,1306,0.23
December 31 2018,Frederick,MD,Passenger,0,1,1,79,80,1.25
August 31 2022,Kauai,HI,Passenger,1,0,1,16,17,5.88
April 30 2017,Jefferson,WA,Truck,0,0,0,9440,9440,0.00
February 28 2017,Missoula,MT,Passenger,1,0,1,81,82,1.22
June 30 2023,Yavapai,AZ,Passenger,0,1,1,18,19,5.26
April 30 2019,Eagle,CO,Passenger,1,0,1,6,7,14.29
November 30 2019,Vigo,IN,Passenger,1,0,1,6,7,14.29
September 30 2023,Spokane,WA,Truck,48,0,48,101821,101869,0.05
June 30 2021,Spokane,WA,Passenger,1069,647,1716,326216,327932,0.52
May 31 2017,Flathead,MT,Passenger,1,0,1,64,65,1.54
June 30 2022,Randolph,NC,Passenger,1,0,1,6,7,14.29
October 31 2018,Ramsey,MN,Passenger,1,0,1,42,43,2.33
October 31 2021,Flathead,MT,Passenger,1,0,1,51,52,1.92
July 31 2019,Carroll,NH,Passenger,0,1,1,3,4,25.00
December 31 2018,Benton,WA,Truck,0,0,0,41559,41559,0.00
August 31 2022,Stevens,WA,Passenger,77,56,133,29987,30120,0.44
April 30 2020,Williamson,TX,Passenger,0,2,2,145,147,1.36
January 31 2022,Essex,NJ,Passenger,2,0,2,14,16,12.50
March 31 2018,San Juan,WA,Passenger,140,50,190,13930,14120,1.35
October 31 2020,Pima,AZ,Passenger,3,1,4,354,358,1.12
January 31 2024,Hamilton,OH,Passenger,1,0,1,24,25,4.00
July 31 2020,Collier,FL,Passenger,1,0,1,21,22,4.55
May 31 2021,Albemarle,VA,Passenger,1,0,1,23,24,4.17
January 31 2022,Wood,OH,Passenger,0,1,1,7,8,12.50
December 31 2022,Owyhee,ID,Passenger,1,0,1,3,4,25.00
November 30 2019,Anne Arundel,MD,Passenger,1,1,2,433,435,0.46
January 31 2017,San Juan,WA,Truck,0,0,0,5593,5593,0.00
December 31 2021,Harnett,NC,Passenger,1,1,2,168,170,1.18
September 30 2019,Fresno,CA,Passenger,1,0,1,208,209,0.48
June 30 2022,Sarpy,NE,Passenger,1,0,1,66,67,1.49
February 28 2023,Albemarle,VA,Passenger,2,0,2,17,19,10.53
May 31 2018,Cowlitz,WA,Passenger,58,75,133,71516,71649,0.19
January 31 2023,Fairfax,VA,Passenger,7,3,10,624,634,1.58
January 31 2022,Ada,ID,Passenger,1,0,1,196,197,0.51
May 31 2023,Hanover,VA,Passenger,1,0,1,1,2,50.00
September 30 2022,Middlesex,NJ,Passenger,1,0,1,21,22,4.55
February 29 2020,Henrico,VA,Passenger,0,1,1,20,21,4.76
February 28 2017,Lewis,WA,Passenger,45,33,78,54970,55048,0.14
February 28 2021,Chelan,WA,Truck,0,0,0,22863,22863,0.00
October 31 2020,Grant,WA,Truck,0,0,0,27376,27376,0.00
July 31 2017,Madison,ID,Passenger,1,0,1,38,39,2.56
August 31 2020,Denver,CO,Passenger,1,0,1,121,122,0.82
January 31 2017,Clark,NV,Passenger,1,4,5,940,945,0.53
October 31 2021,Broward,FL,Passenger,2,0,2,103,105,1.90
April 30 2024,Brown,WI,Passenger,1,0,1,5,6,16.67
September 30 2018,Prince William,VA,Passenger,0,5,5,259,264,1.89
December 31 2022,Pacific,WA,Truck,2,0,2,7829,7831,0.03
June 30 2017,Columbia,WA,Truck,0,0,0,1532,1532,0.00
September 30 2023,Travis,TX,Passenger,2,1,3,83,86,3.49
January 31 2017,Union,OH,Passenger,1,0,1,4,5,20.00
May 31 2022,Williamson,TX,Passenger,1,2,3,93,96,3.12
January 31 2024,Adams,WA,Truck,3,0,3,5331,5334,0.06
July 31 2019,Eagle,CO,Passenger,1,0,1,6,7,14.29
April 30 2023,Kitsap,WA,Passenger,3058,1229,4287,175893,180180,2.38
August 31 2020,Clallam,WA,Truck,1,0,1,21696,21697,0.00
December 31 2019,Kern,CA,Passenger,0,1,1,226,227,0.44
June 30 2023,Sacramento,CA,Passenger,3,1,4,172,176,2.27
June 30 2018,Washoe,NV,Passenger,1,0,1,121,122,0.82
June 30 2017,King,WA,Truck,8,1,9,187715,187724,0.00
December 31 2018,Moore,NC,Passenger,0,1,1,190,191,0.52
September 30 2020,Sarasota,FL,Passenger,2,0,2,34,36,5.56
August 31 2019,Collier,FL,Passenger,1,0,1,20,21,4.76
December 31 2023,Chelan,WA,Truck,40,0,40,23023,23063,0.17
May 31 2019,Grays Harbor,WA,Passenger,73,84,157,47832,47989,0.33
February 28 2023,Multnomah,OR,Passenger,1,2,3,483,486,0.62
June 30 2023,Multnomah,OR,Passenger,1,2,3,453,456,0.66
August 31 2019,Dallas,TX,Passenger,1,0,1,214,215,0.47
January 31 2024,Orange,NC,Passenger,0,1,1,4,5,20.00
June 30 2019,Valencia,NM,Passenger,1,0,1,9,10,10.00
December 31 2022,Marion,OR,Passenger,1,0,1,82,83,1.20
February 28 2019,Ferry,WA,Truck,0,0,0,3592,3592,0.00
July 31 2020,Pinal,AZ,Passenger,1,0,1,187,188,0.53
October 31 2018,Juneau,AK,Passenger,0,1,1,43,44,2.27
May 31 2023,Bell,TX,Passenger,1,0,1,273,274,0.36
December 31 2022,,,Passenger,4,0,4,301,305,1.31
November 30 2022,Kauai,HI,Passenger,1,1,2,15,17,11.76
December 31 2018,Clark,WA,Truck,0,0,0,79830,79830,0.00
January 31 2020,Multnomah,OR,Passenger,4,7,11,757,768,1.43
December 31 2018,Orange,CA,Passenger,6,2,8,557,565,1.42
January 31 2024,St. Mary's,MD,Passenger,1,0,1,164,165,0.61
September 30 2022,Columbia,OR,Passenger,1,0,1,15,16,6.25
November 30 2017,Santa Fe,NM,Passenger,0,1,1,42,43,2.33
August 31 2021,Platte,MO,Passenger,1,0,1,17,18,5.56
July 31 2018,Polk,FL,Passenger,1,0,1,68,69,1.45
August 31 2018,Asotin,WA,Passenger,11,8,19,12658,12677,0.15
January 31 2023,,,Passenger,4,0,4,294,298,1.34
December 31 2018,Hennepin,MN,Passenger,2,0,2,105,107,1.87
September 30 2020,Hillsborough,FL,Passenger,0,1,1,180,181,0.55
February 28 2023,Ventura,CA,Passenger,3,2,5,232,237,2.11
December 31 2021,Tarrant,TX,Passenger,3,0,3,146,149,2.01
July 31 2023,Marion,OR,Passenger,1,0,1,67,68,1.47
August 31 2017,Mason,WA,Passenger,59,71,130,43922,44052,0.30
January 31 2022,Chesapeake,VA,Passenger,2,2,4,399,403,0.99
February 28 2019,Orange,CA,Passenger,5,2,7,553,560,1.25
March 31 2021,Mercer,NJ,Passenger,0,1,1,13,14,7.14
September 30 2022,Chelan,WA,Truck,6,0,6,23068,23074,0.03
January 31 2019,St. Mary's,MD,Passenger,1,0,1,209,210,0.48
January 31 2024,Adams,CO,Passenger,1,0,1,18,19,5.26
October 31 2021,Clinton,PA,Passenger,1,0,1,0,1,100.00
September 30 2021,Collin,TX,Passenger,2,0,2,119,121,1.65
April 30 2021,Arlington,VA,Passenger,0,1,1,145,146,0.68
April 30 2021,Clallam,WA,Truck,1,0,1,21981,21982,0.00
November 30 2021,Escambia,FL,Passenger,0,1,1,146,147,0.68
November 30 2022,Muscogee,GA,Passenger,0,1,1,118,119,0.84
January 31 2021,Lake,FL,Passenger,1,0,1,23,24,4.17
April 30 2020,King,WA,Truck,5,1,6,181477,181483,0.00
October 31 2019,Pend Oreille,WA,Passenger,7,6,13,9489,9502,0.14
April 30 2023,Chesterfield,VA,Passenger,1,0,1,38,39,2.56
December 31 2017,Maui,HI,Passenger,1,0,1,68,69,1.45
October 31 2021,Houston,GA,Passenger,1,0,1,45,46,2.17
February 28 2022,Allen,IN,Passenger,1,0,1,20,21,4.76
March 31 2018,Multnomah,OR,Passenger,3,4,7,825,832,0.84
October 31 2022,Hillsborough,FL,Passenger,1,2,3,129,132,2.27
February 28 2017,Monroe,NY,Passenger,1,0,1,29,30,3.33
February 29 2020,Tulsa,OK,Passenger,1,1,2,55,57,3.51
January 31 2020,Mercer,NJ,Passenger,0,1,1,19,20,5.00
January 31 2021,King,WA,Truck,6,1,7,184281,184288,0.00
August 31 2017,El Paso,CO,Passenger,2,0,2,784,786,0.25
July 31 2021,Yamhill,OR,Passenger,1,0,1,41,42,2.38
June 30 2020,Clay,FL,Passenger,0,1,1,86,87,1.15
February 28 2018,Clark,WA,Passenger,888,616,1504,305262,306766,0.49
June 30 2018,Kootenai,ID,Passenger,0,1,1,221,222,0.45
July 31 2017,Deschutes,OR,Passenger,1,0,1,202,203,0.49
May 31 2020,Washtenaw,MI,Passenger,1,0,1,34,35,2.86
February 28 2019,Washoe,NV,Passenger,2,0,2,111,113,1.77
July 31 2020,Denton,TX,Passenger,1,0,1,93,94,1.06
December 31 2020,Marion,IA,Passenger,1,0,1,1,2,50.00
January 31 2024,Thurston,WA,Truck,96,0,96,53155,53251,0.18
October 31 2023,Prince William,VA,Passenger,1,2,3,153,156,1.92
August 31 2020,Pima,AZ,Passenger,3,1,4,356,360,1.11
February 28 2019,Shasta,CA,Passenger,1,0,1,46,47,2.13
May 31 2023,Berkeley,SC,Passenger,0,1,1,104,105,0.95
March 31 2023,Camden,NJ,Passenger,0,1,1,13,14,7.14
April 30 2018,Clark,WA,Passenger,943,657,1600,306410,308010,0.52
March 31 2018,Walla Walla,WA,Passenger,32,36,68,35462,35530,0.19
June 30 2019,Lake,CA,Passenger,0,1,1,9,10,10.00
February 29 2020,Clay,FL,Passenger,0,1,1,88,89,1.12
March 31 2018,Douglas,WA,Truck,0,0,0,11857,11857,0.00
December 31 2018,Skamania,WA,Truck,0,0,0,4007,4007,0.00
May 31 2020,DuPage,IL,Passenger,4,0,4,60,64,6.25
April 30 2022,Ferry,WA,Truck,0,0,0,3568,3568,0.00
January 31 2024,Okanogan,WA,Passenger,172,77,249,25926,26175,0.95
November 30 2018,Nassau,NY,Passenger,3,0,3,39,42,7.14
January 31 2024,Sacramento,CA,Truck,1,0,1,27,28,3.57
July 31 2018,Clark,NV,Passenger,2,2,4,752,756,0.53
January 31 2019,Bucks,PA,Passenger,1,0,1,18,19,5.26
September 30 2019,Bucks,PA,Passenger,1,0,1,25,26,3.85
August 31 2021,Prince George's,MD,Passenger,2,1,3,151,154,1.95
May 31 2020,Ferry,WA,Passenger,5,3,8,4333,4341,0.18
October 31 2019,San Joaquin,CA,Passenger,1,0,1,144,145,0.69
June 30 2023,Thurston,WA,Passenger,3105,1237,4342,190228,194570,2.23
January 31 2018,Douglas,WA,Passenger,43,33,76,27226,27302,0.28
July 31 2019,Okanogan,WA,Passenger,23,26,49,26112,26161,0.19
February 28 2018,Tarrant,TX,Passenger,1,0,1,225,226,0.44
July 31 2022,Sarpy,NE,Passenger,1,0,1,66,67,1.49
September 30 2018,Cook,IL,Passenger,1,0,1,261,262,0.38
July 31 2021,Santa Clara,CA,Passenger,9,2,11,276,287,3.83
April 30 2021,Orange,FL,Passenger,1,0,1,119,120,0.83
July 31 2022,Meade,KY,Passenger,1,0,1,23,24,4.17
August 31 2018,Spokane,WA,Truck,1,0,1,93012,93013,0.00
August 31 2021,Pacific,WA,Passenger,48,54,102,16056,16158,0.63
April 30 2023,Houston,GA,Passenger,1,0,1,30,31,3.23
December 31 2021,Portsmouth,VA,Passenger,0,1,1,79,80,1.25
January 31 2022,Hamilton,IN,Passenger,2,0,2,26,28,7.14
March 31 2018,Northampton,PA,Passenger,0,1,1,63,64,1.56
August 31 2022,Duval,FL,Passenger,1,2,3,284,287,1.05
October 31 2021,Danville,VA,Passenger,1,0,1,0,1,100.00
January 31 2018,Madison,ID,Passenger,1,0,1,39,40,2.50
May 31 2019,Norfolk,VA,Passenger,2,2,4,347,351,1.14
October 31 2018,Clark,NV,Passenger,3,2,5,741,746,0.67
February 28 2023,San Mateo,CA,Passenger,1,0,1,73,74,1.35
March 31 2020,Richland,SC,Passenger,0,1,1,155,156,0.64
April 30 2021,Garfield,WA,Truck,0,0,0,1005,1005,0.00
October 31 2017,St. Clair,IL,Passenger,0,1,1,163,164,0.61
December 31 2019,Franklin,WA,Truck,0,0,0,19775,19775,0.00
July 31 2021,Walla Walla,WA,Passenger,115,76,191,36545,36736,0.52
July 31 2023,Dorchester,SC,Passenger,1,0,1,42,43,2.33
January 31 2018,Thurston,WA,Truck,0,0,0,53888,53888,0.00
November 30 2018,Bexar,TX,Passenger,3,4,7,726,733,0.95
October 31 2020,Polk,FL,Passenger,1,0,1,71,72,1.39
November 30 2021,Owyhee,ID,Passenger,1,0,1,2,3,33.33
November 30 2018,Pierce,WA,Passenger,1470,1339,2809,538252,541061,0.52
May 31 2022,Benton,WA,Passenger,727,454,1181,135145,136326,0.87
November 30 2022,Chelan,WA,Passenger,523,141,664,54200,54864,1.21
October 31 2019,Harris,TX,Passenger,1,1,2,276,278,0.72
November 30 2020,New York,NY,Passenger,2,0,2,59,61,3.28
August 31 2021,El Paso,CO,Passenger,3,0,3,688,691,0.43
April 30 2023,Boulder,CO,Passenger,2,0,2,38,40,5.00
September 30 2021,Cook,IL,Passenger,2,0,2,222,224,0.89
April 30 2018,Queens,NY,Passenger,1,0,1,62,63,1.59
April 30 2018,Clackamas,OR,Passenger,0,1,1,227,228,0.44
January 31 2024,Cowlitz,WA,Truck,14,0,14,27734,27748,0.05
December 31 2021,Chelan,WA,Truck,0,0,0,23094,23094,0.00
November 30 2022,Dallas,TX,Passenger,1,0,1,105,106,0.94
July 31 2022,Bryan,GA,Passenger,0,1,1,36,37,2.70
June 30 2020,Harford,MD,Passenger,0,1,1,57,58,1.72
August 31 2021,Charles,MD,Passenger,1,1,2,73,75,2.67
January 31 2018,Yakima,WA,Passenger,60,76,136,162489,162625,0.08
September 30 2018,Stevens,WA,Passenger,14,27,41,31691,31732,0.13
November 30 2022,Fairfax,VA,Passenger,6,3,9,631,640,1.41
February 28 2022,Lake,IL,Passenger,3,0,3,157,160,1.88
September 30 2019,Goochland,VA,Passenger,2,1,3,271,274,1.09
September 30 2022,Yakima,WA,Truck,3,0,3,61369,61372,0.00
June 30 2021,Grant,WA,Passenger,107,89,196,66940,67136,0.29
September 30 2023,Grant,WA,Passenger,327,147,474,67391,67865,0.70
January 31 2024,Wahkiakum,WA,Passenger,32,22,54,3029,3083,1.75
December 31 2017,Jefferson,WA,Passenger,121,74,195,24280,24475,0.80
February 28 2021,Honolulu,HI,Passenger,5,2,7,448,455,1.54
October 31 2023,Monterey,CA,Passenger,0,3,3,117,120,2.50
February 28 2023,San Francisco,CA,Passenger,1,0,1,69,70,1.43
November 30 2020,Alameda,CA,Passenger,3,0,3,275,278,1.08
January 31 2017,Santa Barbara,CA,Passenger,0,1,1,134,135,0.74
January 31 2023,Stafford,VA,Passenger,3,1,4,86,90,4.44
October 31 2022,Adams,WA,Passenger,22,12,34,13016,13050,0.26
November 30 2017,El Paso,CO,Passenger,2,0,2,771,773,0.26
August 31 2018,Clallam,WA,Truck,0,0,0,21475,21475,0.00
March 31 2018,Ramsey,MN,Passenger,1,0,1,39,40,2.50
November 30 2020,Solano,CA,Passenger,1,0,1,208,209,0.48
October 31 2017,Pend Oreille,WA,Truck,0,0,0,5564,5564,0.00
May 31 2020,Columbia,WA,Truck,0,0,0,1522,1522,0.00
February 28 2022,Anchorage,AK,Passenger,2,0,2,138,140,1.43
May 31 2020,Montgomery,PA,Passenger,1,0,1,32,33,3.03
August 31 2020,Stevens,WA,Passenger,36,36,72,30479,30551,0.24
November 30 2022,,,Passenger,4,1,5,299,304,1.64
April 30 2022,Charleston,SC,Passenger,2,1,3,69,72,4.17
March 31 2018,Dallas,TX,Passenger,0,1,1,195,196,0.51
November 30 2023,Ventura,CA,Passenger,3,2,5,197,202,2.48
July 31 2020,DuPage,IL,Passenger,4,0,4,61,65,6.15
April 30 2024,Charlottesville,VA,Passenger,0,1,1,3,4,25.00
April 30 2023,Klickitat,WA,Passenger,138,60,198,15152,15350,1.29
March 31 2020,Kern,CA,Passenger,0,1,1,224,225,0.44
May 31 2021,Fairbanks North Star,AK,Passenger,0,1,1,91,92,1.09
February 28 2022,Duval,FL,Passenger,0,2,2,315,317,0.63
August 31 2022,Salt Lake,UT,Passenger,1,1,2,142,144,1.39
November 30 2020,Benton,WA,Truck,0,0,0,43105,43105,0.00
November 30 2023,Asotin,WA,Passenger,41,24,65,12309,12374,0.53
May 31 2021,Maricopa,AZ,Passenger,5,7,12,1320,1332,0.90
February 28 2023,Goochland,VA,Passenger,2,2,4,83,87,4.60
June 30 2020,Okanogan,WA,Passenger,36,33,69,25839,25908,0.27
October 31 2020,Pierce,WA,Passenger,2659,1739,4398,554451,558849,0.79
June 30 2021,Fairfax,VA,Passenger,5,4,9,718,727,1.24
September 30 2022,Sarasota,FL,Passenger,1,0,1,31,32,3.12
March 31 2022,Ray,MO,Passenger,0,1,1,1,2,50.00
June 30 2020,Wilson,TX,Passenger,0,1,1,6,7,14.29
October 31 2019,Okanogan,WA,Truck,0,0,0,16520,16520,0.00
April 30 2019,Deschutes,OR,Passenger,3,0,3,162,165,1.82
April 30 2020,Guadalupe,TX,Passenger,1,0,1,70,71,1.41
August 31 2022,Allen,IN,Passenger,1,0,1,18,19,5.26
February 29 2020,Kitsap,WA,Passenger,1273,661,1934,182240,184174,1.05
March 31 2024,Prince William,VA,Passenger,2,2,4,134,138,2.90
January 31 2020,Monterey,CA,Passenger,0,1,1,188,189,0.53
February 29 2020,Sumter,FL,Passenger,0,1,1,9,10,10.00
January 31 2020,Asotin,WA,Passenger,17,11,28,12716,12744,0.22
October 31 2023,Jefferson,NY,Passenger,2,0,2,181,183,1.09
August 31 2018,Asotin,WA,Truck,0,0,0,6647,6647,0.00
April 30 2019,St. Mary's,MD,Passenger,1,0,1,209,210,0.48
July 31 2018,Collier,FL,Passenger,1,0,1,23,24,4.17
June 30 2022,Charles,MD,Passenger,1,1,2,60,62,3.23
February 28 2023,Champaign,IL,Passenger,1,0,1,13,14,7.14
April 30 2018,Prince George's,MD,Passenger,1,1,2,189,191,1.05
January 31 2020,Garfield,WA,Truck,0,0,0,967,967,0.00
June 30 2021,Columbia,OR,Passenger,1,0,1,21,22,4.55
October 31 2020,Williams,ND,Passenger,0,1,1,11,12,8.33
February 29 2020,Douglas,WA,Truck,0,0,0,12317,12317,0.00
January 31 2021,Chelan,WA,Truck,0,0,0,22829,22829,0.00
October 31 2017,San Mateo,CA,Passenger,0,1,1,151,152,0.66
May 31 2022,San Joaquin,CA,Passenger,1,1,2,100,102,1.96
August 31 2022,Saratoga,NY,Passenger,1,0,1,42,43,2.33
November 30 2019,Oldham,KY,Passenger,0,1,1,5,6,16.67
January 31 2023,Mason,WA,Passenger,379,190,569,46736,47305,1.20
February 28 2021,Virginia Beach,VA,Passenger,2,0,2,632,634,0.32
May 31 2021,DeKalb,GA,Passenger,1,0,1,60,61,1.64
May 31 2017,Orleans,LA,Passenger,0,1,1,49,50,2.00
October 31 2023,Adams,CO,Passenger,1,0,1,18,19,5.26
November 30 2023,Wichita,TX,Passenger,2,0,2,34,36,5.56
July 31 2017,Okanogan,WA,Truck,0,0,0,16223,16223,0.00
December 31 2017,Clark,WA,Passenger,851,573,1424,304232,305656,0.47
November 30 2020,Kauai,HI,Passenger,1,0,1,19,20,5.00
April 30 2022,Whatcom,WA,Passenger,1776,717,2493,148926,151419,1.65
May 31 2021,,,Passenger,4,2,6,354,360,1.67
April 30 2018,Multnomah,OR,Passenger,4,4,8,824,832,0.96
April 30 2020,Douglas,WA,Truck,0,0,0,12267,12267,0.00
August 31 2022,Whatcom,WA,Truck,13,0,13,43115,43128,0.03
February 29 2024,Walla Walla,WA,Truck,9,0,9,13498,13507,0.07
February 29 2020,Charleston,SC,Passenger,1,0,1,111,112,0.89
August 31 2021,Cumberland,NC,Passenger,0,4,4,434,438,0.91
November 30 2019,Kittitas,WA,Passenger,89,46,135,30012,30147,0.45
November 30 2018,Montgomery,MD,Passenger,1,0,1,276,277,0.36
June 30 2018,Deschutes,OR,Passenger,1,0,1,178,179,0.56
October 31 2021,Mason,WA,Truck,0,0,0,21260,21260,0.00
May 31 2017,Monterey,CA,Passenger,0,1,1,211,212,0.47
April 30 2022,King,WA,Passenger,39301,10819,50120,1348518,1398638,3.58
February 28 2021,Clark,WA,Truck,0,0,0,83506,83506,0.00
October 31 2019,Pierce,WA,Truck,0,0,0,140644,140644,0.00
November 30 2017,Deschutes,OR,Passenger,1,0,1,187,188,0.53
April 30 2021,Loudoun,VA,Passenger,1,0,1,72,73,1.37
March 31 2023,San Mateo,CA,Passenger,1,0,1,72,73,1.37
October 31 2019,Howard,MD,Passenger,0,1,1,82,83,1.20
June 30 2023,Sheridan,WY,Passenger,1,0,1,5,6,16.67
March 31 2020,Pierce,WA,Passenger,2310,1691,4001,550890,554891,0.72
July 31 2020,Walla Walla,WA,Truck,0,0,0,13755,13755,0.00
March 31 2021,Duval,FL,Passenger,0,2,2,358,360,0.56
June 30 2019,Twin Falls,ID,Passenger,0,1,1,24,25,4.00
December 31 2017,Morris,NJ,Passenger,1,0,1,21,22,4.55
August 31 2018,Volusia,FL,Passenger,0,1,1,37,38,2.63
March 31 2022,Spartanburg,SC,Passenger,0,1,1,44,45,2.22
July 31 2022,Pierce,WA,Passenger,5237,2333,7570,542992,550562,1.37
November 30 2021,San Francisco,CA,Passenger,1,1,2,100,102,1.96
September 30 2018,Arlington,VA,Passenger,1,1,2,171,173,1.16
October 31 2022,Washtenaw,MI,Passenger,0,1,1,25,26,3.85
August 31 2018,Kitsap,WA,Passenger,829,488,1317,179295,180612,0.73
January 31 2019,Grant,WA,Truck,0,0,0,26318,26318,0.00
October 31 2021,Lewis,WA,Truck,0,0,0,26727,26727,0.00
May 31 2017,Gwinnett,GA,Passenger,0,1,1,89,90,1.11
August 31 2021,Carroll,MD,Passenger,0,1,1,16,17,5.88
July 31 2022,Wood,OH,Passenger,0,1,1,5,6,16.67
March 31 2024,Williamsburg,VA,Passenger,0,1,1,2,3,33.33
March 31 2023,DuPage,IL,Passenger,2,1,3,36,39,7.69
December 31 2020,Juneau,AK,Passenger,0,1,1,26,27,3.70
December 31 2022,Fredericksburg,VA,Passenger,1,0,1,5,6,16.67
March 31 2022,Carroll,MD,Passenger,0,1,1,15,16,6.25
October 31 2019,Hillsborough,FL,Passenger,0,1,1,199,200,0.50
February 29 2020,Lake,FL,Passenger,1,0,1,24,25,4.00
March 31 2020,Norfolk,VA,Passenger,2,2,4,347,351,1.14
January 31 2024,Grays Harbor,WA,Truck,16,0,16,20691,20707,0.08
January 31 2019,Camden,NJ,Passenger,0,1,1,27,28,3.57
December 31 2021,Hennepin,MN,Passenger,3,0,3,72,75,4.00
April 30 2017,Yakima,WA,Passenger,38,54,92,159269,159361,0.06
October 31 2022,Asotin,WA,Passenger,26,19,45,12516,12561,0.36
February 28 2018,Jefferson,NY,Passenger,1,0,1,229,230,0.43
September 30 2023,Wahkiakum,WA,Truck,4,0,4,1769,1773,0.23
July 31 2020,St. Louis,MO,Passenger,1,0,1,102,103,0.97
August 31 2019,San Mateo,CA,Passenger,2,1,3,122,125,2.40
April 30 2023,Larimer,CO,Passenger,1,0,1,34,35,2.86
November 30 2020,Owyhee,ID,Passenger,1,0,1,3,4,25.00
November 30 2020,Dallas,IA,Passenger,0,1,1,10,11,9.09
March 31 2020,Carson City,NV,Passenger,1,0,1,11,12,8.33
October 31 2020,Snohomish,WA,Passenger,4832,1814,6646,537671,544317,1.22
March 31 2017,Skamania,WA,Truck,0,0,0,3881,3881,0.00
October 31 2020,Adams,WA,Truck,0,0,0,5333,5333,0.00
July 31 2023,Pima,AZ,Passenger,1,0,1,192,193,0.52
July 31 2022,Essex,MA,Passenger,1,0,1,18,19,5.26
December 31 2022,Wichita,TX,Passenger,2,0,2,42,44,4.55
April 30 2024,Galveston,TX,Passenger,0,1,1,12,13,7.69
September 30 2023,Garfield,OK,Passenger,1,0,1,14,15,6.67
February 28 2021,Ferry,WA,Passenger,10,3,13,4334,4347,0.30
January 31 2018,Franklin,WA,Truck,0,0,0,18559,18559,0.00
December 31 2021,St. Louis,MO,Passenger,1,0,1,79,80,1.25
September 30 2023,Maui,HI,Passenger,1,0,1,21,22,4.55
July 31 2021,Island,WA,Truck,0,0,0,21537,21537,0.00
August 31 2023,Mason,WA,Truck,13,0,13,20604,20617,0.06
August 31 2018,Montgomery,TX,Passenger,2,0,2,65,67,2.99
October 31 2020,Eagle,CO,Passenger,1,0,1,7,8,12.50
April 30 2023,Hardin,KY,Passenger,1,0,1,58,59,1.69
November 30 2020,Carroll,NH,Passenger,0,1,1,5,6,16.67
November 30 2017,Grays Harbor,WA,Truck,0,0,0,20016,20016,0.00
May 31 2019,El Paso,TX,Passenger,3,0,3,480,483,0.62
March 31 2024,Denton,TX,Passenger,1,0,1,27,28,3.57
March 31 2023,Salt Lake,UT,Passenger,1,1,2,126,128,1.56
November 30 2019,Harrison,MS,Passenger,1,0,1,63,64,1.56
November 30 2023,Collin,TX,Passenger,3,0,3,39,42,7.14
November 30 2023,Garfield,OK,Passenger,1,0,1,14,15,6.67
October 31 2021,Yavapai,AZ,Passenger,0,1,1,40,41,2.44
January 31 2023,Thurston,WA,Truck,42,0,42,54526,54568,0.08
August 31 2019,Benton,WA,Passenger,279,291,570,134304,134874,0.42
October 31 2019,Sedgwick,KS,Passenger,1,1,2,100,102,1.96
December 31 2019,Sarasota,FL,Passenger,2,0,2,34,36,5.56
September 30 2022,Clinton,PA,Passenger,1,0,1,1,2,50.00
March 31 2021,Virginia Beach,VA,Passenger,2,0,2,634,636,0.31
April 30 2022,Garfield,WA,Passenger,0,3,3,1325,1328,0.23
November 30 2021,Wake,NC,Passenger,1,0,1,127,128,0.78
July 31 2023,Nueces,TX,Passenger,1,1,2,52,54,3.70
July 31 2021,Cook,IL,Passenger,1,0,1,218,219,0.46
December 31 2022,Okanogan,WA,Passenger,97,52,149,26147,26296,0.57
March 31 2022,Sonoma,CA,Passenger,0,1,1,88,89,1.12
June 30 2022,Palm Beach,FL,Passenger,0,1,1,58,59,1.69
July 31 2021,Montgomery,MD,Passenger,3,1,4,215,219,1.83
August 31 2018,Tulsa,OK,Passenger,1,1,2,53,55,3.64
February 29 2024,Harford,MD,Passenger,1,1,2,41,43,4.65
February 28 2022,Philadelphia,PA,Passenger,1,0,1,43,44,2.27
February 29 2024,Stevens,WA,Passenger,146,72,218,29320,29538,0.74
February 29 2024,El Paso,CO,Passenger,5,1,6,421,427,1.41
September 30 2017,Charles,MD,Passenger,0,1,1,86,87,1.15
July 31 2021,Okanogan,WA,Passenger,65,43,108,26523,26631,0.41
December 31 2021,Douglas,WA,Truck,0,0,0,12695,12695,0.00
March 31 2024,Portsmouth,VA,Passenger,0,1,1,57,58,1.72
June 30 2017,Tarrant,TX,Passenger,1,0,1,251,252,0.40
April 30 2020,Washtenaw,MI,Passenger,1,0,1,36,37,2.70
June 30 2020,Collin,TX,Passenger,2,1,3,134,137,2.19
May 31 2023,York,VA,Passenger,1,0,1,75,76,1.32
March 31 2020,Lake,CA,Passenger,0,1,1,10,11,9.09
April 30 2024,Rock Island,IL,Passenger,0,1,1,9,10,10.00
April 30 2020,Grays Harbor,WA,Truck,0,0,0,20722,20722,0.00
August 31 2021,Yamhill,OR,Passenger,1,0,1,40,41,2.44
January 31 2021,New York,NY,Passenger,2,0,2,57,59,3.39
December 31 2019,Klickitat,WA,Truck,0,0,0,8316,8316,0.00
January 31 2017,Pacific,WA,Truck,0,0,0,7506,7506,0.00
July 31 2023,Washington,OR,Passenger,1,0,1,241,242,0.41
January 31 2023,Chelan,WA,Passenger,554,146,700,54282,54982,1.27
April 30 2023,Solano,CA,Passenger,5,0,5,148,153,3.27
February 28 2022,Pend Oreille,WA,Truck,0,0,0,5713,5713,0.00
February 28 2021,Bartow,GA,Passenger,0,1,1,6,7,14.29
April 30 2018,Clark,WA,Truck,0,0,0,78724,78724,0.00
April 30 2022,San Juan,WA,Truck,1,0,1,5983,5984,0.02
May 31 2021,Stevens,WA,Truck,0,0,0,18951,18951,0.00
October 31 2018,Moore,NC,Passenger,0,1,1,194,195,0.51
August 31 2023,Hillsborough,FL,Passenger,2,2,4,108,112,3.57
October 31 2018,Washoe,NV,Passenger,1,0,1,114,115,0.87
January 31 2023,Multnomah,OR,Passenger,1,2,3,487,490,0.61
April 30 2024,San Bernardino,CA,Passenger,2,1,3,235,238,1.26
August 31 2019,Washtenaw,MI,Passenger,1,0,1,41,42,2.38
August 31 2022,Williams,ND,Passenger,0,1,1,6,7,14.29
December 31 2017,Lewis,WA,Truck,0,0,0,25316,25316,0.00
January 31 2018,Grays Harbor,WA,Passenger,42,42,84,45970,46054,0.18
November 30 2018,Collin,TX,Passenger,1,1,2,163,165,1.21
June 30 2023,Marion,OR,Passenger,1,0,1,70,71,1.41
July 31 2020,Lake,IL,Passenger,1,0,1,172,173,0.58
April 30 2024,Beaufort,SC,Passenger,1,0,1,24,25,4.00
April 30 2023,Platte,MO,Passenger,1,0,1,20,21,4.76
June 30 2022,Adams,CO,Passenger,1,0,1,35,36,2.78
April 30 2022,Ulster,NY,Passenger,1,0,1,13,14,7.14
March 31 2019,Cowlitz,WA,Truck,0,0,0,28776,28776,0.00
June 30 2019,Snohomish,WA,Truck,0,0,0,122356,122356,0.00
July 31 2018,Whitman,WA,Passenger,19,28,47,22653,22700,0.21
April 30 2023,Pinal,AZ,Passenger,0,1,1,98,99,1.01
January 31 2021,Chesapeake,VA,Passenger,0,2,2,420,422,0.47
January 31 2024,Fredericksburg,VA,Passenger,1,0,1,5,6,16.67
November 30 2023,Cumberland,PA,Passenger,1,1,2,33,35,5.71
July 31 2020,Salt Lake,UT,Passenger,0,1,1,196,197,0.51
August 31 2023,Suffolk,VA,Passenger,1,0,1,98,99,1.01
October 31 2021,Whitman,WA,Truck,0,0,0,8555,8555,0.00
January 31 2018,Skagit,WA,Passenger,170,140,310,89779,90089,0.34
March 31 2022,Montgomery,TX,Passenger,1,0,1,40,41,2.44
March 31 2023,New York,NY,Passenger,1,0,1,34,35,2.86
September 30 2020,Nassau,NY,Passenger,4,0,4,34,38,10.53
January 31 2020,Grant,WA,Truck,0,0,0,27028,27028,0.00
February 29 2020,Franklin,WA,Passenger,58,75,133,61112,61245,0.22
May 31 2018,San Juan,WA,Passenger,141,56,197,14038,14235,1.38
October 31 2023,DeKalb,GA,Passenger,2,0,2,35,37,5.41
August 31 2021,Allen,IN,Passenger,1,0,1,20,21,4.76
October 31 2021,Pierce,WA,Truck,0,0,0,145112,145112,0.00
March 31 2018,Grays Harbor,WA,Truck,0,0,0,20073,20073,0.00
January 31 2020,Pierce,WA,Truck,0,0,0,141296,141296,0.00
September 30 2021,Grant,WA,Truck,0,0,0,27996,27996,0.00
January 31 2020,Broward,FL,Passenger,2,1,3,126,129,2.33
June 30 2018,Morris,NJ,Passenger,1,0,1,18,19,5.26
May 31 2020,Boone,MO,Passenger,0,1,1,11,12,8.33
March 31 2021,Putnam,TN,Passenger,0,1,1,1,2,50.00
January 31 2018,Jefferson,WA,Passenger,124,80,204,24348,24552,0.83
April 30 2024,Cowlitz,WA,Truck,17,0,17,26957,26974,0.06
April 30 2019,Santa Fe,NM,Passenger,0,1,1,42,43,2.33
July 31 2022,Queens,NY,Passenger,1,0,1,46,47,2.13
October 31 2021,Tarrant,TX,Passenger,3,0,3,152,155,1.94
August 31 2020,Gwinnett,GA,Passenger,1,0,1,75,76,1.32
April 30 2022,Saratoga,NY,Passenger,1,0,1,40,41,2.44
October 31 2019,Yakima,WA,Passenger,116,114,230,165877,166107,0.14
February 28 2017,Los Angeles,CA,Passenger,2,1,3,1395,1398,0.21
July 31 2023,Klickitat,WA,Truck,11,0,11,8208,8219,0.13
October 31 2021,Clackamas,OR,Passenger,2,0,2,176,178,1.12
September 30 2018,Montgomery,TX,Passenger,2,0,2,65,67,2.99
August 31 2021,Meade,KY,Passenger,1,0,1,27,28,3.57
August 31 2018,Marion,OR,Passenger,1,0,1,127,128,0.78
May 31 2023,Gwinnett,GA,Passenger,1,0,1,47,48,2.08
March 31 2021,Deschutes,OR,Passenger,2,0,2,133,135,1.48
July 31 2021,,,Passenger,4,2,6,357,363,1.65
November 30 2022,Sedgwick,KS,Passenger,1,1,2,71,73,2.74
February 28 2019,Oldham,KY,Passenger,0,1,1,5,6,16.67
March 31 2024,Pulaski,MO,Passenger,2,0,2,78,80,2.50
September 30 2020,Yakima,WA,Passenger,154,124,278,166446,166724,0.17
October 31 2017,Sedgwick,KS,Passenger,0,1,1,105,106,0.94
January 31 2022,Moore,NC,Passenger,0,1,1,126,127,0.79
November 30 2018,Whitman,WA,Passenger,20,35,55,22785,22840,0.24
January 31 2018,Pima,AZ,Passenger,1,1,2,433,435,0.46
February 28 2022,Thurston,WA,Truck,3,0,3,55769,55772,0.01
April 30 2017,Klickitat,WA,Truck,0,0,0,7947,7947,0.00
November 30 2021,Pacific,WA,Truck,0,0,0,7999,7999,0.00
June 30 2022,Orange,FL,Passenger,2,0,2,96,98,2.04
September 30 2019,Monroe,IL,Passenger,1,0,1,4,5,20.00
September 30 2018,Fairfax,VA,Passenger,3,2,5,813,818,0.61
November 30 2022,Whitman,WA,Truck,3,0,3,8611,8614,0.03
August 31 2017,Nueces,TX,Passenger,0,1,1,93,94,1.06
November 30 2017,Latah,ID,Passenger,0,1,1,80,81,1.23
April 30 2024,Ferry,WA,Truck,0,0,0,3393,3393,0.00
July 31 2023,Goochland,VA,Passenger,2,2,4,52,56,7.14
December 31 2020,Mercer,NJ,Passenger,0,1,1,14,15,6.67
June 30 2021,Skamania,WA,Passenger,44,34,78,8395,8473,0.92
October 31 2019,Honolulu,HI,Passenger,4,2,6,502,508,1.18
July 31 2018,Douglas,NE,Passenger,0,1,1,73,74,1.35
November 30 2018,Lake,CA,Passenger,0,1,1,11,12,8.33
August 31 2019,Saginaw,MI,Passenger,1,0,1,13,14,7.14
November 30 2021,Ray,MO,Passenger,0,1,1,1,2,50.00
September 30 2022,Island,WA,Passenger,875,381,1256,61498,62754,2.00
May 31 2023,Grays Harbor,WA,Passenger,292,182,474,48333,48807,0.97
March 31 2018,Contra Costa,CA,Passenger,0,1,1,460,461,0.22
February 28 2021,Grays Harbor,WA,Truck,0,0,0,21243,21243,0.00
September 30 2020,Pend Oreille,WA,Truck,0,0,0,5725,5725,0.00
January 31 2017,Yavapai,AZ,Passenger,1,0,1,87,88,1.14
February 29 2020,DeKalb,IN,Passenger,1,0,1,1,2,50.00
December 31 2021,Benton,WA,Truck,0,0,0,43698,43698,0.00
April 30 2022,Whitman,WA,Truck,0,0,0,8581,8581,0.00
September 30 2020,Cowlitz,WA,Passenger,157,120,277,72150,72427,0.38
March 31 2021,San Francisco,CA,Passenger,1,1,2,101,103,1.94
July 31 2023,Shasta,CA,Passenger,1,0,1,27,28,3.57
March 31 2020,Ferry,WA,Passenger,5,3,8,4367,4375,0.18
March 31 2020,Palm Beach,FL,Passenger,0,3,3,82,85,3.53
September 30 2023,Adams,WA,Truck,3,0,3,5369,5372,0.06
May 31 2022,Chelan,WA,Passenger,450,126,576,54342,54918,1.05
March 31 2020,Fort Bend,TX,Passenger,1,0,1,47,48,2.08
April 30 2019,Lewis,WA,Truck,0,0,0,25827,25827,0.00
May 31 2020,Richland,SC,Passenger,0,1,1,157,158,0.63
August 31 2022,Pacific,WA,Passenger,70,72,142,15767,15909,0.89
January 31 2024,Miami-Dade,FL,Passenger,1,0,1,53,54,1.85
July 31 2017,Fairfax,VA,Passenger,3,2,5,847,852,0.59
September 30 2019,Riverside,CA,Passenger,4,1,5,659,664,0.75
February 28 2019,Spartanburg,SC,Passenger,0,1,1,37,38,2.63
March 31 2022,Cowlitz,WA,Passenger,293,172,465,71032,71497,0.65
March 31 2024,Fresno,CA,Passenger,0,1,1,112,113,0.88
June 30 2020,Columbia,OR,Passenger,1,0,1,27,28,3.57
March 31 2019,Guadalupe,TX,Passenger,1,0,1,81,82,1.22
November 30 2023,Lake,IN,Passenger,0,1,1,5,6,16.67
October 31 2021,Eagle,CO,Passenger,1,0,1,8,9,11.11
May 31 2022,St. Mary's,MD,Passenger,1,0,1,199,200,0.50
February 28 2017,Ferry,WA,Truck,0,0,0,3562,3562,0.00
February 28 2018,Ferry,WA,Truck,0,0,0,3528,3528,0.00
January 31 2022,Salt Lake,UT,Passenger,1,1,2,173,175,1.14
November 30 2022,San Bernardino,CA,Passenger,2,1,3,338,341,0.88
December 31 2022,Kootenai,ID,Passenger,0,1,1,146,147,0.68
February 29 2020,Lee,FL,Passenger,1,0,1,52,53,1.89
December 31 2020,Island,WA,Passenger,507,290,797,62911,63708,1.25
December 31 2019,Kootenai,ID,Passenger,1,2,3,227,230,1.30
September 30 2021,Prince George's,MD,Passenger,2,1,3,152,155,1.94
November 30 2020,DeKalb,GA,Passenger,1,0,1,74,75,1.33
February 28 2021,Leavenworth,KS,Passenger,0,1,1,113,114,0.88
August 31 2018,Lumpkin,GA,Passenger,1,0,1,7,8,12.50
January 31 2021,Jefferson,WA,Passenger,290,166,456,24792,25248,1.81
March 31 2018,Okanogan,WA,Passenger,7,19,26,25718,25744,0.10
November 30 2022,Okanogan,WA,Passenger,99,51,150,26218,26368,0.57
September 30 2017,Tulare,CA,Passenger,1,0,1,198,199,0.50
July 31 2020,Pend Oreille,WA,Truck,0,0,0,5761,5761,0.00
July 31 2021,Harford,MD,Passenger,0,1,1,52,53,1.89
April 30 2021,Snohomish,WA,Truck,1,0,1,126371,126372,0.00
April 30 2018,Lincoln,WA,Truck,0,0,0,4531,4531,0.00
July 31 2023,Arapahoe,CO,Passenger,1,1,2,75,77,2.60
October 31 2019,Calvert,MD,Passenger,0,2,2,91,93,2.15
March 31 2021,Houston,GA,Passenger,1,0,1,49,50,2.00
October 31 2023,Asotin,WA,Passenger,41,25,66,12306,12372,0.53
August 31 2019,Stevens,WA,Passenger,23,29,52,31686,31738,0.16
August 31 2022,Cook,IL,Passenger,2,0,2,202,204,0.98
June 30 2018,Clark,NV,Passenger,2,2,4,754,758,0.53
May 31 2018,Whitman,WA,Truck,0,0,0,8473,8473,0.00
November 30 2019,Hennepin,MN,Passenger,3,1,4,103,107,3.74
February 29 2024,Washoe,NV,Passenger,2,0,2,48,50,4.00
August 31 2023,Galveston,TX,Passenger,0,1,1,13,14,7.14
December 31 2017,Multnomah,OR,Passenger,3,3,6,887,893,0.67
April 30 2020,DuPage,IL,Passenger,4,0,4,61,65,6.15
September 30 2023,Hawaii,HI,Passenger,1,0,1,27,28,3.57
September 30 2023,Skagit,WA,Truck,27,0,27,31757,31784,0.08
November 30 2021,Orange,CA,Passenger,5,2,7,424,431,1.62
March 31 2022,Collin,TX,Passenger,3,0,3,112,115,2.61
May 31 2022,Bartow,GA,Passenger,0,1,1,5,6,16.67
January 31 2023,Newport,RI,Passenger,0,1,1,61,62,1.61
March 31 2023,Thurston,WA,Truck,52,0,52,54265,54317,0.10
September 30 2021,Asotin,WA,Truck,0,0,0,6749,6749,0.00
September 30 2018,Pend Oreille,WA,Truck,0,0,0,5747,5747,0.00
April 30 2023,Newport,RI,Passenger,0,1,1,55,56,1.79
February 28 2022,Montgomery,PA,Passenger,2,0,2,25,27,7.41
April 30 2022,Skamania,WA,Truck,0,0,0,3974,3974,0.00
August 31 2021,Philadelphia,PA,Passenger,1,0,1,49,50,2.00
May 31 2022,Spartanburg,SC,Passenger,0,1,1,41,42,2.38
September 30 2018,San Diego,CA,Passenger,8,2,10,2566,2576,0.39
June 30 2018,El Paso,TX,Passenger,1,0,1,518,519,0.19
January 31 2017,Santa Fe,NM,Passenger,0,1,1,44,45,2.22
March 31 2020,Camden,NJ,Passenger,0,2,2,20,22,9.09
November 30 2021,Fulton,GA,Passenger,0,1,1,80,81,1.23
May 31 2022,Williamsburg,VA,Passenger,0,1,1,6,7,14.29
March 31 2021,Clallam,WA,Truck,1,0,1,21945,21946,0.00
July 31 2022,Pacific,WA,Truck,0,0,0,7873,7873,0.00
December 31 2023,Ferry,WA,Passenger,24,3,27,4269,4296,0.63
December 31 2019,Hennepin,MN,Passenger,3,1,4,105,109,3.67
September 30 2023,Burlington,NJ,Passenger,2,2,4,85,89,4.49
February 28 2021,Portsmouth,VA,Passenger,0,1,1,75,76,1.32
December 31 2022,Island,WA,Passenger,929,397,1326,61300,62626,2.12
July 31 2021,Wahkiakum,WA,Passenger,15,8,23,3090,3113,0.74
November 30 2018,Pend Oreille,WA,Passenger,5,5,10,9556,9566,0.10
May 31 2022,Chesapeake,VA,Passenger,2,2,4,369,373,1.07
March 31 2022,Jefferson,NY,Passenger,1,0,1,219,220,0.45
August 31 2018,Washington,OR,Passenger,0,1,1,478,479,0.21
October 31 2017,San Juan,WA,Truck,0,0,0,5567,5567,0.00
December 31 2020,Sacramento,CA,Passenger,2,1,3,258,261,1.15
July 31 2020,Pacific,WA,Passenger,33,33,66,15759,15825,0.42
August 31 2021,Island,WA,Truck,0,0,0,21554,21554,0.00
January 31 2021,Fairbanks North Star,AK,Passenger,0,1,1,91,92,1.09
September 30 2023,Grays Harbor,WA,Truck,9,0,9,20829,20838,0.04
March 31 2024,Tooele,UT,Passenger,2,0,2,7,9,22.22
September 30 2019,Franklin,MA,Passenger,0,1,1,1,2,50.00
May 31 2017,Yakima,WA,Truck,0,0,0,57273,57273,0.00
April 30 2017,Virginia Beach,VA,Passenger,2,1,3,640,643,0.47
April 30 2020,Orange,CA,Passenger,7,2,9,520,529,1.70
September 30 2021,Kauai,HI,Passenger,1,0,1,21,22,4.55
February 28 2023,Oldham,KY,Passenger,0,1,1,4,5,20.00
December 31 2018,Spokane,WA,Passenger,438,373,811,307115,307926,0.26
October 31 2021,Adams,WA,Passenger,16,14,30,13023,13053,0.23
May 31 2018,Stevens,WA,Truck,0,0,0,18584,18584,0.00
March 31 2020,Wahkiakum,WA,Truck,0,0,0,1759,1759,0.00
January 31 2021,New London,CT,Passenger,1,1,2,227,229,0.87
April 30 2022,Henrico,VA,Passenger,0,1,1,15,16,6.25
January 31 2018,Lee,AL,Passenger,1,0,1,35,36,2.78
April 30 2024,Clallam,WA,Truck,29,0,29,20832,20861,0.14
June 30 2020,Suffolk,MA,Passenger,0,2,2,37,39,5.13
March 31 2021,Clinton,PA,Passenger,1,0,1,0,1,100.00
January 31 2017,DeKalb,IN,Passenger,1,0,1,1,2,50.00
August 31 2023,Pacific,WA,Passenger,78,93,171,15599,15770,1.08
February 28 2021,Boulder,CO,Passenger,1,1,2,49,51,3.92
October 31 2020,Clackamas,OR,Passenger,2,0,2,189,191,1.05
December 31 2023,Washington,MD,Passenger,1,0,1,12,13,7.69
August 31 2018,Spokane,WA,Passenger,360,336,696,304687,305383,0.23
March 31 2021,Kitsap,WA,Truck,0,0,0,54353,54353,0.00
July 31 2022,Harford,MD,Passenger,1,1,2,46,48,4.17
December 31 2022,Sarasota,FL,Passenger,1,0,1,28,29,3.45
March 31 2023,Kootenai,ID,Passenger,0,1,1,137,138,0.72
April 30 2017,Juneau,AK,Passenger,0,1,1,54,55,1.82
July 31 2019,Pinal,AZ,Passenger,2,0,2,198,200,1.00
October 31 2018,Richland,SC,Passenger,0,1,1,167,168,0.60
January 31 2017,Carroll,NH,Passenger,0,1,1,0,1,100.00
December 31 2020,Clallam,WA,Passenger,273,185,458,49912,50370,0.91
July 31 2021,Tarrant,TX,Passenger,2,0,2,149,151,1.32
June 30 2022,Solano,CA,Passenger,1,0,1,166,167,0.60
April 30 2023,Cumberland,PA,Passenger,1,0,1,40,41,2.44
May 31 2018,Snohomish,WA,Passenger,2282,1222,3504,519942,523446,0.67
June 30 2020,Maricopa,AZ,Passenger,5,9,14,1527,1541,0.91
October 31 2022,Okanogan,WA,Truck,1,0,1,16454,16455,0.01
November 30 2022,Lewis,WA,Truck,2,0,2,26301,26303,0.01
February 28 2021,Whitman,WA,Truck,0,0,0,8514,8514,0.00
April 30 2024,Spokane,WA,Passenger,3156,1540,4696,313063,317759,1.48
May 31 2023,Norfolk,VA,Passenger,2,2,4,285,289,1.38
July 31 2019,Cascade,MT,Passenger,0,1,1,67,68,1.47
April 30 2024,Washoe,NV,Passenger,2,0,2,43,45,4.44
November 30 2018,Howard,MD,Passenger,0,1,1,91,92,1.09
July 31 2022,Camden,NJ,Passenger,0,1,1,13,14,7.14
September 30 2022,Fredericksburg,VA,Passenger,1,0,1,6,7,14.29
October 31 2022,Madison,IL,Passenger,1,0,1,16,17,5.88
May 31 2020,Mason,WA,Truck,0,0,0,20501,20501,0.00
August 31 2022,Klickitat,WA,Truck,2,0,2,8260,8262,0.02
March 31 2023,Washington,OR,Passenger,1,0,1,273,274,0.36
December 31 2020,Kings,NY,Passenger,1,0,1,66,67,1.49
June 30 2023,Yellowstone,MT,Passenger,0,1,1,13,14,7.14
May 31 2021,Honolulu,HI,Passenger,5,2,7,438,445,1.57
September 30 2022,York,VA,Passenger,1,0,1,82,83,1.20
October 31 2019,Wahkiakum,WA,Truck,0,0,0,1751,1751,0.00
October 31 2022,Arapahoe,CO,Passenger,0,1,1,90,91,1.10
February 28 2023,Calvert,MD,Passenger,0,2,2,83,85,2.35
September 30 2023,Kitsap,WA,Passenger,3615,1409,5024,175475,180499,2.78
September 30 2021,Franklin,WA,Passenger,138,100,238,62100,62338,0.38
March 31 2024,Pinal,AZ,Passenger,1,1,2,68,70,2.86
February 28 2018,Whatcom,WA,Truck,1,0,1,42040,42041,0.00
March 31 2019,Clallam,WA,Truck,0,0,0,21614,21614,0.00
April 30 2021,San Diego,CA,Passenger,17,4,21,2655,2676,0.78
January 31 2019,El Paso,CO,Passenger,3,1,4,771,775,0.52
July 31 2022,New Haven,CT,Passenger,0,2,2,32,34,5.88
November 30 2022,Escambia,FL,Passenger,0,1,1,146,147,0.68
February 29 2020,Clark,WA,Passenger,1970,1058,3028,320448,323476,0.94
August 31 2022,Cochise,AZ,Passenger,1,0,1,74,75,1.33
August 31 2020,Ulster,NY,Passenger,1,0,1,13,14,7.14
June 30 2021,Ray,MO,Passenger,0,1,1,1,2,50.00
May 31 2023,Cowlitz,WA,Passenger,456,207,663,69978,70641,0.94
August 31 2021,Kittitas,WA,Passenger,173,72,245,29874,30119,0.81
July 31 2022,Fairbanks North Star,AK,Passenger,0,1,1,77,78,1.28
January 31 2023,Ventura,CA,Passenger,3,2,5,232,237,2.11
January 31 2020,Adams,WA,Truck,0,0,0,5209,5209,0.00
March 31 2023,Broward,FL,Passenger,1,0,1,66,67,1.49
March 31 2017,Norfolk,MA,Passenger,1,0,1,38,39,2.56
November 30 2023,Williamson,TX,Passenger,0,1,1,44,45,2.22
January 31 2022,Mercer,NJ,Passenger,0,1,1,15,16,6.25
January 31 2024,Island,WA,Passenger,1333,491,1824,60763,62587,2.91
October 31 2019,Douglas,WA,Truck,0,0,0,12291,12291,0.00
December 31 2021,Kern,CA,Passenger,0,1,1,203,204,0.49
May 31 2021,District of Columbia,DC,Passenger,4,1,5,190,195,2.56
February 29 2020,Hudson,NJ,Passenger,1,0,1,41,42,2.38
December 31 2020,Columbia,OR,Passenger,1,0,1,26,27,3.70
June 30 2022,Pennington,SD,Passenger,2,0,2,30,32,6.25
January 31 2021,Williams,ND,Passenger,0,1,1,10,11,9.09
August 31 2018,Snohomish,WA,Passenger,2472,1310,3782,523524,527306,0.72
December 31 2022,Stevens,WA,Passenger,90,56,146,29926,30072,0.49
July 31 2017,Clark,NV,Passenger,2,2,4,823,827,0.48
April 30 2017,Shelby,TN,Passenger,0,1,1,112,113,0.88
March 31 2018,El Paso,CO,Passenger,2,0,2,761,763,0.26
August 31 2021,Columbia,WA,Truck,0,0,0,1538,1538,0.00
August 31 2020,Howard,MD,Passenger,0,1,1,76,77,1.30
March 31 2024,Nueces,TX,Passenger,2,1,3,42,45,6.67
April 30 2019,San Francisco,CA,Passenger,2,1,3,115,118,2.54
July 31 2019,Adams,WA,Truck,0,0,0,5129,5129,0.00
July 31 2022,Coryell,TX,Passenger,1,0,1,95,96,1.04
January 31 2024,Mason,WA,Truck,19,0,19,20298,20317,0.09
October 31 2023,Orange,CA,Passenger,7,3,10,294,304,3.29
May 31 2023,Newport News,VA,Passenger,1,0,1,103,104,0.96
March 31 2019,Vigo,IN,Passenger,1,0,1,5,6,16.67
September 30 2018,Asotin,WA,Passenger,11,8,19,12674,12693,0.15
April 30 2024,Bell,TX,Passenger,1,0,1,186,187,0.53
June 30 2018,Montgomery,MD,Passenger,1,0,1,286,287,0.35
July 31 2019,St. Mary's,MD,Passenger,1,0,1,216,217,0.46
March 31 2017,Walla Walla,WA,Truck,0,0,0,13187,13187,0.00
June 30 2019,Lee,FL,Passenger,1,0,1,52,53,1.89
July 31 2017,Anne Arundel,MD,Passenger,0,1,1,500,501,0.20
December 31 2019,Solano,CA,Passenger,1,0,1,211,212,0.47
February 29 2020,Garfield,WA,Passenger,0,1,1,1348,1349,0.07
December 31 2019,San Juan,WA,Truck,0,0,0,5932,5932,0.00
March 31 2017,Saratoga,NY,Passenger,1,1,2,76,78,2.56
October 31 2022,Wichita,TX,Passenger,2,0,2,41,43,4.65
February 28 2017,Manassas,VA,Passenger,0,1,1,8,9,11.11
March 31 2021,Lewis,WA,Passenger,130,136,266,59272,59538,0.45
July 31 2023,San Francisco,CA,Passenger,1,0,1,58,59,1.69
July 31 2021,Harris,TX,Passenger,1,1,2,220,222,0.90
June 30 2019,Collin,TX,Passenger,2,1,3,146,149,2.01
February 28 2022,Moore,NC,Passenger,0,1,1,126,127,0.79
January 31 2024,Kings,CA,Passenger,2,2,4,255,259,1.54
November 30 2020,Hawaii,HI,Passenger,1,0,1,57,58,1.72
December 31 2020,DuPage,IL,Passenger,3,1,4,57,61,6.56
June 30 2020,Fairfax,VA,Passenger,5,3,8,742,750,1.07
September 30 2019,Broward,FL,Passenger,2,1,3,130,133,2.26
January 31 2018,El Paso,CO,Passenger,2,0,2,768,770,0.26
April 30 2022,Essex,NJ,Passenger,2,0,2,13,15,13.33
August 31 2017,Garfield,WA,Truck,0,0,0,930,930,0.00
September 30 2018,Juneau,AK,Passenger,0,1,1,43,44,2.27
August 31 2021,Carroll,NH,Passenger,0,1,1,5,6,16.67
May 31 2017,Pacific,WA,Truck,0,0,0,7460,7460,0.00
March 31 2020,Rockingham,NH,Passenger,1,0,1,26,27,3.70
August 31 2019,Monroe,IL,Passenger,1,0,1,4,5,20.00
November 30 2023,Boulder,CO,Passenger,1,0,1,25,26,3.85
July 31 2020,Vigo,IN,Passenger,1,0,1,5,6,16.67
July 31 2023,Middlesex,NJ,Passenger,1,0,1,18,19,5.26
October 31 2021,Mason,WA,Passenger,245,154,399,47875,48274,0.83
February 29 2020,Douglas,WA,Passenger,69,40,109,28266,28375,0.38
March 31 2017,Clark,WA,Truck,0,0,0,77562,77562,0.00
April 30 2017,Orleans,LA,Passenger,0,1,1,49,50,2.00
March 31 2018,Lane,OR,Passenger,0,1,1,190,191,0.52
September 30 2020,Suffolk,VA,Passenger,1,0,1,125,126,0.79
August 31 2018,Clallam,WA,Passenger,128,115,243,50118,50361,0.48
July 31 2023,Jefferson,WA,Passenger,576,261,837,24270,25107,3.33
August 31 2023,Anne Arundel,MD,Passenger,5,3,8,289,297,2.69
August 31 2022,Deschutes,OR,Passenger,2,0,2,90,92,2.17
November 30 2023,Monterey,CA,Passenger,0,4,4,118,122,3.28
February 28 2017,Essex,NJ,Passenger,1,0,1,18,19,5.26
November 30 2023,Adams,CO,Passenger,1,0,1,19,20,5.00
September 30 2023,Okanogan,WA,Passenger,139,71,210,26088,26298,0.80
February 28 2017,Franklin,WA,Passenger,26,42,68,55213,55281,0.12
December 31 2017,Canyon,ID,Passenger,0,1,1,95,96,1.04
September 30 2021,Goochland,VA,Passenger,3,2,5,227,232,2.16
July 31 2022,Owyhee,ID,Passenger,1,0,1,2,3,33.33
March 31 2017,Kittitas,WA,Passenger,17,16,33,27115,27148,0.12
July 31 2022,Tarrant,TX,Passenger,3,0,3,119,122,2.46
July 31 2022,Clackamas,OR,Passenger,2,0,2,148,150,1.33
May 31 2021,El Paso,TX,Passenger,3,0,3,395,398,0.75
September 30 2018,Nantucket,MA,Passenger,1,0,1,4,5,20.00
June 30 2019,Santa Fe,NM,Passenger,0,1,1,41,42,2.38
January 31 2023,Franklin,WA,Truck,4,0,4,20953,20957,0.02
June 30 2023,Rockdale,GA,Passenger,1,0,1,5,6,16.67
February 29 2024,Mobile,AL,Passenger,1,0,1,22,23,4.35
January 31 2017,Pierce,WA,Passenger,822,751,1573,528193,529766,0.30
December 31 2023,El Paso,TX,Passenger,3,0,3,258,261,1.15
September 30 2017,Deschutes,OR,Passenger,1,0,1,200,201,0.50
May 31 2023,Honolulu,HI,Passenger,3,3,6,298,304,1.97
June 30 2021,Mason,WA,Truck,0,0,0,21322,21322,0.00
November 30 2021,Middlesex,MA,Passenger,1,0,1,96,97,1.03
July 31 2018,Charles,MD,Passenger,0,1,1,85,86,1.16
July 31 2023,Autauga,AL,Passenger,2,0,2,12,14,14.29
March 31 2019,Camden,NJ,Passenger,0,1,1,26,27,3.70
May 31 2020,Stevens,WA,Passenger,35,33,68,30720,30788,0.22
June 30 2019,Walla Walla,WA,Passenger,49,61,110,36181,36291,0.30
March 31 2022,Wahkiakum,WA,Passenger,18,11,29,3074,3103,0.93
April 30 2024,Berkeley,SC,Passenger,1,1,2,71,73,2.74
October 31 2017,Norfolk,VA,Passenger,1,1,2,310,312,0.64
September 30 2023,Kitsap,WA,Truck,87,0,87,52086,52173,0.17
October 31 2020,Clallam,WA,Passenger,252,173,425,49884,50309,0.84
March 31 2020,Douglas,NE,Passenger,0,1,1,58,59,1.69
August 31 2022,Muscogee,GA,Passenger,0,1,1,122,123,0.81
January 31 2024,Laramie,WY,Passenger,1,0,1,26,27,3.70
September 30 2022,Chelan,WA,Passenger,493,135,628,54074,54702,1.15
July 31 2018,San Mateo,CA,Passenger,1,1,2,133,135,1.48
February 28 2021,Charles,MD,Passenger,1,1,2,76,78,2.56
January 31 2020,El Paso,CO,Passenger,2,1,3,747,750,0.40
April 30 2024,Sonoma,CA,Passenger,2,1,3,58,61,4.92
October 31 2018,Valencia,NM,Passenger,1,0,1,12,13,7.69
December 31 2021,Clark,WA,Passenger,3473,1560,5033,320092,325125,1.55
December 31 2018,Adams,WA,Truck,0,0,0,5147,5147,0.00
May 31 2017,Douglas,WA,Truck,0,0,0,11484,11484,0.00
January 31 2018,Lane,OR,Passenger,0,1,1,203,204,0.49
November 30 2022,Clackamas,OR,Passenger,1,0,1,132,133,0.75
February 28 2018,Howard,MD,Passenger,0,1,1,89,90,1.11
August 31 2019,Saratoga,NY,Passenger,1,0,1,50,51,1.96
January 31 2018,Nantucket,MA,Passenger,1,0,1,3,4,25.00
November 30 2020,Loudoun,VA,Passenger,1,0,1,78,79,1.27
March 31 2017,Lincoln,WA,Truck,0,0,0,4469,4469,0.00
March 31 2019,Washtenaw,MI,Passenger,1,0,1,37,38,2.63
December 31 2022,Orange,FL,Passenger,1,0,1,76,77,1.30
April 30 2021,Carroll,MD,Passenger,0,1,1,16,17,5.88
February 28 2022,Larimer,CO,Passenger,1,0,1,48,49,2.04
July 31 2020,Montgomery,AL,Passenger,0,1,1,40,41,2.44
May 31 2019,Walla Walla,WA,Passenger,46,57,103,36159,36262,0.28
December 31 2019,Lincoln,WA,Passenger,1,11,12,7805,7817,0.15
March 31 2018,Deschutes,OR,Passenger,1,0,1,180,181,0.55
August 31 2018,El Paso,CO,Passenger,3,1,4,766,770,0.52
February 29 2024,Marion,OR,Passenger,1,0,1,41,42,2.38
January 31 2024,Snohomish,WA,Truck,291,0,291,119464,119755,0.24
January 31 2022,Clinton,PA,Passenger,1,0,1,0,1,100.00
March 31 2017,Lane,OR,Passenger,0,1,1,260,261,0.38
April 30 2023,Williamson,TX,Passenger,0,1,1,61,62,1.61
September 30 2019,Wayne,MI,Passenger,0,1,1,65,66,1.52
November 30 2021,Skagit,WA,Passenger,666,299,965,91240,92205,1.05
November 30 2022,Walla Walla,WA,Truck,3,0,3,13908,13911,0.02
May 31 2019,Fulton,GA,Passenger,1,3,4,112,116,3.45
October 31 2022,Providence,RI,Passenger,1,0,1,20,21,4.76
February 29 2020,Grant,WA,Passenger,58,70,128,65559,65687,0.19
April 30 2022,Virginia Beach,VA,Passenger,2,0,2,537,539,0.37
July 31 2023,Gwinnett,GA,Passenger,1,0,1,42,43,2.33
February 28 2019,Fairfax,VA,Passenger,4,2,6,805,811,0.74
January 31 2023,Muscogee,GA,Passenger,0,1,1,111,112,0.89
February 28 2021,Hennepin,MN,Passenger,2,0,2,84,86,2.33
February 29 2024,Chesapeake,VA,Passenger,2,1,3,259,262,1.15
February 29 2024,Sheridan,WY,Passenger,1,0,1,2,3,33.33
December 31 2021,Hamilton,OH,Passenger,1,0,1,39,40,2.50
September 30 2022,Maui,HI,Passenger,1,0,1,26,27,3.70
November 30 2018,Maricopa,AZ,Passenger,3,3,6,1606,1612,0.37
July 31 2023,St. Louis,MO,Passenger,1,0,1,53,54,1.85
December 31 2017,Los Angeles,CA,Passenger,4,2,6,1239,1245,0.48
November 30 2017,Contra Costa,CA,Passenger,0,1,1,463,464,0.22
November 30 2022,Lincoln,OR,Passenger,0,1,1,20,21,4.76
December 31 2017,Sumter,FL,Passenger,0,1,1,10,11,9.09
December 31 2023,Texas,MO,Passenger,1,0,1,1,2,50.00
May 31 2020,Kitsap,WA,Truck,0,0,0,53853,53853,0.00
March 31 2020,Klickitat,WA,Passenger,51,41,92,15591,15683,0.59
June 30 2020,Montgomery,AL,Passenger,0,1,1,37,38,2.63
February 29 2024,Saratoga,NY,Passenger,1,1,2,26,28,7.14
April 30 2024,Orange,FL,Passenger,1,0,1,33,34,2.94
September 30 2019,Ventura,CA,Passenger,0,2,2,315,317,0.63
May 31 2017,Norfolk,MA,Passenger,1,0,1,40,41,2.44
September 30 2020,Camden,NJ,Passenger,0,1,1,24,25,4.00
April 30 2024,Pulaski,MO,Passenger,2,0,2,78,80,2.50
March 31 2023,Harris,TX,Passenger,2,1,3,150,153,1.96
December 31 2017,Manassas,VA,Passenger,0,1,1,9,10,10.00
January 31 2018,Multnomah,OR,Passenger,3,4,7,853,860,0.81
October 31 2017,DeKalb,GA,Passenger,1,0,1,87,88,1.14
April 30 2022,Sedgwick,KS,Passenger,1,1,2,82,84,2.38
April 30 2022,Cowlitz,WA,Truck,0,1,1,28714,28715,0.00
July 31 2019,Boulder,CO,Passenger,1,0,1,50,51,1.96
January 31 2021,Henrico,VA,Passenger,0,1,1,18,19,5.26
March 31 2018,King,WA,Passenger,11968,5151,17119,1367555,1384674,1.24
July 31 2018,Skagit,WA,Passenger,215,171,386,90705,91091,0.42
February 29 2024,Jefferson,NY,Passenger,2,0,2,163,165,1.21
April 30 2020,San Francisco,CA,Passenger,2,1,3,103,106,2.83
December 31 2020,Spartanburg,SC,Passenger,0,1,1,53,54,1.85
January 31 2024,Essex,MA,Passenger,1,0,1,11,12,8.33
August 31 2017,Pinal,AZ,Passenger,2,0,2,231,233,0.86
October 31 2018,Sumter,FL,Passenger,0,1,1,10,11,9.09
July 31 2023,Sacramento,CA,Truck,1,0,1,30,31,3.23
November 30 2019,Lewis,WA,Passenger,109,105,214,59500,59714,0.36
December 31 2018,El Paso,CO,Passenger,3,1,4,774,778,0.51
September 30 2020,Clackamas,OR,Passenger,2,0,2,188,190,1.05
February 29 2020,Lake,IL,Passenger,1,0,1,173,174,0.57
March 31 2022,Pulaski,MO,Passenger,2,0,2,119,121,1.65
December 31 2021,Howard,IN,Passenger,0,1,1,6,7,14.29
May 31 2022,Lee,FL,Passenger,1,0,1,36,37,2.70
April 30 2021,Chelan,WA,Truck,0,0,0,23052,23052,0.00
September 30 2019,Collier,FL,Passenger,1,0,1,21,22,4.55
May 31 2019,Nassau,NY,Passenger,3,0,3,42,45,6.67
January 31 2021,Wahkiakum,WA,Truck,0,0,0,1768,1768,0.00
October 31 2023,Essex,NJ,Passenger,2,0,2,9,11,18.18
December 31 2018,Nantucket,MA,Passenger,1,0,1,4,5,20.00
July 31 2019,Lake,CA,Passenger,0,1,1,9,10,10.00
July 31 2020,Kootenai,ID,Passenger,1,1,2,217,219,0.91
September 30 2021,Baltimore,MD,Passenger,1,0,1,100,101,0.99
February 28 2023,Leavenworth,KS,Passenger,0,1,1,91,92,1.09
March 31 2017,Portsmouth,VA,Passenger,0,1,1,65,66,1.52
January 31 2024,Washtenaw,MI,Passenger,0,2,2,16,18,11.11
October 31 2021,Stevens,WA,Truck,0,0,0,18876,18876,0.00
March 31 2018,Okanogan,WA,Truck,0,0,0,16333,16333,0.00
May 31 2023,Maricopa,AZ,Passenger,11,5,16,750,766,2.09
February 29 2020,Santa Cruz,CA,Passenger,1,0,1,39,40,2.50
February 28 2021,Spartanburg,SC,Passenger,0,1,1,53,54,1.85
December 31 2020,Montgomery,MD,Passenger,1,0,1,230,231,0.43
January 31 2018,Collier,FL,Passenger,1,0,1,22,23,4.35
March 31 2022,Leavenworth,KS,Passenger,0,1,1,100,101,0.99
August 31 2020,Suffolk,VA,Passenger,1,0,1,125,126,0.79
October 31 2020,Okanogan,WA,Truck,0,0,0,16563,16563,0.00
July 31 2020,Flathead,MT,Passenger,1,0,1,60,61,1.64
January 31 2022,Tarrant,TX,Passenger,3,0,3,145,148,2.03
November 30 2020,Virginia Beach,VA,Passenger,1,0,1,648,649,0.15
August 31 2021,Hawaii,HI,Passenger,1,0,1,49,50,2.00
December 31 2019,Dallas,TX,Passenger,1,0,1,213,214,0.47
January 31 2022,Camden,NJ,Passenger,0,1,1,13,14,7.14
August 31 2020,Hennepin,MN,Passenger,3,0,3,94,97,3.09
February 28 2017,Mason,WA,Truck,0,0,0,19190,19190,0.00
May 31 2017,Wahkiakum,WA,Passenger,0,2,2,2837,2839,0.07
December 31 2020,San Francisco,CA,Passenger,1,1,2,100,102,1.96
November 30 2022,Washtenaw,MI,Passenger,0,1,1,23,24,4.17
March 31 2020,Hudson,NJ,Passenger,1,0,1,41,42,2.38
April 30 2019,Skagit,WA,Passenger,292,197,489,91531,92020,0.53
December 31 2022,Kings,CA,Passenger,2,1,3,293,296,1.01
October 31 2023,Washtenaw,MI,Passenger,0,2,2,17,19,10.53
May 31 2021,Douglas,CO,Passenger,0,1,1,81,82,1.22
June 30 2023,Placer,CA,Passenger,1,0,1,62,63,1.59
April 30 2022,Collier,FL,Passenger,1,0,1,21,22,4.55
August 31 2018,Lincoln,WA,Passenger,3,6,9,7749,7758,0.12
June 30 2018,Sedgwick,KS,Passenger,0,1,1,101,102,0.98
October 31 2021,Providence,RI,Passenger,1,0,1,24,25,4.00
July 31 2018,Riverside,CA,Passenger,2,2,4,700,704,0.57
April 30 2020,Cochise,AZ,Passenger,0,1,1,103,104,0.96
November 30 2023,Pulaski,MO,Passenger,2,0,2,89,91,2.20
September 30 2022,Whatcom,WA,Truck,14,0,14,43072,43086,0.03
June 30 2020,Monterey,CA,Passenger,0,2,2,171,173,1.16
August 31 2022,Sarpy,NE,Passenger,1,0,1,63,64,1.56
June 30 2021,Danville,VA,Passenger,1,0,1,0,1,100.00
August 31 2019,Pacific,WA,Truck,0,0,0,7676,7676,0.00
May 31 2021,Franklin,WA,Passenger,117,95,212,61934,62146,0.34
May 31 2020,Whitman,WA,Truck,0,0,0,8513,8513,0.00
July 31 2022,Ada,ID,Passenger,1,0,1,175,176,0.57
October 31 2023,Rock Island,IL,Passenger,0,1,1,12,13,7.69
June 30 2020,RÃ­o Grande,PR,Passenger,1,0,1,1,2,50.00
March 31 2017,Yakima,WA,Truck,0,0,0,57259,57259,0.00
July 31 2020,Montgomery,TX,Passenger,1,0,1,54,55,1.82
January 31 2020,Alameda,CA,Passenger,4,1,5,298,303,1.65
September 30 2020,Santa Clara,CA,Passenger,7,2,9,298,307,2.93
April 30 2024,Nueces,TX,Passenger,2,1,3,42,45,6.67
February 28 2018,Sumter,FL,Passenger,0,1,1,10,11,9.09
April 30 2024,Cowlitz,WA,Passenger,663,271,934,67454,68388,1.37
January 31 2024,Grays Harbor,WA,Passenger,386,223,609,47841,48450,1.26
September 30 2023,Autauga,AL,Passenger,2,0,2,10,12,16.67
November 30 2018,Skagit,WA,Passenger,249,184,433,91183,91616,0.47
February 29 2024,Virginia Beach,VA,Passenger,4,2,6,391,397,1.51
February 29 2020,Maricopa,AZ,Passenger,8,9,17,1580,1597,1.06
December 31 2020,Maricopa,AZ,Passenger,6,9,15,1432,1447,1.04
June 30 2021,Kings,NY,Passenger,1,0,1,71,72,1.39
April 30 2022,Island,WA,Passenger,778,366,1144,62025,63169,1.81
December 31 2021,Whitman,WA,Passenger,67,59,126,21932,22058,0.57
September 30 2023,Boulder,CO,Passenger,2,0,2,30,32,6.25
March 31 2024,Contra Costa,CA,Passenger,2,2,4,134,138,2.90
June 30 2023,Rockingham,NH,Passenger,1,0,1,12,13,7.69
December 31 2022,Tooele,UT,Passenger,1,0,1,7,8,12.50
December 31 2021,Spokane,WA,Passenger,1307,758,2065,327024,329089,0.63
January 31 2021,Nassau,FL,Passenger,1,0,1,33,34,2.94
February 28 2021,Arapahoe,CO,Passenger,1,0,1,129,130,0.77
February 29 2024,Fairfax,VA,Passenger,7,6,13,513,526,2.47
August 31 2018,District of Columbia,DC,Passenger,0,3,3,191,194,1.55
September 30 2020,Flathead,MT,Passenger,1,0,1,61,62,1.61
September 30 2023,Pima,AZ,Passenger,1,0,1,174,175,0.57
January 31 2023,Henrico,VA,Passenger,0,1,1,10,11,9.09
September 30 2023,Nueces,TX,Passenger,1,1,2,49,51,3.92
May 31 2023,Lewis,WA,Passenger,310,208,518,59125,59643,0.87
February 28 2022,Klickitat,WA,Passenger,92,53,145,15290,15435,0.94
January 31 2021,Washington,OR,Passenger,1,0,1,421,422,0.24
November 30 2018,Allegheny,PA,Passenger,1,0,1,91,92,1.09
March 31 2023,Wayne,MI,Passenger,0,1,1,38,39,2.56
February 28 2019,Shelby,TN,Passenger,0,1,1,100,101,0.99
September 30 2023,Albemarle,VA,Passenger,2,0,2,15,17,11.76
January 31 2023,Grays Harbor,WA,Passenger,260,164,424,48568,48992,0.87
April 30 2019,Columbia,WA,Passenger,2,2,4,2442,2446,0.16
June 30 2022,Monterey,CA,Passenger,0,3,3,148,151,1.99
August 31 2022,Moore,NC,Passenger,0,1,1,112,113,0.88
July 31 2019,Douglas,NE,Passenger,0,1,1,63,64,1.56
March 31 2021,Manassas,VA,Passenger,0,1,1,6,7,14.29
May 31 2023,Atlantic,NJ,Passenger,1,0,1,12,13,7.69
September 30 2018,Skamania,WA,Passenger,15,11,26,8706,8732,0.30
July 31 2020,Grays Harbor,WA,Truck,0,0,0,20973,20973,0.00
February 28 2018,Anne Arundel,MD,Passenger,0,1,1,476,477,0.21
October 31 2019,Whatcom,WA,Passenger,950,470,1420,151431,152851,0.93
September 30 2022,Denton,TX,Passenger,2,0,2,62,64,3.12
November 30 2022,Kitsap,WA,Passenger,2694,1132,3826,177027,180853,2.12
December 31 2021,St. Mary's,MD,Passenger,1,0,1,206,207,0.48
March 31 2023,Cumberland,PA,Passenger,1,0,1,41,42,2.38
November 30 2021,Stevens,WA,Passenger,55,43,98,30285,30383,0.32
August 31 2023,Columbia,WA,Passenger,12,1,13,2431,2444,0.53
April 30 2019,Honolulu,HI,Passenger,2,3,5,516,521,0.96
April 30 2019,Charleston,SC,Passenger,1,0,1,123,124,0.81
February 28 2023,Wayne,MI,Passenger,0,1,1,36,37,2.70
March 31 2023,Walla Walla,WA,Passenger,209,111,320,35517,35837,0.89
October 31 2021,Wahkiakum,WA,Passenger,17,8,25,3063,3088,0.81
March 31 2022,Fresno,CA,Passenger,1,0,1,169,170,0.59
February 29 2020,Denver,CO,Passenger,1,0,1,131,132,0.76
June 30 2017,Santa Clara,CA,Passenger,5,2,7,409,416,1.68
November 30 2022,Thurston,WA,Truck,34,0,34,54678,54712,0.06
May 31 2018,Anne Arundel,MD,Passenger,0,1,1,449,450,0.22
June 30 2023,Franklin,WA,Truck,5,0,5,20921,20926,0.02
October 31 2022,Oldham,KY,Passenger,0,1,1,4,5,20.00
December 31 2020,Sarasota,FL,Passenger,2,0,2,36,38,5.26
May 31 2020,Howard,MD,Passenger,0,1,1,80,81,1.23
January 31 2018,Santa Fe,NM,Passenger,0,1,1,44,45,2.22
April 30 2023,Franklin,WA,Passenger,299,133,432,61939,62371,0.69
June 30 2023,Grays Harbor,WA,Truck,7,0,7,20966,20973,0.03
January 31 2018,Yakima,WA,Truck,0,0,0,58097,58097,0.00
August 31 2023,Asotin,WA,Truck,0,0,0,6643,6643,0.00
October 31 2017,Charles,MD,Passenger,0,1,1,85,86,1.16
October 31 2022,Houston,GA,Passenger,1,0,1,31,32,3.12
March 31 2019,Bucks,PA,Passenger,1,0,1,19,20,5.00
November 30 2019,Kitsap,WA,Passenger,1190,649,1839,182171,184010,1.00
December 31 2021,Grays Harbor,WA,Truck,0,0,0,21380,21380,0.00
June 30 2020,Riverside,CA,Passenger,3,1,4,630,634,0.63
December 31 2017,Hardin,KY,Passenger,0,1,1,114,115,0.87
January 31 2022,Burlington,NJ,Passenger,0,1,1,116,117,0.85
September 30 2019,Douglas,WA,Truck,0,0,0,12271,12271,0.00
February 28 2022,Wake,NC,Passenger,1,0,1,120,121,0.83
May 31 2021,Richmond,NY,Passenger,1,0,1,7,8,12.50
March 31 2023,Middlesex,NJ,Passenger,1,0,1,20,21,4.76
December 31 2017,Snohomish,WA,Passenger,2017,1050,3067,516838,519905,0.59
July 31 2019,Skagit,WA,Truck,1,0,1,32519,32520,0.00
June 30 2021,Boulder,CO,Passenger,1,1,2,51,53,3.77
December 31 2020,Orange,NC,Passenger,0,1,1,13,14,7.14
November 30 2022,Hanover,VA,Passenger,1,0,1,1,2,50.00
January 31 2023,Kitsap,WA,Truck,40,0,40,52833,52873,0.08
May 31 2021,Washington,OR,Passenger,1,0,1,406,407,0.25
November 30 2019,San Joaquin,CA,Passenger,1,0,1,142,143,0.70
June 30 2023,San Francisco,CA,Passenger,1,0,1,63,64,1.56
March 31 2017,Snohomish,WA,Passenger,1657,848,2505,513330,515835,0.49
December 31 2020,Ferry,WA,Truck,0,0,0,3610,3610,0.00
August 31 2020,Arlington,VA,Passenger,0,2,2,151,153,1.31
April 30 2018,Sangamon,IL,Passenger,1,0,1,11,12,8.33
March 31 2021,Spokane,WA,Truck,0,0,0,101392,101392,0.00
March 31 2017,Douglas,WA,Truck,0,0,0,11441,11441,0.00
June 30 2018,Okanogan,WA,Truck,0,0,0,16432,16432,0.00
June 30 2021,Sedgwick,KS,Passenger,1,1,2,88,90,2.22
September 30 2023,Fulton,GA,Passenger,1,1,2,54,56,3.57
December 31 2017,Dakota,MN,Passenger,0,2,2,39,41,4.88
October 31 2018,Larimer,CO,Passenger,1,0,1,62,63,1.59
May 31 2023,Polk,OR,Passenger,1,1,2,17,19,10.53
March 31 2024,Harris,TX,Passenger,2,2,4,100,104,3.85
September 30 2023,Grant,WA,Truck,12,0,12,28095,28107,0.04
February 29 2024,Spokane,WA,Passenger,3042,1472,4514,318389,322903,1.40
September 30 2023,San Juan,WA,Passenger,654,184,838,13743,14581,5.75
November 30 2019,Wahkiakum,WA,Passenger,4,3,7,3038,3045,0.23
March 31 2023,Harford,MD,Passenger,1,1,2,42,44,4.55
August 31 2017,Lane,OR,Passenger,0,1,1,225,226,0.44
January 31 2023,Douglas,NE,Passenger,2,1,3,32,35,8.57
November 30 2022,Madison,IL,Passenger,1,0,1,16,17,5.88
May 31 2021,Richland,SC,Passenger,0,1,1,144,145,0.69
August 31 2020,Yakima,WA,Passenger,146,122,268,166082,166350,0.16
January 31 2018,Cowlitz,WA,Passenger,54,69,123,70975,71098,0.17
December 31 2017,Lincoln,WA,Passenger,2,5,7,7569,7576,0.09
January 31 2020,Riverside,CA,Passenger,4,1,5,654,659,0.76
December 31 2022,Beaufort,SC,Passenger,1,0,1,30,31,3.23
September 30 2018,Whatcom,WA,Passenger,667,334,1001,148470,149471,0.67
May 31 2022,Bexar,TX,Passenger,3,3,6,484,490,1.22
September 30 2017,Clark,WA,Truck,0,0,0,77853,77853,0.00
March 31 2017,Island,WA,Truck,0,0,0,20494,20494,0.00
April 30 2017,Clackamas,OR,Passenger,1,1,2,322,324,0.62
May 31 2022,Alameda,CA,Passenger,5,1,6,205,211,2.84
February 28 2022,Kauai,HI,Passenger,1,0,1,21,22,4.55
June 30 2021,Dallas,IA,Passenger,0,1,1,9,10,10.00
April 30 2024,Sarpy,NE,Passenger,1,0,1,52,53,1.89
May 31 2019,Lee,FL,Passenger,1,0,1,50,51,1.96
November 30 2023,Pima,AZ,Passenger,1,0,1,166,167,0.60
June 30 2022,Manassas,VA,Passenger,0,1,1,8,9,11.11
April 30 2024,St. Lawrence,NY,Passenger,1,0,1,1,2,50.00
September 30 2021,Island,WA,Passenger,661,329,990,63073,64063,1.55
May 31 2023,Yakima,WA,Passenger,483,248,731,165932,166663,0.44
June 30 2023,Norfolk,VA,Passenger,2,2,4,281,285,1.40
October 31 2019,Greene,MO,Passenger,0,1,1,33,34,2.94
July 31 2022,Cowlitz,WA,Truck,2,0,2,28460,28462,0.01
February 28 2018,Island,WA,Truck,0,0,0,20821,20821,0.00
April 30 2023,Mason,WA,Passenger,417,204,621,46338,46959,1.32
June 30 2018,Hardin,KY,Passenger,0,1,1,115,116,0.86
October 31 2023,Sonoma,CA,Passenger,2,1,3,62,65,4.62
February 28 2023,Gwinnett,GA,Passenger,1,0,1,50,51,1.96
May 31 2019,Sangamon,IL,Passenger,1,0,1,7,8,12.50
October 31 2017,Clark,WA,Passenger,829,559,1388,302226,303614,0.46
November 30 2018,Dallas,TX,Passenger,0,1,1,206,207,0.48
March 31 2019,Snohomish,WA,Truck,1,0,1,121890,121891,0.00
May 31 2017,Clark,WA,Truck,0,0,0,77586,77586,0.00
March 31 2018,Prince George,VA,Passenger,0,1,1,73,74,1.35
March 31 2020,Fresno,CA,Passenger,1,0,1,204,205,0.49
January 31 2021,Dallas,TX,Passenger,1,0,1,179,180,0.56
February 28 2022,Washington,MD,Passenger,2,0,2,12,14,14.29
November 30 2017,Grant,WA,Passenger,24,33,57,61886,61943,0.09
November 30 2021,Lincoln,WA,Truck,0,0,0,4808,4808,0.00
March 31 2022,New Haven,CT,Passenger,0,2,2,34,36,5.56
March 31 2019,Chelan,WA,Truck,0,0,0,22124,22124,0.00
July 31 2018,Lincoln,WA,Passenger,3,6,9,7748,7757,0.12
May 31 2017,Cobb,GA,Passenger,0,1,1,79,80,1.25
November 30 2020,Gwinnett,GA,Passenger,1,0,1,72,73,1.37
December 31 2017,Okanogan,WA,Passenger,7,18,25,25729,25754,0.10
November 30 2022,Virginia Beach,VA,Passenger,2,1,3,489,492,0.61
March 31 2020,Lake,IL,Passenger,1,0,1,175,176,0.57
October 31 2021,Pend Oreille,WA,Passenger,18,7,25,9199,9224,0.27
May 31 2019,Nueces,TX,Passenger,1,1,2,95,97,2.06
August 31 2023,Cumberland,NC,Passenger,1,3,4,309,313,1.28
February 28 2022,Pulaski,MO,Passenger,2,0,2,123,125,1.60
November 30 2023,Platte,MO,Passenger,2,0,2,20,22,9.09
October 31 2022,King,WA,Passenger,45324,11905,57229,1339947,1397176,4.10
May 31 2021,Santa Clara,CA,Passenger,9,3,12,285,297,4.04
October 31 2020,Asotin,WA,Truck,0,0,0,6684,6684,0.00
July 31 2019,Harris,TX,Passenger,1,1,2,279,281,0.71
November 30 2018,District of Columbia,DC,Passenger,1,3,4,191,195,2.05
July 31 2017,Franklin,OH,Passenger,0,1,1,118,119,0.84
April 30 2022,Broward,FL,Passenger,2,0,2,91,93,2.15
January 31 2018,Manatee,FL,Passenger,1,0,1,38,39,2.56
August 31 2019,Boone,MO,Passenger,0,1,1,11,12,8.33
March 31 2018,DeKalb,IN,Passenger,1,0,1,1,2,50.00
August 31 2019,Lewis,WA,Truck,0,0,0,25984,25984,0.00
October 31 2017,Clallam,WA,Truck,0,0,0,21148,21148,0.00
April 30 2020,Duval,FL,Passenger,0,2,2,365,367,0.54
May 31 2022,Middlesex,MA,Passenger,1,0,1,92,93,1.08
November 30 2023,Pitt,NC,Passenger,0,1,1,5,6,16.67
December 31 2019,Douglas,WA,Passenger,67,38,105,28292,28397,0.37
March 31 2019,Grays Harbor,WA,Passenger,69,80,149,47583,47732,0.31
November 30 2022,San Francisco,CA,Passenger,1,0,1,77,78,1.28
December 31 2020,Charleston,SC,Passenger,2,0,2,95,97,2.06
July 31 2023,Kittitas,WA,Truck,10,0,10,14611,14621,0.07
January 31 2017,Manatee,FL,Passenger,1,0,1,59,60,1.67
August 31 2021,Loudoun,VA,Passenger,1,0,1,72,73,1.37
June 30 2019,Manassas,VA,Passenger,0,1,1,9,10,10.00
May 31 2023,Spokane,WA,Truck,38,0,38,101729,101767,0.04
March 31 2020,Harford,MD,Passenger,0,1,1,59,60,1.67
June 30 2020,Spokane,WA,Truck,1,0,1,98308,98309,0.00
February 28 2022,Chelan,WA,Truck,0,0,0,23061,23061,0.00
April 30 2024,San Diego,CA,Passenger,15,9,24,1716,1740,1.38
October 31 2017,Columbia,WA,Truck,0,0,0,1543,1543,0.00
January 31 2023,District of Columbia,DC,Passenger,2,0,2,158,160,1.25
October 31 2020,Salt Lake,UT,Passenger,0,1,1,193,194,0.52
February 29 2024,Adams,WA,Passenger,32,14,46,13043,13089,0.35
February 28 2021,Stevens,WA,Truck,0,0,0,18713,18713,0.00
November 30 2018,Kitsap,WA,Truck,1,0,1,53650,53651,0.00
October 31 2017,Prince William,VA,Passenger,0,4,4,268,272,1.47
March 31 2018,Sumter,FL,Passenger,0,1,1,10,11,9.09
January 31 2019,Monroe,IL,Passenger,1,0,1,3,4,25.00
January 31 2022,RÃ­o Grande,PR,Passenger,1,0,1,0,1,100.00
February 29 2020,San Mateo,CA,Passenger,0,1,1,125,126,0.79
December 31 2019,Hillsborough,FL,Passenger,0,1,1,192,193,0.52
April 30 2020,Prince William,VA,Passenger,2,4,6,225,231,2.60
December 31 2019,Montgomery,OH,Passenger,0,1,1,47,48,2.08
August 31 2021,Missoula,MT,Passenger,1,0,1,57,58,1.72
May 31 2022,Harnett,NC,Passenger,2,0,2,160,162,1.23
January 31 2024,Las Animas,CO,Passenger,1,0,1,0,1,100.00
April 30 2020,Cowlitz,WA,Truck,0,0,0,28760,28760,0.00
June 30 2018,Bexar,TX,Passenger,2,4,6,758,764,0.79
January 31 2017,Anne Arundel,MD,Passenger,0,1,1,514,515,0.19
August 31 2020,Mercer,NJ,Passenger,0,1,1,16,17,5.88
February 28 2023,Pulaski,MO,Passenger,3,0,3,97,100,3.00
April 30 2024,Santa Clara,CA,Passenger,7,2,9,127,136,6.62
August 31 2022,Denton,TX,Passenger,2,0,2,61,63,3.17
June 30 2023,Harnett,NC,Passenger,4,0,4,140,144,2.78
June 30 2021,RÃ­o Grande,PR,Passenger,1,0,1,0,1,100.00
May 31 2017,Santa Fe,NM,Passenger,0,1,1,46,47,2.13
September 30 2022,Gwinnett,GA,Passenger,1,0,1,55,56,1.79
September 30 2021,Salt Lake,UT,Passenger,0,1,1,177,178,0.56
October 31 2019,Oldham,KY,Passenger,0,1,1,5,6,16.67
December 31 2018,Kitsap,WA,Passenger,946,544,1490,179799,181289,0.82
May 31 2019,Calvert,MD,Passenger,0,2,2,87,89,2.25
September 30 2018,Brevard,FL,Passenger,0,1,1,93,94,1.06
October 31 2019,Spartanburg,SC,Passenger,0,1,1,45,46,2.17
April 30 2022,Wood,OH,Passenger,0,1,1,6,7,14.29
February 28 2017,Pierce,WA,Passenger,862,778,1640,526651,528291,0.31
March 31 2024,Hennepin,MN,Passenger,1,0,1,26,27,3.70
August 31 2022,Skagit,WA,Truck,5,0,5,32199,32204,0.02
October 31 2023,Ada,ID,Passenger,2,0,2,102,104,1.92
October 31 2020,Maui,HI,Passenger,2,0,2,32,34,5.88
February 28 2023,Kauai,HI,Passenger,1,1,2,15,17,11.76
October 31 2023,Williamsburg,VA,Passenger,0,1,1,4,5,20.00
December 31 2021,Klickitat,WA,Passenger,89,53,142,15331,15473,0.92
January 31 2024,Kitsap,WA,Truck,113,0,113,51429,51542,0.22
December 31 2018,Clay,FL,Passenger,0,1,1,90,91,1.10
April 30 2023,Shasta,CA,Passenger,1,0,1,26,27,3.70
April 30 2020,Greene,MO,Passenger,0,1,1,34,35,2.86
September 30 2017,Clallam,WA,Passenger,95,83,178,48612,48790,0.36
February 29 2024,Pierce,WA,Passenger,10043,3293,13336,519075,532411,2.50
September 30 2022,Adams,WA,Truck,1,0,1,5422,5423,0.02
August 31 2017,Madison,ID,Passenger,1,0,1,37,38,2.63
April 30 2021,Jefferson,WA,Passenger,309,178,487,24890,25377,1.92
November 30 2019,Travis,TX,Passenger,4,1,5,213,218,2.29
October 31 2023,El Dorado,CA,Passenger,1,0,1,17,18,5.56
July 31 2017,Clark,WA,Passenger,795,517,1312,299922,301234,0.44
November 30 2018,Anne Arundel,MD,Passenger,0,1,1,450,451,0.22
October 31 2022,Santa Clara,CA,Passenger,12,4,16,231,247,6.48
July 31 2017,Montgomery,MD,Passenger,1,0,1,307,308,0.32
April 30 2020,Asotin,WA,Passenger,16,12,28,12437,12465,0.22
February 28 2021,DeKalb,GA,Passenger,1,0,1,67,68,1.47
April 30 2019,Camden,NJ,Passenger,0,1,1,25,26,3.85
October 31 2023,Collier,FL,Passenger,1,0,1,14,15,6.67
November 30 2017,King,WA,Passenger,11126,4613,15739,1371156,1386895,1.13
March 31 2019,Clark,WA,Passenger,1358,881,2239,311913,314152,0.71
March 31 2017,Clallam,WA,Truck,0,0,0,21038,21038,0.00
July 31 2017,Tulare,CA,Passenger,1,0,1,196,197,0.51
November 30 2020,Columbia,OR,Passenger,1,0,1,26,27,3.70
November 30 2021,New Haven,CT,Passenger,0,2,2,32,34,5.88
January 31 2019,Kent,MI,Passenger,0,1,1,25,26,3.85
June 30 2022,Rogers,OK,Passenger,1,0,1,2,3,33.33
August 31 2020,Garfield,WA,Passenger,0,1,1,1350,1351,0.07
June 30 2017,Maricopa,AZ,Passenger,2,1,3,1792,1795,0.17
November 30 2019,Jefferson,NY,Passenger,0,1,1,214,215,0.47
April 30 2022,Pima,AZ,Passenger,1,1,2,258,260,0.77
August 31 2017,Multnomah,OR,Passenger,1,3,4,941,945,0.42
April 30 2018,Brevard,FL,Passenger,0,1,1,104,105,0.95
November 30 2021,Clark,NV,Passenger,8,2,10,602,612,1.63
July 31 2022,Houston,GA,Passenger,1,0,1,33,34,2.94
May 31 2020,Placer,CA,Passenger,2,0,2,95,97,2.06
August 31 2019,Harrison,MS,Passenger,1,0,1,65,66,1.52
March 31 2024,Bartow,GA,Passenger,0,1,1,3,4,25.00
September 30 2022,Danville,VA,Passenger,1,0,1,0,1,100.00
September 30 2022,Okanogan,WA,Truck,1,0,1,16504,16505,0.01
December 31 2018,Orange,FL,Passenger,2,0,2,168,170,1.18
July 31 2020,Whitman,WA,Passenger,45,49,94,22109,22203,0.42
February 29 2020,Monterey,CA,Passenger,0,1,1,189,190,0.53
October 31 2020,Collin,TX,Passenger,2,1,3,132,135,2.22
January 31 2022,Sarpy,NE,Passenger,1,0,1,71,72,1.39
January 31 2024,Cache,UT,Passenger,1,0,1,8,9,11.11
April 30 2022,Pierce,WA,Passenger,4828,2258,7086,548097,555183,1.28
May 31 2023,Pend Oreille,WA,Passenger,30,11,41,8890,8931,0.46
April 30 2018,San Diego,CA,Passenger,7,1,8,2567,2575,0.31
July 31 2022,Whatcom,WA,Truck,11,0,11,43191,43202,0.03
March 31 2022,Garfield,WA,Truck,0,0,0,998,998,0.00
November 30 2019,Deschutes,OR,Passenger,4,0,4,157,161,2.48
May 31 2021,Okaloosa,FL,Passenger,0,1,1,128,129,0.78
May 31 2017,Marin,CA,Passenger,1,0,1,57,58,1.72
January 31 2024,Tarrant,TX,Passenger,1,0,1,77,78,1.28
July 31 2023,Snohomish,WA,Truck,187,0,187,121302,121489,0.15
September 30 2017,Pacific,WA,Passenger,12,9,21,15256,15277,0.14
February 28 2018,Lincoln,WA,Passenger,2,5,7,7594,7601,0.09
August 31 2019,Pima,AZ,Passenger,1,1,2,413,415,0.48
June 30 2020,Norfolk,VA,Passenger,2,2,4,344,348,1.15
August 31 2020,Prince George's,MD,Passenger,2,1,3,162,165,1.82
September 30 2022,Frederick,MD,Passenger,1,0,1,64,65,1.54
August 31 2018,Tarrant,TX,Passenger,1,0,1,214,215,0.47
February 28 2023,Louisa,VA,Passenger,0,1,1,1,2,50.00
September 30 2017,Nassau,NY,Passenger,1,1,2,42,44,4.55
November 30 2017,Alameda,CA,Passenger,0,1,1,358,359,0.28
August 31 2022,Stafford,VA,Passenger,2,1,3,88,91,3.30
July 31 2018,San Juan,WA,Passenger,149,62,211,14108,14319,1.47
March 31 2017,Okanogan,WA,Passenger,3,16,19,25634,25653,0.07
February 29 2020,Cascade,MT,Passenger,0,1,1,61,62,1.61
November 30 2020,Chelan,WA,Truck,0,0,0,22764,22764,0.00
April 30 2024,Charleston,SC,Passenger,1,2,3,38,41,7.32
February 28 2019,Nueces,TX,Passenger,1,1,2,90,92,2.17
August 31 2017,Canyon,ID,Passenger,0,1,1,99,100,1.00
April 30 2019,Saratoga,NY,Passenger,1,0,1,55,56,1.79
July 31 2019,Bucks,PA,Passenger,1,0,1,23,24,4.17
November 30 2023,Richmond,NY,Passenger,1,0,1,4,5,20.00
May 31 2019,Asotin,WA,Passenger,12,8,20,12669,12689,0.16
March 31 2017,Virginia Beach,VA,Passenger,2,1,3,647,650,0.46
May 31 2023,Larimer,CO,Passenger,1,0,1,32,33,3.03
October 31 2019,DeKalb,GA,Passenger,1,0,1,83,84,1.19
October 31 2020,Plaquemines,LA,Passenger,0,1,1,14,15,6.67
March 31 2018,Whatcom,WA,Passenger,575,260,835,146086,146921,0.57
October 31 2022,Salt Lake,UT,Passenger,1,1,2,136,138,1.45
October 31 2022,Hamilton,OH,Truck,1,0,1,4,5,20.00
May 31 2018,Walla Walla,WA,Passenger,34,42,76,35569,35645,0.21
April 30 2021,San Mateo,CA,Passenger,1,1,2,110,112,1.79
June 30 2019,,,Passenger,4,2,6,416,422,1.42
December 31 2020,Richland,SC,Passenger,0,1,1,144,145,0.69
July 31 2023,Prince George's,MD,Passenger,3,1,4,119,123,3.25
May 31 2019,Brevard,FL,Passenger,0,1,1,88,89,1.12
February 28 2021,El Dorado,CA,Passenger,1,0,1,36,37,2.70
December 31 2020,Dallas,IA,Passenger,0,1,1,10,11,9.09
April 30 2024,Kittitas,WA,Passenger,499,129,628,28548,29176,2.15
March 31 2021,Skamania,WA,Truck,0,0,0,4023,4023,0.00
April 30 2018,Montgomery,MD,Passenger,1,0,1,295,296,0.34
November 30 2021,Columbia,WA,Truck,0,0,0,1551,1551,0.00
December 31 2020,Kittitas,WA,Truck,0,0,0,14647,14647,0.00
March 31 2022,Douglas,WA,Truck,0,0,0,12723,12723,0.00
April 30 2020,Benton,WA,Passenger,347,321,668,134515,135183,0.49
November 30 2023,Pacific,WA,Passenger,87,102,189,15517,15706,1.20
January 31 2021,Oldham,KY,Passenger,0,1,1,4,5,20.00
June 30 2017,Spokane,WA,Truck,1,0,1,90616,90617,0.00
May 31 2020,Walla Walla,WA,Passenger,70,62,132,35807,35939,0.37
February 28 2017,Ventura,CA,Passenger,0,2,2,386,388,0.52
January 31 2019,Arlington,VA,Passenger,1,2,3,163,166,1.81
September 30 2021,Orange,NC,Passenger,0,1,1,13,14,7.14
March 31 2020,Multnomah,OR,Passenger,4,7,11,757,768,1.43
February 28 2021,Pacific,WA,Passenger,37,38,75,15807,15882,0.47
April 30 2023,St. Clair,IL,Passenger,1,0,1,104,105,0.95
November 30 2017,Carroll,NH,Passenger,0,1,1,1,2,50.00
December 31 2022,Okaloosa,FL,Passenger,0,1,1,99,100,1.00
January 31 2020,Columbia,OR,Passenger,1,0,1,28,29,3.45
July 31 2020,Nassau,FL,Passenger,1,0,1,34,35,2.86
February 29 2020,Chelan,WA,Passenger,216,78,294,54600,54894,0.54
July 31 2021,Chesapeake,VA,Passenger,0,3,3,414,417,0.72
March 31 2017,Juneau,AK,Passenger,0,1,1,54,55,1.82
August 31 2021,Baltimore,MD,Passenger,1,0,1,103,104,0.96
February 28 2019,Monterey,CA,Passenger,0,1,1,190,191,0.52
December 31 2019,Oklahoma,OK,Passenger,0,1,1,135,136,0.74
October 31 2019,Hawaii,HI,Passenger,1,0,1,61,62,1.61
October 31 2022,Lake,IN,Passenger,0,1,1,11,12,8.33
April 30 2019,Franklin,WA,Truck,0,0,0,19211,19211,0.00
October 31 2019,Chelan,WA,Passenger,191,75,266,54651,54917,0.48
March 31 2017,Salt Lake,UT,Passenger,0,1,1,310,311,0.32
April 30 2020,Lake,IL,Passenger,1,0,1,173,174,0.57
April 30 2022,Allegheny,PA,Passenger,2,1,3,67,70,4.29
June 30 2017,Grant,WA,Passenger,20,27,47,60838,60885,0.08
June 30 2017,Klickitat,WA,Passenger,23,24,47,14801,14848,0.32
February 29 2024,Skagit,WA,Truck,39,0,39,31230,31269,0.12
April 30 2020,Solano,CA,Passenger,1,0,1,215,216,0.46
September 30 2022,Dallas,TX,Passenger,1,0,1,110,111,0.90
November 30 2023,Virginia Beach,VA,Truck,1,0,1,98,99,1.01
December 31 2018,DeKalb,IN,Passenger,1,0,1,1,2,50.00
December 31 2021,Kitsap,WA,Truck,0,0,0,54126,54126,0.00
September 30 2020,Chelan,WA,Passenger,260,80,340,54301,54641,0.62
April 30 2020,Alameda,CA,Passenger,3,1,4,290,294,1.36
February 28 2023,Lane,OR,Passenger,0,2,2,89,91,2.20
November 30 2019,Brevard,FL,Passenger,0,1,1,92,93,1.08
March 31 2022,Grant,WA,Truck,0,0,0,28032,28032,0.00
October 31 2017,Sumter,FL,Passenger,0,1,1,10,11,9.09
February 29 2024,Franklin,WA,Passenger,400,175,575,61837,62412,0.92
September 30 2021,Skamania,WA,Passenger,53,39,92,8373,8465,1.09
October 31 2017,Tulare,CA,Passenger,1,0,1,194,195,0.51
December 31 2021,Newport,RI,Passenger,0,1,1,73,74,1.35
June 30 2021,Douglas,CO,Passenger,0,1,1,82,83,1.20
February 29 2024,San Juan,WA,Passenger,698,205,903,13480,14383,6.28
November 30 2017,Pima,AZ,Passenger,1,1,2,432,434,0.46
December 31 2019,Maricopa,AZ,Passenger,7,8,15,1595,1610,0.93
April 30 2017,Moore,NC,Passenger,0,1,1,205,206,0.49
October 31 2018,Charles,MD,Passenger,0,1,1,85,86,1.16
July 31 2021,Charleston,SC,Passenger,1,1,2,90,92,2.17
June 30 2023,Wake,NC,Passenger,3,0,3,83,86,3.49
May 31 2022,Washington,MD,Passenger,2,0,2,12,14,14.29
January 31 2024,Kauai,HI,Passenger,0,1,1,11,12,8.33
April 30 2020,Oldham,KY,Passenger,0,1,1,4,5,20.00
June 30 2018,Franklin,MA,Passenger,0,1,1,1,2,50.00
May 31 2020,Asotin,WA,Passenger,16,12,28,12331,12359,0.23
May 31 2017,Clallam,WA,Passenger,84,74,158,48205,48363,0.33
March 31 2018,St. Lucie,FL,Passenger,1,0,1,27,28,3.57
July 31 2020,Valencia,NM,Passenger,1,0,1,8,9,11.11
February 29 2024,Yakima,WA,Passenger,681,310,991,165401,166392,0.60
October 31 2023,Hawaii,HI,Passenger,1,0,1,26,27,3.70
June 30 2021,Henrico,VA,Passenger,0,1,1,15,16,6.25
May 31 2022,Franklin,WA,Passenger,181,110,291,61976,62267,0.47
July 31 2023,Wilson,TX,Passenger,0,1,1,3,4,25.00
February 29 2020,Island,WA,Truck,1,0,1,21325,21326,0.00
April 30 2019,Prince George's,MD,Passenger,1,1,2,188,190,1.05
January 31 2019,Los Angeles,CA,Passenger,5,5,10,1122,1132,0.88
November 30 2018,Spokane,WA,Passenger,407,358,765,306833,307598,0.25
November 30 2022,Benton,WA,Truck,7,0,7,43386,43393,0.02
January 31 2017,Wayne,MI,Passenger,0,2,2,80,82,2.44
September 30 2022,Portsmouth,VA,Passenger,0,1,1,77,78,1.28
July 31 2019,Lewis,WA,Truck,0,0,0,25965,25965,0.00
April 30 2019,Allegheny,PA,Passenger,1,0,1,91,92,1.09
October 31 2022,Skagit,WA,Truck,8,0,8,32200,32208,0.02
July 31 2020,Okanogan,WA,Truck,0,0,0,16487,16487,0.00
October 31 2022,Franklin,WA,Passenger,239,112,351,61731,62082,0.57
April 30 2023,Bell,TX,Passenger,1,0,1,280,281,0.36
January 31 2018,Travis,TX,Passenger,1,1,2,196,198,1.01
April 30 2021,Portsmouth,VA,Passenger,0,1,1,79,80,1.25
June 30 2022,Gwinnett,GA,Passenger,1,0,1,52,53,1.89
February 28 2023,St. Lawrence,NY,Passenger,1,0,1,2,3,33.33
May 31 2018,Asotin,WA,Truck,0,0,0,6629,6629,0.00
October 31 2017,Marin,CA,Passenger,1,0,1,57,58,1.72
March 31 2021,Wilson,TX,Passenger,0,1,1,5,6,16.67
January 31 2022,Sevier,AR,Passenger,0,1,1,0,1,100.00
March 31 2024,Walla Walla,WA,Passenger,275,144,419,34813,35232,1.19
June 30 2022,Whatcom,WA,Truck,7,0,7,43332,43339,0.02
April 30 2023,Honolulu,HI,Passenger,3,3,6,304,310,1.94
March 31 2021,Middlesex,MA,Passenger,1,0,1,100,101,0.99
November 30 2020,Nassau,NY,Passenger,4,0,4,33,37,10.81
December 31 2019,Pierce,WA,Truck,0,0,0,140814,140814,0.00
July 31 2023,Benton,WA,Truck,26,0,26,43175,43201,0.06
July 31 2022,Grays Harbor,WA,Truck,2,0,2,21220,21222,0.01
November 30 2020,Dakota,MN,Passenger,0,1,1,29,30,3.33
November 30 2018,DuPage,IL,Passenger,1,0,1,60,61,1.64
July 31 2022,Rockdale,GA,Passenger,1,0,1,7,8,12.50
May 31 2019,Santa Cruz,CA,Passenger,1,0,1,43,44,2.27
May 31 2023,Essex,MA,Passenger,1,0,1,11,12,8.33
April 30 2022,Yakima,WA,Passenger,318,183,501,167325,167826,0.30
September 30 2019,Ferry,WA,Passenger,5,2,7,4425,4432,0.16
June 30 2019,Asotin,WA,Truck,0,0,0,6667,6667,0.00
April 30 2021,Richmond,NY,Passenger,1,0,1,7,8,12.50
February 28 2023,Palm Beach,FL,Passenger,1,1,2,54,56,3.57
June 30 2023,Kittitas,WA,Truck,8,0,8,14609,14617,0.05
October 31 2021,Wake,NC,Passenger,1,0,1,129,130,0.77
May 31 2020,Nueces,TX,Passenger,1,0,1,81,82,1.22
December 31 2023,Grays Harbor,WA,Truck,14,0,14,20799,20813,0.07
May 31 2022,Lane,OR,Passenger,0,2,2,102,104,1.92
June 30 2021,Franklin,WA,Truck,0,0,0,20695,20695,0.00
March 31 2017,Nantucket,MA,Passenger,1,0,1,3,4,25.00
January 31 2018,Frederick,MD,Passenger,0,1,1,90,91,1.10
October 31 2022,Cowlitz,WA,Truck,4,0,4,28428,28432,0.01
May 31 2019,Camden,NJ,Passenger,0,1,1,23,24,4.17
January 31 2023,Adams,CO,Passenger,1,0,1,31,32,3.12
June 30 2023,Sarpy,NE,Passenger,1,0,1,59,60,1.67
February 28 2021,Morris,NJ,Passenger,1,0,1,15,16,6.25
December 31 2023,Bartow,GA,Passenger,0,1,1,4,5,20.00
July 31 2020,Multnomah,OR,Passenger,4,7,11,732,743,1.48
July 31 2020,Pima,AZ,Passenger,3,1,4,360,364,1.10
February 29 2024,Cowlitz,WA,Truck,14,0,14,27572,27586,0.05
October 31 2022,Beaufort,SC,Passenger,1,0,1,30,31,3.23
January 31 2023,Madison,IL,Passenger,2,0,2,16,18,11.11
July 31 2023,Currituck,NC,Passenger,1,0,1,19,20,5.00
June 30 2022,Wake,NC,Passenger,1,0,1,98,99,1.01
May 31 2018,Collin,TX,Passenger,1,0,1,163,164,0.61
April 30 2019,Collin,TX,Passenger,2,1,3,148,151,1.99
June 30 2018,Walla Walla,WA,Truck,0,0,0,13418,13418,0.00
October 31 2023,Kern,CA,Passenger,1,1,2,157,159,1.26
September 30 2019,Harnett,NC,Passenger,1,1,2,221,223,0.90
May 31 2021,Orange,NC,Passenger,0,1,1,13,14,7.14
March 31 2020,Oldham,KY,Passenger,0,1,1,4,5,20.00
March 31 2022,St. Mary's,MD,Passenger,1,0,1,205,206,0.49
July 31 2022,Goochland,VA,Passenger,3,2,5,136,141,3.55
May 31 2017,Morris,NJ,Passenger,1,0,1,24,25,4.00
November 30 2023,King,WA,Truck,962,2,964,172797,173761,0.55
February 28 2019,Wahkiakum,WA,Truck,0,0,0,1720,1720,0.00
January 31 2017,Grant,WA,Passenger,16,21,37,60380,60417,0.06
March 31 2022,Pima,AZ,Passenger,1,1,2,269,271,0.74
September 30 2021,Fresno,CA,Passenger,1,0,1,181,182,0.55
February 28 2022,Tarrant,TX,Passenger,3,0,3,146,149,2.01
September 30 2022,Washtenaw,MI,Passenger,0,1,1,27,28,3.57
February 28 2023,Lincoln,OR,Passenger,0,1,1,16,17,5.88
December 31 2017,Prince William,VA,Passenger,0,4,4,271,275,1.45
March 31 2019,Spartanburg,SC,Passenger,0,1,1,37,38,2.63
June 30 2017,Klickitat,WA,Truck,0,0,0,7963,7963,0.00
August 31 2023,Lake,IN,Passenger,0,1,1,7,8,12.50
May 31 2021,Powhatan,VA,Passenger,1,0,1,1,2,50.00
October 31 2017,Orange,CA,Passenger,3,1,4,616,620,0.65
March 31 2023,Chesterfield,VA,Passenger,1,0,1,38,39,2.56
June 30 2022,Walla Walla,WA,Passenger,172,100,272,35893,36165,0.75
September 30 2017,Franklin,WA,Passenger,29,48,77,56178,56255,0.14
March 31 2020,Hawaii,HI,Passenger,1,0,1,63,64,1.56
October 31 2021,Hamilton,OH,Passenger,1,0,1,40,41,2.44
December 31 2022,King,WA,Passenger,48129,12234,60363,1334737,1395100,4.33
May 31 2019,Harnett,NC,Passenger,1,1,2,223,225,0.89
September 30 2017,Shelby,TN,Passenger,0,1,1,109,110,0.91
April 30 2021,Monterey,CA,Passenger,0,2,2,159,161,1.24
March 31 2021,Morris,NJ,Passenger,1,0,1,15,16,6.25
June 30 2017,Nueces,TX,Passenger,0,1,1,96,97,1.03
February 28 2023,Muscogee,GA,Passenger,0,1,1,107,108,0.93
October 31 2021,Denton,TX,Passenger,1,0,1,77,78,1.28
February 29 2024,Marion,IA,Passenger,1,0,1,0,1,100.00
August 31 2019,Island,WA,Passenger,335,245,580,63414,63994,0.91
June 30 2020,Jefferson,WA,Truck,0,0,0,9530,9530,0.00
October 31 2018,Arlington,VA,Passenger,1,1,2,167,169,1.18
May 31 2018,Marin,CA,Passenger,1,0,1,56,57,1.75
September 30 2023,Montgomery,MD,Passenger,6,3,9,172,181,4.97
March 31 2019,Asotin,WA,Truck,0,0,0,6629,6629,0.00
July 31 2021,Sacramento,CA,Passenger,2,1,3,243,246,1.22
April 30 2024,Jefferson,NY,Passenger,2,0,2,158,160,1.25
May 31 2017,Island,WA,Truck,0,0,0,20525,20525,0.00
October 31 2017,Island,WA,Truck,0,0,0,20592,20592,0.00
October 31 2018,Franklin,WA,Truck,0,0,0,18947,18947,0.00
August 31 2023,Orange,CA,Truck,1,0,1,62,63,1.59
July 31 2023,Los Angeles,CA,Passenger,6,4,10,637,647,1.55
May 31 2023,Contra Costa,CA,Passenger,1,3,4,182,186,2.15
August 31 2018,King,WA,Truck,7,1,8,182961,182969,0.00
October 31 2018,Kittitas,WA,Truck,0,0,0,14130,14130,0.00
July 31 2021,Kittitas,WA,Truck,0,0,0,14794,14794,0.00
March 31 2022,,,Passenger,5,2,7,327,334,2.10
January 31 2024,Monterey,CA,Passenger,0,4,4,117,121,3.31
August 31 2023,Larimer,CO,Passenger,1,0,1,28,29,3.45
December 31 2022,Chelan,WA,Passenger,534,142,676,54195,54871,1.23
August 31 2020,Whitman,WA,Passenger,46,48,94,22005,22099,0.43
August 31 2021,Lincoln,WA,Passenger,7,15,22,7692,7714,0.29
July 31 2020,Clallam,WA,Truck,1,0,1,21690,21691,0.00
August 31 2022,Cowlitz,WA,Truck,2,0,2,28431,28433,0.01
August 31 2021,Spartanburg,SC,Passenger,0,1,1,52,53,1.89
February 28 2022,Mercer,NJ,Passenger,0,1,1,14,15,6.67
February 29 2024,Oldham,KY,Passenger,0,1,1,2,3,33.33
November 30 2019,Los Angeles,CA,Passenger,6,10,16,1098,1114,1.44
July 31 2019,Spokane,WA,Truck,1,0,1,95220,95221,0.00
June 30 2017,Adams,WA,Truck,0,0,0,5106,5106,0.00
November 30 2023,Lane,OR,Passenger,0,2,2,59,61,3.28
February 28 2019,St. Lucie,FL,Passenger,1,0,1,29,30,3.33
September 30 2023,Prince George's,MD,Passenger,3,1,4,116,120,3.33
January 31 2020,Duval,FL,Passenger,1,2,3,376,379,0.79
November 30 2021,Currituck,NC,Passenger,1,0,1,23,24,4.17
September 30 2018,Clark,WA,Passenger,1089,784,1873,309676,311549,0.60
June 30 2020,Chelan,WA,Passenger,231,78,309,54181,54490,0.57
July 31 2019,New London,CT,Passenger,0,1,1,237,238,0.42
February 28 2019,El Paso,TX,Passenger,2,0,2,495,497,0.40
March 31 2022,Queens,NY,Passenger,1,0,1,52,53,1.89
July 31 2017,Essex,NJ,Passenger,1,0,1,16,17,5.88
January 31 2017,Franklin,WA,Truck,0,0,0,17907,17907,0.00
August 31 2019,Klickitat,WA,Truck,0,0,0,8290,8290,0.00
September 30 2021,District of Columbia,DC,Passenger,4,0,4,193,197,2.03
August 31 2019,Owyhee,ID,Passenger,1,0,1,4,5,20.00
October 31 2020,Carroll,NH,Passenger,0,1,1,5,6,16.67
November 30 2019,San Juan,WA,Passenger,243,78,321,14399,14720,2.18
October 31 2019,Skamania,WA,Truck,0,0,0,4098,4098,0.00
November 30 2017,Dallas,TX,Passenger,0,1,1,188,189,0.53
March 31 2024,Collier,FL,Passenger,1,0,1,11,12,8.33
April 30 2024,Richland,SC,Passenger,0,1,1,78,79,1.27
September 30 2019,Yakima,WA,Truck,0,0,0,59389,59389,0.00
March 31 2019,Kitsap,WA,Truck,1,0,1,53736,53737,0.00
November 30 2021,Fairbanks North Star,AK,Passenger,0,1,1,82,83,1.20
January 31 2019,Sangamon,IL,Passenger,1,0,1,8,9,11.11
August 31 2021,Howard,IN,Passenger,0,1,1,5,6,16.67
July 31 2021,Lane,OR,Passenger,0,2,2,128,130,1.54
September 30 2021,Richland,SC,Passenger,0,1,1,140,141,0.71
November 30 2023,Thurston,WA,Passenger,3682,1367,5049,189450,194499,2.60
February 28 2019,El Paso,CO,Passenger,3,2,5,766,771,0.65
May 31 2018,Clay,FL,Passenger,0,1,1,96,97,1.03
February 28 2023,Skamania,WA,Truck,1,0,1,3871,3872,0.03
January 31 2023,Kern,CA,Passenger,1,1,2,200,202,0.99
April 30 2022,Penobscot,ME,Passenger,0,1,1,7,8,12.50
December 31 2018,Ferry,WA,Passenger,3,2,5,4385,4390,0.11
December 31 2019,Clay,FL,Passenger,0,1,1,89,90,1.11
February 28 2023,Pend Oreille,WA,Truck,0,0,0,5582,5582,0.00
March 31 2019,Virginia Beach,VA,Passenger,1,1,2,690,692,0.29
December 31 2022,Hamilton,OH,Passenger,1,0,1,32,33,3.03
November 30 2021,Pulaski,MO,Passenger,2,0,2,129,131,1.53
March 31 2022,Washington,MD,Passenger,2,0,2,12,14,14.29
November 30 2018,Jefferson,WA,Passenger,169,104,273,24793,25066,1.09
November 30 2020,Clark,NV,Passenger,4,2,6,678,684,0.88
May 31 2023,Placer,CA,Passenger,1,0,1,62,63,1.59
June 30 2017,Yakima,WA,Passenger,45,57,102,159385,159487,0.06
January 31 2020,Skamania,WA,Passenger,29,19,48,8761,8809,0.54
June 30 2019,Columbia,WA,Passenger,2,2,4,2451,2455,0.16
January 31 2017,Whatcom,WA,Truck,2,0,2,41335,41337,0.00
December 31 2020,Lane,OR,Passenger,0,1,1,146,147,0.68
January 31 2021,Gwinnett,GA,Passenger,1,0,1,69,70,1.43
October 31 2023,Benton,WA,Truck,31,0,31,43094,43125,0.07
May 31 2022,Nueces,TX,Passenger,1,1,2,59,61,3.28
January 31 2017,Multnomah,OR,Passenger,0,3,3,1283,1286,0.23
April 30 2022,Collin,TX,Passenger,3,0,3,109,112,2.68
June 30 2023,Denton,TX,Passenger,1,0,1,46,47,2.13
December 31 2017,Hamilton,TN,Passenger,1,0,1,21,22,4.55
December 31 2018,Douglas,WA,Passenger,50,34,84,28007,28091,0.30
March 31 2021,Chesapeake,VA,Passenger,0,2,2,416,418,0.48
January 31 2019,Douglas,NE,Passenger,0,1,1,68,69,1.45
December 31 2022,Jefferson,WA,Truck,6,0,6,9357,9363,0.06
December 31 2022,Arapahoe,CO,Passenger,0,1,1,86,87,1.15
November 30 2020,Sumter,FL,Passenger,0,1,1,10,11,9.09
February 28 2022,Santa Cruz,CA,Passenger,1,0,1,30,31,3.23
November 30 2021,Collier,FL,Passenger,1,0,1,22,23,4.35
February 28 2021,RÃ­o Grande,PR,Passenger,1,0,1,1,2,50.00
September 30 2021,Cumberland,NC,Passenger,0,4,4,424,428,0.93
June 30 2022,Ventura,CA,Passenger,1,2,3,246,249,1.20
October 31 2023,Lincoln,WA,Truck,0,0,0,4802,4802,0.00
October 31 2023,Franklin,WA,Truck,7,0,7,20914,20921,0.03
March 31 2018,Latah,ID,Passenger,0,1,1,81,82,1.22
May 31 2018,Lee,AL,Passenger,1,0,1,33,34,2.94
March 31 2019,Mercer,NJ,Passenger,0,1,1,20,21,4.76
November 30 2023,DuPage,IL,Passenger,2,1,3,30,33,9.09
November 30 2023,Texas,MO,Passenger,1,0,1,1,2,50.00
September 30 2023,Whatcom,WA,Passenger,2736,962,3698,147902,151600,2.44
March 31 2023,Pend Oreille,WA,Passenger,28,13,41,8915,8956,0.46
October 31 2023,Kootenai,ID,Passenger,0,1,1,103,104,0.96
April 30 2017,Arlington,VA,Passenger,1,1,2,169,171,1.17
June 30 2023,Deschutes,OR,Passenger,1,0,1,67,68,1.47
July 31 2021,Pacific,WA,Truck,0,0,0,7956,7956,0.00
October 31 2023,Galveston,TX,Passenger,0,1,1,13,14,7.14
June 30 2020,Walla Walla,WA,Passenger,73,62,135,35819,35954,0.38
March 31 2022,Charles,MD,Passenger,0,1,1,64,65,1.54
June 30 2019,Albemarle,VA,Passenger,1,0,1,24,25,4.00
August 31 2019,RÃ­o Grande,PR,Passenger,1,0,1,1,2,50.00
April 30 2019,San Juan,WA,Passenger,204,69,273,14326,14599,1.87
December 31 2021,Skagit,WA,Passenger,694,302,996,91073,92069,1.08
July 31 2019,Kootenai,ID,Passenger,1,2,3,221,224,1.34
October 31 2022,New London,CT,Passenger,3,2,5,186,191,2.62
May 31 2018,Travis,TX,Passenger,1,1,2,202,204,0.98
May 31 2018,Shelby,TN,Passenger,0,1,1,106,107,0.93
January 31 2020,Collin,TX,Passenger,2,1,3,142,145,2.07
February 28 2018,Richland,SC,Passenger,0,1,1,174,175,0.57
March 31 2024,Solano,CA,Passenger,5,0,5,124,129,3.88
November 30 2022,Sheridan,WY,Passenger,1,0,1,6,7,14.29
February 28 2021,Washington,MD,Passenger,1,0,1,9,10,10.00
April 30 2022,Jefferson,WA,Passenger,414,210,624,24715,25339,2.46
August 31 2022,San Mateo,CA,Passenger,1,0,1,80,81,1.23
January 31 2022,Hawaii,HI,Passenger,1,0,1,42,43,2.33
November 30 2018,Kalamazoo,MI,Passenger,1,0,1,17,18,5.56
December 31 2020,Chesapeake,VA,Passenger,0,2,2,422,424,0.47
March 31 2020,Chelan,WA,Truck,0,0,0,22546,22546,0.00
February 28 2021,Allegheny,PA,Passenger,2,1,3,76,79,3.80
September 30 2023,Sedgwick,KS,Passenger,1,0,1,50,51,1.96
October 31 2020,Hennepin,MN,Passenger,2,0,2,89,91,2.20
March 31 2017,Skagit,WA,Passenger,118,91,209,87513,87722,0.24
April 30 2023,Pacific,WA,Passenger,74,90,164,15614,15778,1.04
September 30 2019,Placer,CA,Passenger,1,0,1,101,102,0.98
September 30 2020,Clallam,WA,Truck,1,0,1,21765,21766,0.00
June 30 2019,Ada,ID,Passenger,0,2,2,320,322,0.62
August 31 2022,Fairbanks North Star,AK,Passenger,0,1,1,75,76,1.32
May 31 2019,Sacramento,CA,Passenger,0,1,1,305,306,0.33
January 31 2019,Penobscot,ME,Passenger,0,1,1,13,14,7.14
March 31 2023,Cass,MN,Passenger,0,1,1,1,2,50.00
October 31 2020,Cumberland,NC,Passenger,0,3,3,462,465,0.65
July 31 2020,Boulder,CO,Passenger,1,1,2,48,50,4.00
August 31 2023,Maui,HI,Passenger,1,0,1,22,23,4.35
May 31 2021,Greene,MO,Passenger,0,1,1,36,37,2.70
June 30 2022,Cowlitz,WA,Truck,2,1,3,28535,28538,0.01
February 28 2022,Cowlitz,WA,Truck,0,1,1,28889,28890,0.00
August 31 2019,Denver,CO,Passenger,1,0,1,130,131,0.76
March 31 2024,Placer,CA,Passenger,1,0,1,51,52,1.92
May 31 2018,Klickitat,WA,Truck,0,0,0,8079,8079,0.00
April 30 2024,Howard,MD,Passenger,0,2,2,48,50,4.00
June 30 2019,Garfield,WA,Passenger,1,1,2,1297,1299,0.15
November 30 2017,Stevens,WA,Passenger,10,21,31,31547,31578,0.10
January 31 2018,Arlington,VA,Passenger,1,2,3,174,177,1.69
January 31 2020,Whatcom,WA,Truck,3,0,3,43227,43230,0.01
June 30 2020,Middlesex,MA,Passenger,1,0,1,96,97,1.03
November 30 2023,Shelby,AL,Passenger,1,0,1,5,6,16.67
February 28 2021,Kauai,HI,Passenger,1,0,1,19,20,5.00
November 30 2023,Skagit,WA,Truck,30,0,30,31636,31666,0.09
October 31 2023,Douglas,WA,Truck,8,0,8,13031,13039,0.06
August 31 2019,Ada,ID,Passenger,0,2,2,317,319,0.63
June 30 2019,Denver,CO,Passenger,1,0,1,136,137,0.73
January 31 2019,Norfolk,VA,Passenger,2,2,4,341,345,1.16
April 30 2020,Bucks,PA,Passenger,1,0,1,22,23,4.35
June 30 2023,Stevens,WA,Passenger,114,67,181,29680,29861,0.61
August 31 2022,Riverside,CA,Passenger,7,1,8,474,482,1.66
September 30 2019,Kittitas,WA,Truck,0,0,0,14571,14571,0.00
April 30 2024,Lincoln,WA,Truck,1,0,1,4664,4665,0.02
July 31 2018,Monroe,IL,Passenger,1,0,1,4,5,20.00
February 28 2017,Okanogan,WA,Passenger,3,15,18,25667,25685,0.07
March 31 2021,Tarrant,TX,Passenger,1,0,1,161,162,0.62
October 31 2017,Kittitas,WA,Truck,0,0,0,13697,13697,0.00
November 30 2019,Wayne,MI,Passenger,0,1,1,63,64,1.56
March 31 2021,Nassau,FL,Passenger,1,0,1,31,32,3.12
May 31 2019,Lake,CA,Passenger,0,1,1,10,11,9.09
November 30 2021,RÃ­o Grande,PR,Passenger,1,0,1,0,1,100.00
November 30 2019,King,WA,Truck,6,1,7,182300,182307,0.00
September 30 2021,Whatcom,WA,Truck,4,0,4,43791,43795,0.01
December 31 2017,Douglas,WA,Truck,0,0,0,11757,11757,0.00
May 31 2019,Ferry,WA,Passenger,5,2,7,4383,4390,0.16
April 30 2022,Ada,ID,Passenger,1,0,1,189,190,0.53
May 31 2019,Saratoga,NY,Passenger,1,0,1,52,53,1.89
January 31 2022,Portsmouth,VA,Passenger,0,1,1,79,80,1.25
April 30 2017,Mason,WA,Truck,0,0,0,19233,19233,0.00
September 30 2019,Multnomah,OR,Passenger,5,6,11,761,772,1.42
July 31 2021,Hudson,NJ,Passenger,1,0,1,44,45,2.22
August 31 2023,Maricopa,AZ,Passenger,8,5,13,684,697,1.87
May 31 2019,Dale,AL,Passenger,0,1,1,53,54,1.85
November 30 2021,Montgomery,PA,Passenger,2,0,2,22,24,8.33
July 31 2023,Collier,FL,Passenger,1,0,1,16,17,5.88
October 31 2021,Marion,IA,Passenger,1,0,1,1,2,50.00
November 30 2019,Klickitat,WA,Passenger,45,38,83,15668,15751,0.53
June 30 2018,Okaloosa,FL,Passenger,1,0,1,176,177,0.56
February 28 2018,Stevens,WA,Truck,0,0,0,18398,18398,0.00
January 31 2019,Broward,FL,Passenger,2,1,3,129,132,2.27
December 31 2023,Sedgwick,KS,Passenger,1,0,1,44,45,2.22
September 30 2020,Douglas,WA,Passenger,80,45,125,28037,28162,0.44
May 31 2017,Columbia,WA,Passenger,0,1,1,2360,2361,0.04
January 31 2021,Sevier,AR,Passenger,0,1,1,0,1,100.00
December 31 2017,San Mateo,CA,Passenger,0,1,1,149,150,0.67
February 29 2024,Chesterfield,VA,Passenger,1,0,1,32,33,3.03
October 31 2018,Twin Falls,ID,Passenger,0,1,1,23,24,4.17
March 31 2022,Fredericksburg,VA,Passenger,1,0,1,8,9,11.11
August 31 2023,Champaign,IL,Passenger,1,0,1,13,14,7.14
February 28 2018,Shelby,TN,Passenger,0,1,1,107,108,0.93
February 28 2021,Hawaii,HI,Passenger,1,0,1,54,55,1.82
February 29 2020,Kent,MI,Passenger,0,1,1,25,26,3.85
April 30 2018,Walla Walla,WA,Passenger,34,40,74,35453,35527,0.21
March 31 2023,Whatcom,WA,Truck,48,0,48,42896,42944,0.11
May 31 2017,Columbia,WA,Truck,0,0,0,1538,1538,0.00
December 31 2020,Oldham,KY,Passenger,0,1,1,4,5,20.00
October 31 2019,Suffolk,MA,Passenger,0,1,1,39,40,2.50
July 31 2022,Frederick,MD,Passenger,1,0,1,64,65,1.54
September 30 2019,Skagit,WA,Passenger,315,210,525,92502,93027,0.56
April 30 2018,Pend Oreille,WA,Passenger,4,5,9,9476,9485,0.09
September 30 2018,Nassau,NY,Passenger,2,0,2,40,42,4.76
June 30 2020,Harris,TX,Passenger,1,0,1,261,262,0.38
June 30 2020,San Francisco,CA,Passenger,1,1,2,99,101,1.98
April 30 2020,Tulsa,OK,Passenger,1,1,2,51,53,3.77
July 31 2020,Stafford,VA,Passenger,1,1,2,97,99,2.02
March 31 2022,Hamilton,OH,Passenger,1,0,1,37,38,2.63
October 31 2017,Nantucket,MA,Passenger,1,0,1,3,4,25.00
September 30 2021,Gwinnett,GA,Passenger,1,0,1,61,62,1.61
October 31 2020,DeKalb,IN,Passenger,1,0,1,1,2,50.00
December 31 2017,Douglas,WA,Passenger,38,33,71,27174,27245,0.26
January 31 2019,San Diego,CA,Passenger,10,2,12,2593,2605,0.46
October 31 2022,Maui,HI,Passenger,1,0,1,26,27,3.70
August 31 2018,Manatee,FL,Passenger,1,0,1,38,39,2.56
August 31 2018,King,WA,Passenger,13800,5938,19738,1373319,1393057,1.42
November 30 2019,Spokane,WA,Truck,1,0,1,96197,96198,0.00
April 30 2018,Columbia,WA,Truck,0,0,0,1523,1523,0.00
July 31 2017,Bergen,NJ,Passenger,0,2,2,31,33,6.06
August 31 2018,Kootenai,ID,Passenger,0,1,1,221,222,0.45
November 30 2021,Henrico,VA,Passenger,0,1,1,14,15,6.67
February 28 2021,Multnomah,OR,Passenger,3,5,8,694,702,1.14
January 31 2022,Hamilton,OH,Passenger,1,0,1,37,38,2.63
January 31 2019,Juneau,AK,Passenger,0,1,1,40,41,2.44
August 31 2021,Grant,WA,Passenger,123,96,219,66825,67044,0.33
April 30 2024,Multnomah,OR,Passenger,1,1,2,316,318,0.63
February 28 2021,St. Louis,MO,Passenger,1,0,1,97,98,1.02
September 30 2020,Arapahoe,CO,Passenger,1,0,1,135,136,0.74
September 30 2021,Douglas,WA,Truck,0,0,0,12709,12709,0.00
January 31 2024,Kitsap,WA,Passenger,4046,1525,5571,174461,180032,3.09
January 31 2017,Stevens,WA,Passenger,6,21,27,31523,31550,0.09
November 30 2023,Harris,TX,Passenger,2,1,3,119,122,2.46
February 29 2024,Pend Oreille,WA,Passenger,33,22,55,8682,8737,0.63
February 29 2024,Douglas,WA,Truck,11,0,11,12939,12950,0.08
June 30 2023,Kings,CA,Passenger,2,2,4,277,281,1.42
October 31 2022,Cook,IL,Passenger,3,0,3,190,193,1.55
September 30 2017,Fairfax,VA,Passenger,3,2,5,844,849,0.59
December 31 2023,Cook,IL,Passenger,3,1,4,138,142,2.82
April 30 2019,Ada,ID,Passenger,0,2,2,321,323,0.62
December 31 2018,DuPage,IL,Passenger,1,0,1,62,63,1.59
June 30 2021,Rockingham,NH,Passenger,1,0,1,21,22,4.55
August 31 2023,Kittitas,WA,Passenger,388,107,495,29341,29836,1.66
February 29 2024,Muscogee,GA,Passenger,0,1,1,79,80,1.25
May 31 2018,Madison,ID,Passenger,1,0,1,38,39,2.56
August 31 2023,Clark,WA,Truck,114,0,114,81368,81482,0.14
October 31 2017,Pacific,WA,Passenger,14,10,24,15316,15340,0.16
June 30 2017,Hardin,KY,Passenger,0,1,1,116,117,0.85
December 31 2023,Beaufort,SC,Passenger,1,0,1,26,27,3.70
April 30 2022,Baltimore,MD,Passenger,1,0,1,85,86,1.16
October 31 2018,Lake,CA,Passenger,0,1,1,11,12,8.33
July 31 2023,New York,NY,Passenger,1,0,1,34,35,2.86
July 31 2023,Cochise,AZ,Passenger,1,0,1,62,63,1.59
June 30 2021,Norfolk,VA,Passenger,2,3,5,325,330,1.52
February 29 2024,Goochland,VA,Passenger,1,0,1,32,33,3.03
April 30 2022,Montgomery,PA,Passenger,2,0,2,24,26,7.69
August 31 2022,Camden,NJ,Passenger,0,1,1,13,14,7.14
August 31 2019,DeKalb,IN,Passenger,1,0,1,1,2,50.00
August 31 2022,Skagit,WA,Passenger,854,348,1202,89701,90903,1.32
September 30 2018,Pinal,AZ,Passenger,2,0,2,208,210,0.95
December 31 2022,Marin,CA,Passenger,1,1,2,32,34,5.88
May 31 2018,Broward,FL,Passenger,1,1,2,131,133,1.50
June 30 2023,Tarrant,TX,Passenger,1,0,1,81,82,1.22
April 30 2024,Hennepin,MN,Passenger,1,0,1,26,27,3.70
April 30 2020,Pierce,WA,Truck,0,0,0,141084,141084,0.00
January 31 2023,Klickitat,WA,Truck,4,0,4,8233,8237,0.05
April 30 2022,Lane,OR,Passenger,0,2,2,109,111,1.80
April 30 2018,San Mateo,CA,Passenger,1,1,2,135,137,1.46
December 31 2021,Mason,WA,Truck,0,0,0,21193,21193,0.00
March 31 2024,San Diego,CA,Passenger,16,9,25,1774,1799,1.39
February 28 2018,Brevard,FL,Passenger,0,1,1,104,105,0.95
March 31 2021,Santa Clara,CA,Passenger,8,2,10,289,299,3.34
August 31 2017,Pend Oreille,WA,Truck,0,0,0,5553,5553,0.00
May 31 2019,DuPage,IL,Passenger,1,0,1,65,66,1.52
September 30 2020,Sumter,FL,Passenger,0,1,1,11,12,8.33
January 31 2022,Clark,WA,Passenger,3540,1570,5110,319214,324324,1.58
March 31 2022,Kern,CA,Passenger,0,1,1,197,198,0.51
December 31 2020,Larimer,CO,Passenger,1,0,1,52,53,1.89
November 30 2019,Ada,ID,Passenger,0,1,1,304,305,0.33
May 31 2019,Ramsey,MN,Passenger,1,0,1,44,45,2.22
November 30 2018,Albemarle,VA,Passenger,1,0,1,27,28,3.57
March 31 2022,Alexandria,VA,Passenger,4,0,4,109,113,3.54
November 30 2022,Charles,MD,Passenger,1,1,2,55,57,3.51
June 30 2017,Morris,NJ,Passenger,1,0,1,24,25,4.00
November 30 2021,Pend Oreille,WA,Passenger,18,7,25,9159,9184,0.27
October 31 2018,Contra Costa,CA,Passenger,0,2,2,412,414,0.48
October 31 2017,District of Columbia,DC,Passenger,0,3,3,201,204,1.47
September 30 2023,Benton,WA,Truck,30,0,30,43146,43176,0.07
September 30 2022,Harnett,NC,Passenger,2,0,2,157,159,1.26
March 31 2019,Carroll,NH,Passenger,0,1,1,2,3,33.33
December 31 2018,Madison,ID,Passenger,1,0,1,36,37,2.70
March 31 2021,Sumter,FL,Passenger,0,1,1,10,11,9.09
March 31 2023,Champaign,IL,Passenger,1,0,1,13,14,7.14
September 30 2019,Franklin,WA,Truck,0,0,0,19531,19531,0.00
May 31 2018,Kittitas,WA,Passenger,45,32,77,28903,28980,0.27
February 28 2019,Bexar,TX,Passenger,2,4,6,702,708,0.85
February 29 2020,Virginia Beach,VA,Passenger,1,0,1,689,690,0.14
September 30 2018,Dale,AL,Passenger,0,1,1,54,55,1.82
July 31 2020,Whatcom,WA,Passenger,1092,499,1591,149265,150856,1.05
April 30 2022,Anne Arundel,MD,Passenger,3,2,5,366,371,1.35
December 31 2022,Grays Harbor,WA,Truck,2,0,2,21060,21062,0.01
March 31 2021,Fulton,GA,Passenger,0,3,3,90,93,3.23
August 31 2021,Dallas,TX,Passenger,1,0,1,159,160,0.62
July 31 2020,Nueces,TX,Passenger,1,0,1,85,86,1.16
June 30 2019,Hennepin,MN,Passenger,2,1,3,104,107,2.80
July 31 2018,Carroll,NH,Passenger,0,1,1,1,2,50.00
August 31 2019,Lewis,WA,Passenger,105,98,203,59358,59561,0.34
July 31 2023,Walla Walla,WA,Passenger,226,114,340,35408,35748,0.95
March 31 2023,Lincoln,WA,Passenger,18,17,35,7703,7738,0.45
October 31 2020,San Mateo,CA,Passenger,1,1,2,115,117,1.71
August 31 2023,Clallam,WA,Truck,19,0,19,21667,21686,0.09
August 31 2018,Island,WA,Truck,0,0,0,21040,21040,0.00
May 31 2023,Norfolk,MA,Passenger,1,0,1,19,20,5.00
July 31 2017,Whitman,WA,Truck,0,0,0,8425,8425,0.00
August 31 2022,San Juan,WA,Passenger,529,162,691,13978,14669,4.71
February 29 2020,Moore,NC,Passenger,0,1,1,165,166,0.60
January 31 2018,Anne Arundel,MD,Passenger,0,1,1,473,474,0.21
November 30 2020,Stevens,WA,Truck,0,0,0,18665,18665,0.00
December 31 2019,Contra Costa,CA,Passenger,3,2,5,340,345,1.45
January 31 2018,Honolulu,HI,Passenger,2,2,4,569,573,0.70
March 31 2020,Ulster,NY,Passenger,1,0,1,13,14,7.14
September 30 2019,Cascade,MT,Passenger,0,1,1,63,64,1.56
December 31 2018,Bucks,PA,Passenger,1,0,1,18,19,5.26
March 31 2021,DeKalb,GA,Passenger,1,0,1,65,66,1.52
June 30 2022,Lake,IN,Passenger,0,1,1,9,10,10.00
May 31 2017,Pacific,WA,Passenger,9,7,16,15133,15149,0.11
November 30 2020,Goochland,VA,Passenger,4,2,6,260,266,2.26
February 28 2023,Whitman,WA,Truck,4,0,4,8644,8648,0.05
August 31 2022,Penobscot,ME,Passenger,0,1,1,9,10,10.00
April 30 2020,Santa Clara,CA,Passenger,8,2,10,335,345,2.90
February 28 2022,Whatcom,WA,Truck,4,0,4,43577,43581,0.01
June 30 2018,Prince George,VA,Passenger,0,1,1,71,72,1.39
February 28 2018,Montgomery,PA,Passenger,1,0,1,35,36,2.78
August 31 2023,Texas,MO,Passenger,1,0,1,1,2,50.00
January 31 2023,Wilson,TX,Passenger,0,1,1,3,4,25.00
July 31 2017,Chelan,WA,Passenger,68,35,103,52140,52243,0.20
January 31 2019,Island,WA,Passenger,288,230,518,63228,63746,0.81
April 30 2022,Kittitas,WA,Passenger,236,78,314,29736,30050,1.04
February 28 2018,Alameda,CA,Passenger,0,1,1,363,364,0.27
November 30 2020,Anchorage,AK,Passenger,1,0,1,152,153,0.65
November 30 2020,Placer,CA,Passenger,2,0,2,89,91,2.20
March 31 2024,Ada,ID,Passenger,2,0,2,81,83,2.41
February 29 2024,Yuba,CA,Passenger,1,0,1,43,44,2.27
May 31 2022,Ada,ID,Passenger,1,0,1,182,183,0.55
December 31 2023,Saratoga,NY,Passenger,1,1,2,29,31,6.45
August 31 2023,Brown,WI,Passenger,1,0,1,6,7,14.29
July 31 2019,Kalamazoo,MI,Passenger,1,0,1,14,15,6.67
July 31 2018,Eagle,CO,Passenger,1,0,1,5,6,16.67
July 31 2021,Broward,FL,Passenger,2,0,2,113,115,1.74
January 31 2019,Chelan,WA,Truck,0,0,0,22103,22103,0.00
March 31 2021,Okaloosa,FL,Passenger,0,1,1,138,139,0.72
May 31 2023,Garfield,WA,Truck,0,0,0,976,976,0.00
November 30 2023,New Haven,CT,Passenger,0,2,2,25,27,7.41
May 31 2020,Ramsey,MN,Passenger,1,0,1,41,42,2.38
September 30 2022,Juneau,AK,Passenger,0,1,1,30,31,3.23
June 30 2017,Garfield,WA,Truck,0,0,0,939,939,0.00
November 30 2022,Eau Claire,WI,Passenger,1,0,1,1,2,50.00
November 30 2022,Cumberland,NC,Passenger,1,4,5,354,359,1.39
May 31 2022,Adams,WA,Truck,0,0,0,5473,5473,0.00
November 30 2019,Cowlitz,WA,Truck,0,0,0,29023,29023,0.00
July 31 2021,Williamson,TX,Passenger,0,2,2,116,118,1.69
March 31 2024,El Paso,TX,Passenger,3,0,3,240,243,1.23
September 30 2022,Nueces,TX,Passenger,1,1,2,53,55,3.64
April 30 2021,Bartow,GA,Passenger,0,1,1,6,7,14.29
April 30 2024,Island,WA,Passenger,1399,517,1916,59574,61490,3.12
February 28 2017,Pend Oreille,WA,Passenger,1,4,5,9299,9304,0.05
August 31 2019,Ramsey,MN,Passenger,1,0,1,40,41,2.44
November 30 2019,Garfield,WA,Passenger,0,1,1,1303,1304,0.08
May 31 2019,Clark,NV,Passenger,4,2,6,704,710,0.85
April 30 2017,Prince William,VA,Passenger,0,4,4,276,280,1.43
February 28 2019,Cascade,MT,Passenger,0,1,1,60,61,1.64
October 31 2022,Clinton,PA,Passenger,1,0,1,1,2,50.00
April 30 2021,Powhatan,VA,Passenger,1,0,1,1,2,50.00
August 31 2022,Clark,WA,Passenger,4342,1851,6193,315142,321335,1.93
November 30 2021,Tarrant,TX,Passenger,3,0,3,146,149,2.01
August 31 2019,Mason,WA,Truck,0,0,0,20407,20407,0.00
April 30 2024,Kitsap,WA,Truck,133,0,133,50136,50269,0.26
September 30 2022,Williamson,TX,Passenger,0,2,2,79,81,2.47
October 31 2023,Plaquemines,LA,Passenger,1,1,2,16,18,11.11
November 30 2017,Montgomery,TX,Passenger,1,0,1,63,64,1.56
March 31 2022,Prince George's,MD,Passenger,2,1,3,146,149,2.01
September 30 2019,Washoe,NV,Passenger,2,0,2,114,116,1.72
November 30 2022,Charleston,SC,Passenger,2,2,4,61,65,6.15
January 31 2021,Franklin,WA,Truck,0,0,0,20487,20487,0.00
December 31 2019,Lincoln,WA,Truck,0,0,0,4681,4681,0.00
July 31 2017,Klickitat,WA,Truck,0,0,0,7945,7945,0.00
October 31 2018,Island,WA,Passenger,244,217,461,63020,63481,0.73
July 31 2019,Manatee,FL,Passenger,1,0,1,32,33,3.03
May 31 2023,Hamilton,OH,Truck,1,0,1,4,5,20.00
January 31 2022,Skagit,WA,Passenger,700,307,1007,90802,91809,1.10
May 31 2017,Walla Walla,WA,Passenger,23,24,47,34854,34901,0.13
February 29 2020,Pacific,WA,Passenger,30,32,62,16064,16126,0.38
August 31 2023,Gwinnett,GA,Passenger,1,0,1,40,41,2.44
October 31 2019,Maricopa,AZ,Passenger,6,7,13,1606,1619,0.80
June 30 2020,Palm Beach,FL,Passenger,0,2,2,81,83,2.41
August 31 2018,Marion,IN,Passenger,1,0,1,121,122,0.82
July 31 2021,DeKalb,GA,Passenger,1,0,1,61,62,1.61
January 31 2024,Kent,DE,Passenger,1,0,1,36,37,2.70
April 30 2022,Oldham,KY,Passenger,0,1,1,4,5,20.00
June 30 2020,Tulsa,OK,Passenger,1,1,2,51,53,3.77
May 31 2023,Kootenai,ID,Truck,1,0,1,29,30,3.33
February 29 2024,Franklin,WA,Truck,11,0,11,20626,20637,0.05
May 31 2021,Anne Arundel,MD,Passenger,3,1,4,393,397,1.01
July 31 2022,Lake,IN,Passenger,0,1,1,9,10,10.00
November 30 2019,Clay,FL,Passenger,0,1,1,90,91,1.10
August 31 2022,York,VA,Passenger,1,0,1,82,83,1.20
July 31 2021,Collier,FL,Passenger,1,0,1,22,23,4.35
June 30 2022,Deschutes,OR,Passenger,2,0,2,92,94,2.13
April 30 2024,Atlantic,NJ,Passenger,1,0,1,11,12,8.33
December 31 2020,Howard,IN,Passenger,0,1,1,3,4,25.00
June 30 2022,Harford,MD,Passenger,1,1,2,50,52,3.85
October 31 2019,Ferry,WA,Truck,0,0,0,3576,3576,0.00
March 31 2022,Manassas,VA,Passenger,0,1,1,7,8,12.50
December 31 2018,New Haven,CT,Passenger,0,1,1,48,49,2.04
May 31 2021,Danville,VA,Passenger,1,0,1,0,1,100.00
December 31 2023,Grays Harbor,WA,Passenger,377,223,600,47947,48547,1.24
January 31 2023,Stevens,WA,Truck,2,0,2,18733,18735,0.01
November 30 2017,Moore,NC,Passenger,0,1,1,200,201,0.50
January 31 2019,King,WA,Truck,6,1,7,182361,182368,0.00
May 31 2020,Klamath,OR,Passenger,1,0,1,34,35,2.86
March 31 2019,Pima,AZ,Passenger,1,1,2,423,425,0.47
October 31 2021,Henrico,VA,Passenger,0,1,1,14,15,6.67
March 31 2021,Sevier,AR,Passenger,0,1,1,0,1,100.00
November 30 2020,Kootenai,ID,Passenger,0,1,1,209,210,0.48
December 31 2023,Mobile,AL,Passenger,1,0,1,24,25,4.00
September 30 2018,Yakima,WA,Passenger,67,93,160,164219,164379,0.10
July 31 2017,District of Columbia,DC,Passenger,0,3,3,208,211,1.42
April 30 2022,Middlesex,MA,Passenger,1,0,1,95,96,1.04
June 30 2022,Yellowstone,MT,Passenger,0,1,1,22,23,4.35
March 31 2017,Charles,MD,Passenger,0,1,1,92,93,1.08
September 30 2019,Jones,GA,Passenger,1,0,1,1,2,50.00
May 31 2018,Douglas,WA,Passenger,44,31,75,27546,27621,0.27
October 31 2018,Klickitat,WA,Passenger,24,32,56,15386,15442,0.36
March 31 2023,Pierce,WA,Truck,126,0,126,138070,138196,0.09
May 31 2019,Solano,CA,Passenger,1,0,1,217,218,0.46
September 30 2019,Skagit,WA,Truck,1,0,1,32510,32511,0.00
February 28 2018,Morris,NJ,Passenger,1,0,1,19,20,5.00
December 31 2023,Hamilton,OH,Passenger,1,0,1,24,25,4.00
November 30 2021,Chelan,WA,Passenger,400,113,513,54686,55199,0.93
May 31 2017,Clackamas,OR,Passenger,1,1,2,303,305,0.66
February 28 2023,St. Clair,IL,Passenger,1,0,1,109,110,0.91
November 30 2022,Franklin,WA,Truck,3,0,3,20926,20929,0.01
March 31 2024,Kent,DE,Passenger,1,0,1,34,35,2.86
September 30 2021,Charles,MD,Passenger,1,1,2,71,73,2.74
September 30 2023,Sheridan,WY,Passenger,1,0,1,3,4,25.00
April 30 2023,Autauga,AL,Passenger,2,0,2,13,15,13.33
May 31 2022,Eagle,CO,Passenger,1,0,1,6,7,14.29
February 28 2019,Okanogan,WA,Passenger,19,21,40,25956,25996,0.15
January 31 2019,Pacific,WA,Passenger,22,26,48,15874,15922,0.30
June 30 2022,Williamson,TX,Passenger,1,2,3,91,94,3.19
October 31 2021,Howard,MD,Passenger,0,1,1,63,64,1.56
March 31 2020,Valencia,NM,Passenger,1,0,1,7,8,12.50
September 30 2021,Pierce,WA,Passenger,3875,2065,5940,558436,564376,1.05
November 30 2021,Prince William,VA,Passenger,1,2,3,211,214,1.40
July 31 2021,Sevier,AR,Passenger,0,1,1,0,1,100.00
April 30 2024,Las Animas,CO,Passenger,1,0,1,0,1,100.00
May 31 2020,Adams,WA,Passenger,8,7,15,12713,12728,0.12
December 31 2021,Sacramento,CA,Passenger,1,1,2,240,242,0.83
November 30 2020,Tulsa,OK,Passenger,1,1,2,47,49,4.08
April 30 2018,Williamson,TX,Passenger,0,1,1,162,163,0.61
May 31 2018,Grays Harbor,WA,Truck,0,0,0,20178,20178,0.00
February 28 2021,Owyhee,ID,Passenger,1,0,1,3,4,25.00
January 31 2023,Clark,WA,Truck,62,0,62,81770,81832,0.08
December 31 2019,Pacific,WA,Truck,0,0,0,7718,7718,0.00
January 31 2024,Orange,CA,Truck,1,0,1,59,60,1.67
September 30 2023,Hardin,KY,Passenger,1,0,1,55,56,1.79
April 30 2021,Stafford,VA,Passenger,2,1,3,106,109,2.75
August 31 2021,Anchorage,AK,Passenger,1,0,1,146,147,0.68
November 30 2023,Rock Island,IL,Passenger,0,1,1,12,13,7.69
December 31 2019,Cowlitz,WA,Passenger,118,107,225,73633,73858,0.30
May 31 2021,Palm Beach,FL,Passenger,0,1,1,74,75,1.33
January 31 2024,St. Lawrence,NY,Passenger,1,0,1,1,2,50.00
November 30 2023,Pierce,WA,Passenger,9177,3131,12308,525472,537780,2.29
September 30 2023,Chelan,WA,Truck,34,0,34,23180,23214,0.15
September 30 2021,Kittitas,WA,Passenger,180,72,252,29867,30119,0.84
June 30 2020,Garfield,WA,Truck,0,0,0,972,972,0.00
July 31 2022,Ferry,WA,Passenger,21,4,25,4378,4403,0.57
June 30 2021,Palm Beach,FL,Passenger,0,1,1,77,78,1.28
March 31 2017,Hamilton,IN,Passenger,1,0,1,64,65,1.54
September 30 2020,Fulton,GA,Passenger,1,3,4,102,106,3.77
July 31 2023,Pierce,WA,Passenger,7884,2840,10724,529387,540111,1.99
July 31 2022,Skamania,WA,Passenger,76,47,123,8140,8263,1.49
August 31 2020,Penobscot,ME,Passenger,0,1,1,15,16,6.25
April 30 2021,Douglas,WA,Truck,0,0,0,12621,12621,0.00
January 31 2017,Oklahoma,OK,Passenger,0,1,1,216,217,0.46
April 30 2019,Benton,WA,Passenger,247,263,510,133270,133780,0.38
August 31 2021,Chelan,WA,Passenger,364,102,466,54708,55174,0.84
February 28 2022,Cook,IL,Passenger,2,0,2,214,216,0.93
January 31 2022,Palm Beach,FL,Passenger,0,1,1,60,61,1.64
February 28 2017,Jefferson,NY,Passenger,1,1,2,256,258,0.78
June 30 2019,Alexandria,VA,Passenger,1,0,1,143,144,0.69
August 31 2023,Franklin,WA,Passenger,357,149,506,62121,62627,0.81
January 31 2017,Benton,WA,Passenger,129,129,258,127838,128096,0.20
December 31 2020,Moore,NC,Passenger,0,1,1,150,151,0.66
January 31 2017,Lewis,NY,Passenger,0,1,1,10,11,9.09
October 31 2021,Pennington,SD,Passenger,1,0,1,33,34,2.94
August 31 2022,Prince William,VA,Passenger,1,2,3,194,197,1.52
March 31 2022,Coryell,TX,Passenger,1,0,1,103,104,0.96
October 31 2021,Bartow,GA,Passenger,0,1,1,5,6,16.67
September 30 2017,Nantucket,MA,Passenger,1,0,1,3,4,25.00
January 31 2023,Whatcom,WA,Passenger,2162,820,2982,148571,151553,1.97
November 30 2018,Mason,WA,Passenger,103,108,211,46416,46627,0.45
April 30 2017,Asotin,WA,Truck,0,0,0,6502,6502,0.00
February 29 2020,Loudoun,VA,Passenger,1,0,1,92,93,1.08
July 31 2017,Skamania,WA,Truck,0,0,0,3872,3872,0.00
August 31 2020,Fairbanks North Star,AK,Passenger,0,1,1,98,99,1.01
December 31 2021,Philadelphia,PA,Passenger,1,0,1,44,45,2.22
August 31 2022,Island,WA,Passenger,856,379,1235,61628,62863,1.96
August 31 2018,Jefferson,WA,Passenger,152,101,253,24676,24929,1.01
November 30 2022,Berkeley,SC,Passenger,0,1,1,117,118,0.85
July 31 2020,Queens,NY,Passenger,1,0,1,51,52,1.92
March 31 2024,Sacramento,CA,Passenger,1,1,2,130,132,1.52
April 30 2023,Lincoln,OR,Passenger,0,1,1,15,16,6.25
April 30 2022,Thurston,WA,Truck,3,0,3,55507,55510,0.01
September 30 2018,Island,WA,Passenger,227,209,436,62839,63275,0.69
November 30 2021,Providence,RI,Passenger,1,0,1,22,23,4.35
March 31 2020,District of Columbia,DC,Passenger,1,1,2,203,205,0.98
September 30 2021,Lane,OR,Passenger,0,2,2,124,126,1.59
April 30 2019,Lewis,WA,Passenger,95,93,188,58813,59001,0.32
October 31 2021,District of Columbia,DC,Passenger,4,0,4,194,198,2.02
August 31 2018,Adams,WA,Passenger,5,5,10,12678,12688,0.08
July 31 2019,Collin,TX,Passenger,2,1,3,151,154,1.95
July 31 2021,Washington,OR,Passenger,1,0,1,398,399,0.25
June 30 2019,San Francisco,CA,Passenger,2,1,3,109,112,2.68
March 31 2021,Pend Oreille,WA,Truck,0,0,0,5722,5722,0.00
November 30 2019,Howard,MD,Passenger,0,1,1,80,81,1.23
October 31 2023,Mason,WA,Passenger,513,222,735,46145,46880,1.57
May 31 2021,Yakima,WA,Passenger,213,145,358,169240,169598,0.21
April 30 2024,Mason,WA,Truck,23,0,23,19721,19744,0.12
September 30 2022,Saratoga,NY,Passenger,1,0,1,40,41,2.44
August 31 2021,Burlington,NJ,Passenger,0,1,1,122,123,0.81
November 30 2023,Sarpy,NE,Passenger,1,0,1,54,55,1.82
October 31 2017,Ventura,CA,Passenger,0,1,1,345,346,0.29
November 30 2019,San Mateo,CA,Passenger,1,1,2,130,132,1.52
June 30 2020,Flathead,MT,Passenger,1,0,1,64,65,1.54
September 30 2018,Santa Fe,NM,Passenger,0,1,1,45,46,2.17
October 31 2018,Suffolk,MA,Passenger,0,1,1,44,45,2.22
June 30 2020,Pend Oreille,WA,Truck,0,0,0,5759,5759,0.00
August 31 2019,Bergen,NJ,Passenger,1,0,1,28,29,3.45
July 31 2017,Maricopa,AZ,Passenger,2,1,3,1749,1752,0.17
April 30 2020,Gwinnett,GA,Passenger,1,0,1,77,78,1.28
May 31 2023,Coryell,TX,Passenger,1,0,1,78,79,1.27
April 30 2024,Sheridan,WY,Passenger,1,0,1,2,3,33.33
March 31 2021,Juneau,AK,Passenger,0,1,1,27,28,3.57
March 31 2022,Thurston,WA,Passenger,2025,999,3024,195039,198063,1.53
September 30 2020,Klickitat,WA,Truck,0,0,0,8102,8102,0.00
January 31 2024,Klickitat,WA,Truck,16,0,16,8146,8162,0.20
January 31 2024,Marin,CA,Passenger,1,1,2,27,29,6.90
September 30 2018,San Mateo,CA,Passenger,1,1,2,137,139,1.44
April 30 2024,Hardin,KY,Passenger,1,0,1,52,53,1.89
November 30 2018,Cowlitz,WA,Passenger,69,91,160,72368,72528,0.22
February 28 2023,Sacramento,CA,Passenger,3,1,4,197,201,1.99
January 31 2024,Pima,AZ,Passenger,1,0,1,156,157,0.64
December 31 2023,Richland,SC,Passenger,0,1,1,95,96,1.04
February 28 2018,Charles,MD,Passenger,0,1,1,83,84,1.19
August 31 2022,Wichita,TX,Passenger,2,0,2,41,43,4.65
November 30 2021,Allegheny,PA,Passenger,2,1,3,72,75,4.00
September 30 2021,Collier,FL,Passenger,1,0,1,20,21,4.76
May 31 2022,Yavapai,AZ,Passenger,0,1,1,30,31,3.23
July 31 2022,Williamsburg,VA,Passenger,0,1,1,7,8,12.50
March 31 2021,Montgomery,MD,Passenger,1,0,1,232,233,0.43
December 31 2023,Montgomery,MD,Passenger,6,2,8,166,174,4.60
March 31 2023,Marin,CA,Passenger,1,1,2,31,33,6.06
September 30 2023,Marion,IA,Passenger,1,0,1,0,1,100.00
July 31 2023,Whatcom,WA,Passenger,2564,905,3469,147944,151413,2.29
October 31 2018,Clark,WA,Passenger,1149,814,1963,310379,312342,0.63
July 31 2018,Chelan,WA,Passenger,112,52,164,53572,53736,0.31
January 31 2021,Snohomish,WA,Truck,1,0,1,125669,125670,0.00
November 30 2019,Franklin,WA,Truck,0,0,0,19725,19725,0.00
January 31 2018,Maui,HI,Passenger,1,0,1,67,68,1.47
August 31 2021,Washington,OR,Passenger,1,0,1,389,390,0.26
February 28 2022,Bartow,GA,Passenger,0,1,1,5,6,16.67
December 31 2020,Hillsborough,FL,Passenger,0,1,1,173,174,0.57
September 30 2023,Goochland,VA,Passenger,2,2,4,46,50,8.00
July 31 2019,Fulton,GA,Passenger,0,3,3,107,110,2.73
July 31 2018,Travis,TX,Passenger,1,1,2,202,204,0.98
August 31 2022,Hamilton,IN,Passenger,1,0,1,21,22,4.55
October 31 2021,Grant,WA,Passenger,133,95,228,66790,67018,0.34
February 29 2024,Pacific,WA,Passenger,100,97,197,15469,15666,1.26
March 31 2023,Anne Arundel,MD,Passenger,3,3,6,306,312,1.92
June 30 2019,Marion,OR,Passenger,1,0,1,121,122,0.82
October 31 2020,Harnett,NC,Passenger,1,0,1,199,200,0.50
February 28 2019,Riverside,CA,Passenger,2,2,4,667,671,0.60
July 31 2020,Utah,UT,Passenger,0,1,1,140,141,0.71
June 30 2017,Collin,TX,Passenger,0,1,1,149,150,0.67
July 31 2021,Lake,IL,Passenger,2,0,2,168,170,1.18
May 31 2022,Arapahoe,CO,Passenger,0,1,1,94,95,1.05
February 28 2017,Clark,NV,Passenger,1,3,4,886,890,0.45
October 31 2023,Wilson,TX,Passenger,0,1,1,3,4,25.00
August 31 2019,Cowlitz,WA,Truck,0,0,0,28895,28895,0.00
September 30 2017,Clallam,WA,Truck,0,0,0,21086,21086,0.00
March 31 2021,Whatcom,WA,Passenger,1299,576,1875,150361,152236,1.23
July 31 2018,Deschutes,OR,Passenger,1,0,1,175,176,0.57
June 30 2017,Multnomah,OR,Passenger,1,3,4,1002,1006,0.40
September 30 2023,Riverside,CA,Passenger,6,0,6,367,373,1.61
September 30 2021,Jefferson,NY,Passenger,1,0,1,220,221,0.45
January 31 2022,Suffolk,VA,Passenger,1,0,1,123,124,0.81
February 28 2022,New London,CT,Passenger,1,3,4,205,209,1.91
March 31 2020,Williams,ND,Passenger,0,1,1,13,14,7.14
January 31 2020,Kitsap,WA,Truck,1,0,1,54472,54473,0.00
October 31 2021,King,WA,Truck,4,1,5,183397,183402,0.00
May 31 2021,Pacific,WA,Truck,0,0,0,7935,7935,0.00
September 30 2023,Douglas,WA,Truck,8,0,8,13070,13078,0.06
September 30 2023,Island,WA,Passenger,1185,463,1648,60996,62644,2.63
December 31 2019,Pend Oreille,WA,Passenger,7,7,14,9511,9525,0.15
June 30 2019,Oldham,KY,Passenger,0,1,1,5,6,16.67
February 28 2017,Pierce,WA,Truck,0,0,0,138527,138527,0.00
September 30 2020,Douglas,WA,Truck,0,0,0,12375,12375,0.00
June 30 2020,Whatcom,WA,Passenger,1065,498,1563,149180,150743,1.04
July 31 2020,Sedgwick,KS,Passenger,1,1,2,100,102,1.96
December 31 2018,Valencia,NM,Passenger,1,0,1,12,13,7.69
March 31 2017,Hidalgo,TX,Passenger,0,1,1,99,100,1.00
January 31 2017,St. Lucie,FL,Passenger,1,0,1,32,33,3.03
December 31 2022,Wayne,MI,Passenger,0,1,1,37,38,2.63
October 31 2020,Chesapeake,VA,Passenger,0,2,2,421,423,0.47
February 29 2020,Collin,TX,Passenger,2,1,3,144,147,2.04
July 31 2019,Cochise,AZ,Passenger,0,1,1,111,112,0.89
November 30 2022,District of Columbia,DC,Passenger,2,0,2,161,163,1.23
June 30 2020,Shelby,OH,Passenger,0,1,1,2,3,33.33
September 30 2019,Cowlitz,WA,Truck,0,0,0,28951,28951,0.00
June 30 2023,Pacific,WA,Truck,4,0,4,7829,7833,0.05
April 30 2017,Douglas,WA,Passenger,31,21,52,26602,26654,0.20
March 31 2020,Cowlitz,WA,Passenger,134,114,248,73158,73406,0.34
November 30 2018,San Diego,CA,Passenger,9,2,11,2575,2586,0.43
May 31 2020,Collin,TX,Passenger,2,1,3,134,137,2.19
July 31 2019,Clark,WA,Truck,0,0,0,80595,80595,0.00
December 31 2020,Deschutes,OR,Passenger,2,0,2,132,134,1.49
December 31 2017,Monterey,CA,Passenger,0,2,2,194,196,1.02
February 28 2021,Nassau,NY,Passenger,4,0,4,34,38,10.53
April 30 2024,Cumberland,PA,Passenger,1,1,2,32,34,5.88
January 31 2021,Pacific,WA,Truck,0,0,0,7799,7799,0.00
May 31 2019,Flathead,MT,Passenger,1,0,1,64,65,1.54
July 31 2022,Harnett,NC,Passenger,2,0,2,160,162,1.23
April 30 2020,Fort Bend,TX,Passenger,1,0,1,46,47,2.13
October 31 2023,Leavenworth,KS,Passenger,0,1,1,77,78,1.28
November 30 2021,Skamania,WA,Truck,0,0,0,3997,3997,0.00
May 31 2020,Pinellas,FL,Passenger,1,1,2,115,117,1.71
November 30 2023,Atlantic,NJ,Passenger,1,0,1,11,12,8.33
December 31 2017,,,Passenger,3,0,3,447,450,0.67
August 31 2017,Klickitat,WA,Truck,0,0,0,7962,7962,0.00
September 30 2019,Lewis,WA,Truck,0,0,0,25969,25969,0.00
December 31 2022,Essex,NJ,Passenger,2,0,2,12,14,14.29
April 30 2022,Platte,MO,Passenger,1,0,1,21,22,4.55
August 31 2023,Napa,CA,Passenger,0,1,1,11,12,8.33
May 31 2019,DeKalb,IN,Passenger,1,0,1,1,2,50.00
March 31 2022,Grays Harbor,WA,Passenger,205,157,362,49283,49645,0.73
March 31 2019,Kittitas,WA,Passenger,71,37,108,29439,29547,0.37
June 30 2023,Cochise,AZ,Passenger,1,0,1,65,66,1.52
June 30 2023,Pinal,AZ,Passenger,0,1,1,91,92,1.09
December 31 2019,,,Passenger,6,2,8,419,427,1.87
August 31 2020,Lee,FL,Passenger,1,0,1,48,49,2.04
October 31 2023,Riverside,CA,Passenger,5,0,5,359,364,1.37
June 30 2020,Fairbanks North Star,AK,Passenger,0,1,1,99,100,1.00
June 30 2017,Cobb,GA,Passenger,0,1,1,78,79,1.27
November 30 2021,Sarasota,FL,Passenger,2,0,2,39,41,4.88
September 30 2021,Cowlitz,WA,Passenger,246,154,400,72001,72401,0.55
August 31 2018,Grant,WA,Passenger,34,49,83,63545,63628,0.13
June 30 2023,Clallam,WA,Passenger,549,284,833,49065,49898,1.67
September 30 2023,Bell,TX,Passenger,1,0,1,239,240,0.42
May 31 2021,Stafford,VA,Passenger,2,1,3,104,107,2.80
October 31 2020,Queens,NY,Passenger,1,0,1,55,56,1.79
May 31 2022,Fort Bend,TX,Passenger,1,0,1,25,26,3.85
May 31 2023,Sheridan,WY,Passenger,1,0,1,5,6,16.67
November 30 2023,Ferry,WA,Passenger,23,4,27,4280,4307,0.63
December 31 2018,Hawaii,HI,Passenger,1,0,1,66,67,1.49
January 31 2023,Orange,FL,Passenger,1,0,1,72,73,1.37
May 31 2018,Mason,WA,Truck,0,0,0,19867,19867,0.00
November 30 2018,Nueces,TX,Passenger,1,1,2,93,95,2.11
December 31 2023,Douglas,WA,Passenger,248,81,329,28786,29115,1.13
March 31 2017,Mercer,NJ,Passenger,0,1,1,20,21,4.76
November 30 2017,Tarrant,TX,Passenger,1,0,1,229,230,0.43
February 29 2020,Houston,GA,Passenger,1,0,1,59,60,1.67
January 31 2019,Ramsey,MN,Passenger,1,0,1,40,41,2.44
August 31 2023,Sarasota,FL,Passenger,1,0,1,25,26,3.85
July 31 2018,Caddo,LA,Passenger,0,1,1,23,24,4.17
August 31 2022,Kootenai,ID,Truck,1,0,1,36,37,2.70
October 31 2017,Snohomish,WA,Passenger,1948,998,2946,515171,518117,0.57
April 30 2020,Riverside,CA,Passenger,3,1,4,641,645,0.62
May 31 2019,Spartanburg,SC,Passenger,0,1,1,39,40,2.50
September 30 2021,Randolph,NC,Passenger,1,0,1,6,7,14.29
April 30 2023,Atlantic,NJ,Passenger,1,0,1,13,14,7.14
January 31 2023,Island,WA,Truck,20,0,20,21130,21150,0.09
April 30 2021,Pend Oreille,WA,Truck,0,0,0,5736,5736,0.00
March 31 2019,Clay,FL,Passenger,0,1,1,86,87,1.15
November 30 2023,Multnomah,OR,Passenger,1,1,2,381,383,0.52
October 31 2018,Caddo,LA,Passenger,0,1,1,26,27,3.70
August 31 2020,Powhatan,VA,Passenger,1,0,1,1,2,50.00
March 31 2022,Klickitat,WA,Passenger,95,54,149,15319,15468,0.96
August 31 2018,Pend Oreille,WA,Passenger,5,5,10,9584,9594,0.10
January 31 2018,Latah,ID,Passenger,0,1,1,79,80,1.25
May 31 2020,St. Mary's,MD,Passenger,1,0,1,212,213,0.47
December 31 2021,Broward,FL,Passenger,2,0,2,101,103,1.94
December 31 2017,Prince George,VA,Passenger,0,1,1,73,74,1.35
August 31 2023,Santa Cruz,CA,Passenger,1,0,1,21,22,4.55
March 31 2022,Kittitas,WA,Passenger,225,75,300,29786,30086,1.00
March 31 2018,Whatcom,WA,Truck,2,0,2,42071,42073,0.00
April 30 2017,Ferry,WA,Truck,0,0,0,3550,3550,0.00
July 31 2023,Yellowstone,MT,Passenger,0,1,1,13,14,7.14
December 31 2023,Prince William,VA,Passenger,1,2,3,144,147,2.04
January 31 2019,Tulsa,OK,Passenger,1,1,2,55,57,3.51
January 31 2017,Madison,ID,Passenger,1,0,1,48,49,2.04
September 30 2023,King,WA,Truck,861,2,863,174068,174931,0.49
April 30 2023,Los Angeles,CA,Passenger,5,5,10,704,714,1.40
June 30 2022,Philadelphia,PA,Passenger,1,0,1,41,42,2.38
November 30 2020,Juneau,AK,Passenger,0,1,1,27,28,3.57
January 31 2018,Bexar,TX,Passenger,1,2,3,821,824,0.36
August 31 2017,Hardin,KY,Passenger,0,1,1,117,118,0.85
July 31 2021,Boulder,CO,Passenger,1,1,2,46,48,4.17
September 30 2023,Yakima,WA,Passenger,576,276,852,166310,167162,0.51
November 30 2020,Lewis,WA,Passenger,117,119,236,58623,58859,0.40
August 31 2022,Asotin,WA,Passenger,24,18,42,12577,12619,0.33
April 30 2021,Cumberland,NC,Passenger,0,2,2,451,453,0.44
April 30 2024,King,WA,Truck,1248,1,1249,166211,167460,0.75
June 30 2020,Moore,NC,Passenger,0,2,2,164,166,1.20
November 30 2019,Mercer,NJ,Passenger,0,1,1,20,21,4.76
October 31 2023,Contra Costa,CA,Passenger,1,2,3,156,159,1.89
September 30 2020,Juneau,AK,Passenger,0,1,1,29,30,3.33
March 31 2021,Cowlitz,WA,Passenger,197,133,330,72146,72476,0.46
July 31 2019,Travis,TX,Passenger,4,1,5,214,219,2.28
December 31 2020,Harford,MD,Passenger,0,1,1,57,58,1.72
April 30 2023,Stevens,WA,Truck,1,0,1,18745,18746,0.01
July 31 2021,Sonoma,CA,Passenger,0,1,1,90,91,1.10
April 30 2022,Boone,MO,Passenger,0,1,1,11,12,8.33
March 31 2020,Twin Falls,ID,Passenger,0,1,1,30,31,3.23
August 31 2023,Jefferson,NY,Passenger,2,0,2,187,189,1.06
January 31 2022,Dorchester,SC,Passenger,1,0,1,75,76,1.32
October 31 2022,Island,WA,Truck,14,0,14,21224,21238,0.07
September 30 2018,Thurston,WA,Passenger,621,526,1147,194512,195659,0.59
July 31 2020,Duval,FL,Passenger,0,2,2,370,372,0.54
June 30 2021,Polk,FL,Passenger,1,0,1,66,67,1.49
October 31 2017,Asotin,WA,Truck,0,0,0,6521,6521,0.00
August 31 2022,Charleston,SC,Passenger,2,2,4,67,71,5.63
September 30 2018,Lumpkin,GA,Passenger,1,0,1,7,8,12.50
February 28 2017,Travis,TX,Passenger,1,1,2,202,204,0.98
February 28 2019,Jefferson,WA,Truck,0,0,0,9618,9618,0.00
April 30 2017,Lewis,NY,Passenger,0,1,1,10,11,9.09
August 31 2022,Broward,FL,Passenger,1,0,1,78,79,1.27
October 31 2020,Sarasota,FL,Passenger,2,0,2,35,37,5.41
March 31 2021,Denver,CO,Passenger,1,0,1,120,121,0.83
September 30 2022,Madison,IL,Passenger,1,0,1,16,17,5.88
June 30 2023,Collier,FL,Passenger,1,0,1,16,17,5.88
February 28 2019,Volusia,FL,Passenger,0,1,1,40,41,2.44
April 30 2023,Las Animas,CO,Passenger,1,0,1,0,1,100.00
July 31 2022,San Juan,WA,Passenger,521,160,681,14009,14690,4.64
December 31 2019,Adams,WA,Passenger,6,7,13,12929,12942,0.10
April 30 2021,Ferry,WA,Passenger,10,3,13,4408,4421,0.29
June 30 2021,Kauai,HI,Passenger,1,0,1,21,22,4.55
May 31 2019,Garfield,WA,Truck,0,0,0,953,953,0.00
August 31 2023,Coryell,TX,Passenger,1,0,1,70,71,1.41
June 30 2020,Eagle,CO,Passenger,1,0,1,7,8,12.50
December 31 2021,Multnomah,OR,Passenger,2,5,7,640,647,1.08
June 30 2019,Stevens,WA,Truck,0,0,0,18653,18653,0.00
December 31 2017,Ada,ID,Passenger,0,1,1,359,360,0.28
July 31 2019,Putnam,TN,Passenger,0,1,1,3,4,25.00
November 30 2019,Thurston,WA,Passenger,1035,698,1733,198993,200726,0.86
July 31 2019,Franklin,WA,Passenger,53,70,123,60134,60257,0.20
March 31 2023,Prince George's,MD,Passenger,2,1,3,126,129,2.33
April 30 2017,Orange,CA,Passenger,2,1,3,656,659,0.46
January 31 2021,Douglas,WA,Truck,0,0,0,12500,12500,0.00
October 31 2017,Whitman,WA,Truck,0,0,0,8440,8440,0.00
March 31 2024,Kootenai,ID,Passenger,0,1,1,78,79,1.27
January 31 2022,DuPage,IL,Passenger,3,1,4,53,57,7.02
July 31 2017,Grays Harbor,WA,Passenger,36,35,71,44844,44915,0.16
August 31 2020,San Mateo,CA,Passenger,0,1,1,115,116,0.86
March 31 2019,Rogers,OK,Passenger,1,0,1,5,6,16.67
August 31 2022,Newport,RI,Passenger,0,1,1,66,67,1.49
October 31 2018,DuPage,IL,Passenger,1,0,1,59,60,1.67
May 31 2020,Greene,MO,Passenger,0,1,1,33,34,2.94
October 31 2021,Camden,NJ,Passenger,0,1,1,15,16,6.25
February 28 2022,Henrico,VA,Passenger,0,1,1,14,15,6.67
August 31 2022,Yavapai,AZ,Passenger,0,1,1,25,26,3.85
May 31 2021,Asotin,WA,Truck,0,0,0,6777,6777,0.00
December 31 2017,Whitman,WA,Passenger,17,20,37,22422,22459,0.16
March 31 2023,Marion,OR,Passenger,1,0,1,72,73,1.37
September 30 2020,DeKalb,GA,Passenger,1,0,1,80,81,1.23
November 30 2022,Albemarle,VA,Passenger,2,0,2,19,21,9.52
August 31 2023,Pulaski,MO,Passenger,3,0,3,94,97,3.09
July 31 2023,Island,WA,Truck,33,0,33,21014,21047,0.16
April 30 2018,Broward,FL,Passenger,0,1,1,132,133,0.75
June 30 2022,Salt Lake,UT,Passenger,1,1,2,149,151,1.32
May 31 2021,Douglas,NE,Passenger,1,1,2,53,55,3.64
July 31 2020,Rogers,OK,Passenger,1,0,1,5,6,16.67
December 31 2022,Fairfax,VA,Passenger,6,3,9,631,640,1.41
May 31 2022,Maricopa,AZ,Passenger,9,4,13,1081,1094,1.19
April 30 2019,Skamania,WA,Truck,0,0,0,4038,4038,0.00
December 31 2019,Sacramento,CA,Passenger,0,1,1,303,304,0.33
December 31 2018,Fulton,GA,Passenger,1,3,4,112,116,3.45
January 31 2023,Berkeley,SC,Passenger,0,1,1,114,115,0.87
August 31 2017,Lee,AL,Passenger,1,0,1,36,37,2.70
February 28 2021,Marion,IA,Passenger,1,0,1,1,2,50.00
June 30 2023,Island,WA,Passenger,1076,441,1517,61017,62534,2.43
June 30 2021,Charleston,SC,Passenger,1,1,2,90,92,2.17
January 31 2017,Pend Oreille,WA,Truck,0,0,0,5595,5595,0.00
February 29 2024,Tarrant,TX,Passenger,1,0,1,74,75,1.33
November 30 2019,Wilson,TX,Passenger,0,1,1,9,10,10.00
August 31 2023,Fairfax,VA,Passenger,6,3,9,563,572,1.57
August 31 2018,,,Passenger,3,2,5,435,440,1.14
May 31 2019,Orange,CA,Passenger,6,1,7,547,554,1.26
February 28 2023,Honolulu,HI,Passenger,3,3,6,330,336,1.79
July 31 2020,Whitman,WA,Truck,0,0,0,8506,8506,0.00
October 31 2021,Whatcom,WA,Truck,4,0,4,43753,43757,0.01
August 31 2018,Benton,WA,Truck,0,0,0,41229,41229,0.00
July 31 2021,Mason,WA,Passenger,215,137,352,48075,48427,0.73
March 31 2017,Yakima,WA,Passenger,36,50,86,159215,159301,0.05
June 30 2022,Ferry,WA,Passenger,19,4,23,4410,4433,0.52
January 31 2021,Los Angeles,CA,Passenger,9,11,20,982,1002,2.00
August 31 2020,,,Passenger,6,1,7,378,385,1.82
September 30 2022,St. Mary's,MD,Passenger,1,0,1,190,191,0.52
August 31 2018,Madison,ID,Passenger,1,0,1,36,37,2.70
April 30 2023,Oldham,KY,Passenger,0,1,1,4,5,20.00
January 31 2021,Grays Harbor,WA,Passenger,133,126,259,48758,49017,0.53
December 31 2021,Wahkiakum,WA,Passenger,17,10,27,3080,3107,0.87
September 30 2018,Shelby,TN,Passenger,0,1,1,106,107,0.93
January 31 2020,Frederick,MD,Passenger,1,1,2,79,81,2.47
July 31 2018,DeKalb,GA,Passenger,1,0,1,81,82,1.22
September 30 2023,Multnomah,OR,Passenger,1,2,3,406,409,0.73
August 31 2021,Ventura,CA,Passenger,1,3,4,268,272,1.47
May 31 2022,Goochland,VA,Passenger,4,2,6,158,164,3.66
August 31 2021,Duval,FL,Passenger,0,2,2,345,347,0.58
January 31 2018,Ramsey,MN,Passenger,1,0,1,41,42,2.38
July 31 2021,Boone,MO,Passenger,0,1,1,11,12,8.33
February 28 2022,King,WA,Truck,22,1,23,182373,182396,0.01
December 31 2021,Thurston,WA,Passenger,1863,963,2826,196454,199280,1.42
March 31 2021,Henrico,VA,Passenger,0,1,1,18,19,5.26
June 30 2021,Fulton,GA,Passenger,0,1,1,89,90,1.11
June 30 2021,Leavenworth,KS,Passenger,0,1,1,110,111,0.90
December 31 2017,Sedgwick,KS,Passenger,0,1,1,108,109,0.92
June 30 2022,Santa Cruz,CA,Passenger,1,0,1,29,30,3.33
October 31 2020,Loudoun,VA,Passenger,1,0,1,81,82,1.22
August 31 2023,Columbia,WA,Truck,0,0,0,1554,1554,0.00
September 30 2019,Grant,WA,Passenger,48,63,111,65161,65272,0.17
February 28 2023,Escambia,FL,Passenger,0,1,1,144,145,0.69
June 30 2021,Klamath,OR,Passenger,1,0,1,32,33,3.03
October 31 2021,Plaquemines,LA,Passenger,0,1,1,19,20,5.00
October 31 2018,San Juan,PR,Passenger,0,1,1,4,5,20.00
April 30 2018,DeKalb,IN,Passenger,1,0,1,1,2,50.00
March 31 2018,Carroll,NH,Passenger,0,1,1,1,2,50.00
September 30 2021,Chelan,WA,Passenger,375,104,479,54749,55228,0.87
April 30 2018,Clark,NV,Passenger,2,2,4,759,763,0.52
October 31 2022,Pierce,WA,Truck,62,0,62,140027,140089,0.04
October 31 2017,Fulton,GA,Passenger,1,0,1,111,112,0.89
December 31 2021,York,VA,Passenger,1,0,1,93,94,1.06
February 28 2019,Richland,SC,Passenger,0,1,1,165,166,0.60
November 30 2020,Powhatan,VA,Passenger,1,0,1,1,2,50.00
May 31 2022,Wahkiakum,WA,Passenger,22,10,32,3082,3114,1.03
August 31 2017,New Haven,CT,Passenger,0,1,1,57,58,1.72
February 28 2022,Dorchester,SC,Passenger,1,0,1,74,75,1.33
September 30 2022,Lincoln,WA,Truck,0,0,0,4848,4848,0.00
May 31 2023,Collin,TX,Passenger,3,0,3,57,60,5.00
August 31 2018,Sacramento,CA,Passenger,0,1,1,320,321,0.31
September 30 2022,Kern,CA,Passenger,1,1,2,200,202,0.99
September 30 2019,Sarasota,FL,Passenger,1,0,1,35,36,2.78
December 31 2017,Lee,AL,Passenger,1,0,1,37,38,2.63
March 31 2017,Hawaii,HI,Passenger,1,0,1,90,91,1.10
February 28 2022,Jefferson,WA,Truck,0,0,0,9576,9576,0.00
December 31 2017,Contra Costa,CA,Passenger,0,1,1,461,462,0.22
February 28 2023,Dallas,TX,Passenger,1,0,1,92,93,1.08
February 28 2022,St. Louis,MO,Passenger,2,0,2,78,80,2.50
February 28 2023,York,VA,Passenger,1,0,1,76,77,1.30
January 31 2024,Middlesex,MA,Passenger,2,0,2,68,70,2.86
April 30 2023,Snohomish,WA,Truck,144,0,144,121736,121880,0.12
September 30 2018,Marion,OR,Passenger,1,0,1,127,128,0.78
May 31 2023,Hillsborough,FL,Passenger,1,2,3,115,118,2.54
February 28 2019,Washtenaw,MI,Passenger,1,0,1,38,39,2.56
August 31 2019,Douglas,NE,Passenger,0,1,1,61,62,1.61
January 31 2024,Stevens,WA,Truck,3,0,3,18565,18568,0.02
June 30 2023,Kitsap,WA,Truck,76,0,76,52302,52378,0.15
June 30 2022,Whitman,WA,Passenger,87,60,147,21967,22114,0.66
April 30 2017,Maricopa,AZ,Passenger,2,1,3,1841,1844,0.16
October 31 2020,Multnomah,OR,Passenger,3,6,9,725,734,1.23
July 31 2018,Thurston,WA,Truck,0,0,0,54411,54411,0.00
May 31 2017,Pierce,WA,Truck,0,0,0,137652,137652,0.00
March 31 2017,Columbia,WA,Truck,0,0,0,1530,1530,0.00
August 31 2019,Spokane,WA,Passenger,574,438,1012,313063,314075,0.32
October 31 2022,Columbia,WA,Passenger,8,1,9,2438,2447,0.37
December 31 2023,Skamania,WA,Passenger,139,51,190,7960,8150,2.33
December 31 2018,Los Angeles,CA,Passenger,5,5,10,1130,1140,0.88
October 31 2020,Klamath,OR,Passenger,1,0,1,34,35,2.86
July 31 2019,Twin Falls,ID,Passenger,0,1,1,25,26,3.85
March 31 2024,Lake,IN,Passenger,0,1,1,4,5,20.00
May 31 2018,Jefferson,WA,Passenger,138,91,229,24386,24615,0.93
July 31 2021,Collin,TX,Passenger,2,1,3,120,123,2.44
January 31 2023,Providence,RI,Passenger,1,0,1,18,19,5.26
March 31 2022,Miami-Dade,FL,Passenger,1,0,1,89,90,1.11
June 30 2023,Beaufort,SC,Passenger,1,0,1,30,31,3.23
October 31 2022,Cass,MN,Passenger,0,1,1,1,2,50.00
May 31 2023,Alexandria,VA,Passenger,3,1,4,90,94,4.26
December 31 2023,Middlesex,MA,Passenger,2,0,2,70,72,2.78
February 28 2018,Madison,ID,Passenger,1,0,1,39,40,2.50
May 31 2022,Fairfax,VA,Passenger,6,3,9,658,667,1.35
December 31 2021,San Joaquin,CA,Passenger,1,1,2,103,105,1.90
December 31 2018,Ventura,CA,Passenger,0,2,2,329,331,0.60
January 31 2023,Dorchester,SC,Passenger,1,0,1,53,54,1.85
February 28 2023,Montgomery,AL,Passenger,0,1,1,36,37,2.70
December 31 2020,Ulster,NY,Passenger,1,0,1,13,14,7.14
February 28 2019,Kitsap,WA,Truck,1,0,1,53696,53697,0.00
September 30 2017,Lewis,WA,Truck,0,0,0,25119,25119,0.00
June 30 2022,Lake,FL,Passenger,1,0,1,20,21,4.76
January 31 2020,Lake,CA,Passenger,0,1,1,11,12,8.33
July 31 2022,Virginia Beach,VA,Passenger,2,0,2,514,516,0.39
October 31 2021,Washington,OR,Passenger,1,0,1,377,378,0.26
February 28 2023,Allegheny,PA,Passenger,2,0,2,61,63,3.17
November 30 2020,Mercer,NJ,Passenger,0,1,1,15,16,6.25
December 31 2019,Putnam,TN,Passenger,0,1,1,3,4,25.00
November 30 2020,Pacific,WA,Truck,0,0,0,7759,7759,0.00
April 30 2020,Whitman,WA,Truck,0,0,0,8531,8531,0.00
May 31 2020,Washington,OR,Passenger,1,0,1,462,463,0.22
October 31 2023,Placer,CA,Passenger,1,0,1,58,59,1.69
June 30 2021,Lane,OR,Passenger,0,2,2,134,136,1.47
March 31 2022,Meade,KY,Passenger,1,0,1,24,25,4.00
May 31 2023,Stevens,WA,Truck,1,0,1,18744,18745,0.01
October 31 2022,Thurston,WA,Passenger,2466,1106,3572,192270,195842,1.82
February 29 2020,Dallas,TX,Passenger,1,0,1,208,209,0.48
October 31 2018,Charleston,SC,Passenger,1,0,1,131,132,0.76
August 31 2023,Hawaii,HI,Passenger,1,0,1,29,30,3.33
August 31 2022,Galveston,TX,Passenger,0,1,1,18,19,5.26
October 31 2022,Okaloosa,FL,Passenger,0,1,1,101,102,0.98
August 31 2018,Snohomish,WA,Truck,1,0,1,121701,121702,0.00
August 31 2019,Honolulu,HI,Passenger,4,2,6,504,510,1.18
June 30 2017,Lane,OR,Passenger,0,1,1,240,241,0.41
October 31 2022,Skagit,WA,Passenger,884,349,1233,89374,90607,1.36
March 31 2018,Stevens,WA,Passenger,9,21,30,31601,31631,0.09
February 29 2020,Columbia,WA,Passenger,3,3,6,2434,2440,0.25
March 31 2023,Berkeley,SC,Passenger,0,1,1,110,111,0.90
November 30 2019,Cook,IL,Passenger,1,0,1,243,244,0.41
November 30 2021,Juneau,AK,Passenger,0,1,1,30,31,3.23
November 30 2022,Providence,RI,Passenger,1,0,1,19,20,5.00
October 31 2018,King,WA,Truck,7,1,8,182802,182810,0.00
June 30 2019,Hawaii,HI,Passenger,1,0,1,62,63,1.59
March 31 2023,Solano,CA,Passenger,4,0,4,150,154,2.60
April 30 2022,Fulton,GA,Passenger,1,1,2,79,81,2.47
January 31 2021,Bartow,GA,Passenger,0,1,1,6,7,14.29
June 30 2017,Pacific,WA,Passenger,10,7,17,15140,15157,0.11
January 31 2023,Pend Oreille,WA,Passenger,23,14,37,8930,8967,0.41
February 28 2018,Pima,AZ,Passenger,1,1,2,433,435,0.46
April 30 2019,Kittitas,WA,Truck,0,0,0,14301,14301,0.00
November 30 2019,Clallam,WA,Truck,1,0,1,21839,21840,0.00
September 30 2020,Clark,NV,Passenger,3,2,5,685,690,0.72
May 31 2019,Kern,CA,Passenger,0,1,1,228,229,0.44
November 30 2022,Jackson,OK,Passenger,0,1,1,32,33,3.03
November 30 2023,Marion,IA,Passenger,1,0,1,0,1,100.00
September 30 2021,King,WA,Passenger,32864,9686,42550,1364510,1407060,3.02
February 28 2017,District of Columbia,DC,Passenger,0,3,3,227,230,1.30
July 31 2020,Juneau,AK,Passenger,0,1,1,30,31,3.23
October 31 2022,Douglas,CO,Passenger,0,1,1,76,77,1.30
April 30 2022,Suffolk,VA,Passenger,1,0,1,125,126,0.79
March 31 2023,Jackson,OK,Passenger,0,1,1,32,33,3.03
August 31 2020,Ferry,WA,Passenger,7,3,10,4311,4321,0.23
January 31 2020,Putnam,TN,Passenger,0,1,1,3,4,25.00
July 31 2021,Middlesex,MA,Passenger,1,0,1,100,101,0.99
September 30 2022,Stafford,VA,Passenger,2,1,3,89,92,3.26
April 30 2021,Ramsey,MN,Passenger,1,0,1,32,33,3.03
November 30 2019,Pierce,WA,Truck,0,0,0,140663,140663,0.00
March 31 2021,Lincoln,WA,Truck,0,0,0,4731,4731,0.00
July 31 2021,Garfield,WA,Truck,0,0,0,1003,1003,0.00
September 30 2023,Anne Arundel,MD,Passenger,5,3,8,287,295,2.71
December 31 2019,Palm Beach,FL,Passenger,0,2,2,85,87,2.30
November 30 2018,Norfolk,MA,Passenger,1,0,1,36,37,2.70
June 30 2021,Suffolk,VA,Passenger,1,0,1,126,127,0.79
December 31 2021,Sarasota,FL,Passenger,2,0,2,40,42,4.76
October 31 2019,Sumter,FL,Passenger,0,1,1,9,10,10.00
February 28 2019,Clallam,WA,Passenger,153,127,280,50346,50626,0.55
July 31 2018,Alameda,CA,Passenger,0,1,1,349,350,0.29
January 31 2020,Polk,FL,Passenger,1,0,1,74,75,1.33
June 30 2023,Carroll,MD,Passenger,0,1,1,17,18,5.56
February 28 2021,Klickitat,WA,Truck,0,0,0,8112,8112,0.00
April 30 2022,Bell,TX,Passenger,1,0,1,339,340,0.29
February 28 2019,Klickitat,WA,Truck,0,0,0,8217,8217,0.00
June 30 2019,Chelan,WA,Truck,0,0,0,22278,22278,0.00
May 31 2021,Harford,MD,Passenger,0,1,1,55,56,1.79
February 28 2018,Queens,NY,Passenger,1,0,1,62,63,1.59
July 31 2022,Kings,CA,Passenger,2,1,3,309,312,0.96
October 31 2023,Essex,MA,Passenger,1,0,1,11,12,8.33
January 31 2022,Monterey,CA,Passenger,0,3,3,151,154,1.95
August 31 2019,Randolph,NC,Passenger,1,0,1,6,7,14.29
August 31 2022,Fredericksburg,VA,Passenger,1,0,1,6,7,14.29
November 30 2017,Douglas,WA,Truck,0,0,0,11702,11702,0.00
November 30 2020,Grant,WA,Truck,0,0,0,27408,27408,0.00
November 30 2020,Travis,TX,Passenger,3,0,3,185,188,1.60
July 31 2020,Sumter,FL,Passenger,0,1,1,9,10,10.00
April 30 2020,Powhatan,VA,Passenger,1,0,1,1,2,50.00
July 31 2021,Grays Harbor,WA,Truck,0,0,0,21412,21412,0.00
September 30 2023,Howard,MD,Passenger,0,2,2,55,57,3.51
June 30 2019,Arlington,VA,Passenger,0,2,2,161,163,1.23
March 31 2021,Collier,FL,Passenger,1,0,1,21,22,4.55
July 31 2021,New York,NY,Passenger,2,0,2,48,50,4.00
January 31 2021,San Mateo,CA,Passenger,1,1,2,116,118,1.69
April 30 2017,Whitman,WA,Truck,0,0,0,8377,8377,0.00
October 31 2022,Newport,RI,Passenger,0,1,1,63,64,1.56
May 31 2019,Tulsa,OK,Passenger,1,1,2,52,54,3.70
November 30 2022,Cowlitz,WA,Passenger,390,188,578,70176,70754,0.82
January 31 2023,Skagit,WA,Passenger,954,365,1319,89258,90577,1.46
May 31 2023,Jefferson,WA,Passenger,551,259,810,24299,25109,3.23
May 31 2018,Sacramento,CA,Passenger,1,1,2,316,318,0.63
December 31 2023,Adams,WA,Truck,3,0,3,5340,5343,0.06
October 31 2018,Asotin,WA,Truck,0,0,0,6634,6634,0.00
July 31 2023,Kauai,HI,Passenger,0,1,1,15,16,6.25
December 31 2020,Houston,GA,Passenger,1,0,1,52,53,1.89
November 30 2018,Monroe,IL,Passenger,1,0,1,3,4,25.00
September 30 2022,Adams,WA,Passenger,22,10,32,12988,13020,0.25
March 31 2019,Benton,WA,Passenger,235,251,486,132962,133448,0.36
June 30 2019,Jefferson,NY,Passenger,0,1,1,220,221,0.45
September 30 2023,Hillsborough,FL,Passenger,2,2,4,103,107,3.74
February 28 2018,Carroll,NH,Passenger,0,1,1,1,2,50.00
November 30 2022,King,WA,Passenger,46992,12033,59025,1337859,1396884,4.23
March 31 2020,Cumberland,NC,Passenger,0,2,2,492,494,0.40
December 31 2019,Ferry,WA,Truck,0,0,0,3581,3581,0.00
December 31 2017,District of Columbia,DC,Passenger,0,3,3,198,201,1.49
October 31 2022,Hawaii,HI,Passenger,1,0,1,35,36,2.78
April 30 2022,Lewis,WA,Truck,0,0,0,26431,26431,0.00
September 30 2019,Clallam,WA,Truck,1,0,1,21835,21836,0.00
April 30 2022,Benton,WA,Truck,1,0,1,43573,43574,0.00
June 30 2018,Mason,WA,Truck,0,0,0,19948,19948,0.00
April 30 2017,Franklin,WA,Truck,0,0,0,17991,17991,0.00
September 30 2021,DuPage,IL,Passenger,3,1,4,56,60,6.67
October 31 2020,San Francisco,CA,Passenger,1,1,2,97,99,2.02
June 30 2022,Mercer,NJ,Passenger,0,1,1,14,15,6.67
June 30 2023,Washington,OR,Passenger,1,0,1,244,245,0.41
January 31 2018,Lewis,WA,Truck,0,0,0,25330,25330,0.00
July 31 2019,Island,WA,Truck,0,0,0,21305,21305,0.00
November 30 2023,Coryell,TX,Passenger,1,0,1,68,69,1.45
May 31 2021,San Mateo,CA,Passenger,1,0,1,113,114,0.88
February 28 2021,Dallas,TX,Passenger,1,0,1,179,180,0.56
August 31 2019,Frederick,MD,Passenger,1,1,2,80,82,2.44
October 31 2019,Manassas,VA,Passenger,0,1,1,7,8,12.50
July 31 2023,Lake,IN,Passenger,0,1,1,7,8,12.50
June 30 2023,Walla Walla,WA,Passenger,221,110,331,35480,35811,0.92
August 31 2019,Calvert,MD,Passenger,0,2,2,88,90,2.22
July 31 2017,Arlington,VA,Passenger,1,1,2,170,172,1.16
December 31 2021,San Francisco,CA,Passenger,1,1,2,101,103,1.94
October 31 2018,Pend Oreille,WA,Passenger,6,5,11,9587,9598,0.11
February 28 2019,Los Angeles,CA,Passenger,4,5,9,1111,1120,0.80
February 28 2018,Collier,FL,Passenger,1,0,1,22,23,4.35
August 31 2020,Deschutes,OR,Passenger,2,0,2,141,143,1.40
April 30 2024,Anne Arundel,MD,Passenger,5,2,7,259,266,2.63
June 30 2021,San Juan,WA,Truck,0,0,0,5938,5938,0.00
October 31 2022,Richland,SC,Passenger,0,1,1,126,127,0.79
March 31 2021,Montgomery,PA,Passenger,1,0,1,26,27,3.70
November 30 2022,Carroll,NH,Passenger,0,1,1,5,6,16.67
April 30 2017,Columbia,WA,Passenger,0,1,1,2359,2360,0.04
November 30 2018,Hamilton,IN,Passenger,1,0,1,47,48,2.08
November 30 2023,Bexar,TX,Passenger,2,3,5,353,358,1.40
September 30 2022,Hamilton,OH,Passenger,1,0,1,34,35,2.86
January 31 2020,Clark,WA,Passenger,1940,1054,2994,319892,322886,0.93
October 31 2017,Chelan,WA,Passenger,77,36,113,52719,52832,0.21
December 31 2019,Island,WA,Truck,1,0,1,21350,21351,0.00
April 30 2022,Solano,CA,Passenger,1,0,1,168,169,0.59
May 31 2022,Skagit,WA,Passenger,758,332,1090,90028,91118,1.20
March 31 2019,Clark,WA,Truck,0,0,0,79979,79979,0.00
November 30 2019,Portsmouth,VA,Passenger,0,1,1,78,79,1.27
August 31 2021,Miami-Dade,FL,Passenger,1,0,1,102,103,0.97
October 31 2018,Manatee,FL,Passenger,1,0,1,40,41,2.44
June 30 2022,Essex,NJ,Passenger,2,0,2,13,15,13.33
March 31 2019,Lincoln,WA,Truck,0,0,0,4683,4683,0.00
September 30 2017,Yakima,WA,Truck,0,0,0,57699,57699,0.00
September 30 2017,Island,WA,Truck,0,0,0,20560,20560,0.00
December 31 2020,Garfield,WA,Truck,0,0,0,994,994,0.00
November 30 2019,Lewis,WA,Truck,0,0,0,26110,26110,0.00
October 31 2020,Portsmouth,VA,Passenger,0,1,1,71,72,1.39
September 30 2021,Albemarle,VA,Passenger,2,0,2,24,26,7.69
February 28 2018,Juneau,AK,Passenger,0,1,1,42,43,2.33
May 31 2022,King,WA,Passenger,39987,11043,51030,1346358,1397388,3.65
June 30 2023,Douglas,NE,Passenger,1,1,2,28,30,6.67
October 31 2022,Fort Bend,TX,Passenger,1,0,1,22,23,4.35
February 28 2019,Lincoln,WA,Passenger,3,5,8,7736,7744,0.10
March 31 2021,Charles,MD,Passenger,1,1,2,74,76,2.63
September 30 2020,Jefferson,WA,Passenger,257,148,405,24726,25131,1.61
September 30 2017,,,Passenger,3,0,3,445,448,0.67
April 30 2023,Kent,DE,Passenger,1,0,1,45,46,2.17
August 31 2021,Clallam,WA,Passenger,350,220,570,50497,51067,1.12
December 31 2020,Skamania,WA,Passenger,33,22,55,8345,8400,0.65
January 31 2018,Benton,WA,Truck,0,0,0,40712,40712,0.00
April 30 2021,Collin,TX,Passenger,2,1,3,130,133,2.26
January 31 2017,Orleans,LA,Passenger,0,1,1,52,53,1.89
January 31 2024,Orange,FL,Passenger,1,0,1,45,46,2.17
July 31 2018,Lee,AL,Passenger,1,0,1,38,39,2.56
February 28 2022,Lewis,WA,Passenger,219,168,387,59395,59782,0.65
February 28 2018,Lee,AL,Passenger,1,0,1,34,35,2.86
July 31 2018,St. Clair,IL,Passenger,0,1,1,156,157,0.64
August 31 2019,Pend Oreille,WA,Truck,0,0,0,5721,5721,0.00
December 31 2023,Adams,CO,Passenger,1,0,1,18,19,5.26
September 30 2019,Middlesex,MA,Passenger,1,0,1,110,111,0.90
September 30 2022,Currituck,NC,Passenger,1,0,1,19,20,5.00
December 31 2020,Williamson,TX,Passenger,0,2,2,134,136,1.47
August 31 2021,Alameda,CA,Passenger,5,0,5,241,246,2.03
January 31 2024,Charleston,SC,Passenger,1,2,3,40,43,6.98
October 31 2021,Clark,WA,Passenger,3253,1512,4765,320860,325625,1.46
July 31 2023,Sacramento,CA,Passenger,3,1,4,163,167,2.40
June 30 2021,Pend Oreille,WA,Passenger,14,7,21,9261,9282,0.23
August 31 2017,Shelby,TN,Passenger,0,1,1,106,107,0.93
April 30 2021,Klamath,OR,Passenger,1,0,1,34,35,2.86
April 30 2023,Norfolk,VA,Passenger,2,2,4,286,290,1.38
September 30 2020,Douglas,NE,Passenger,0,1,1,52,53,1.89
February 28 2018,Sedgwick,KS,Passenger,0,1,1,105,106,0.94
March 31 2022,Portsmouth,VA,Passenger,0,1,1,78,79,1.27
December 31 2019,San Juan,WA,Passenger,253,79,332,14400,14732,2.25
February 28 2021,Cowlitz,WA,Truck,0,0,0,28969,28969,0.00
February 28 2018,King,WA,Passenger,11754,5018,16772,1367851,1384623,1.21
December 31 2019,Charles,MD,Passenger,0,1,1,88,89,1.12
February 29 2024,Harris,TX,Passenger,2,0,2,106,108,1.85
August 31 2017,Richland,SC,Passenger,0,1,1,190,191,0.52
October 31 2023,Kent,DE,Passenger,1,0,1,36,37,2.70
July 31 2023,Fredericksburg,VA,Passenger,1,0,1,5,6,16.67
May 31 2021,Grant,WA,Passenger,102,87,189,66831,67020,0.28
February 28 2023,Denton,TX,Passenger,2,0,2,51,53,3.77
April 30 2022,Norfolk,VA,Passenger,2,3,5,309,314,1.59
February 28 2017,Arlington,VA,Passenger,1,1,2,173,175,1.14
March 31 2024,Frederick,MD,Passenger,1,1,2,44,46,4.35
April 30 2023,Tooele,UT,Passenger,1,0,1,8,9,11.11
June 30 2019,Grays Harbor,WA,Passenger,73,85,158,47914,48072,0.33
May 31 2017,Cowlitz,WA,Truck,0,0,0,27869,27869,0.00
January 31 2022,Clallam,WA,Truck,1,0,1,22124,22125,0.00
August 31 2017,Kittitas,WA,Truck,0,0,0,13613,13613,0.00
March 31 2022,Orange,NC,Passenger,0,1,1,12,13,7.69
April 30 2019,Lee,AL,Passenger,1,0,1,38,39,2.56
April 30 2022,Douglas,WA,Passenger,127,57,184,28508,28692,0.64
January 31 2020,Sacramento,CA,Passenger,1,1,2,303,305,0.66
September 30 2017,Cobb,GA,Passenger,0,1,1,70,71,1.41
July 31 2020,Penobscot,ME,Passenger,0,1,1,15,16,6.25
January 31 2024,Autauga,AL,Passenger,2,0,2,9,11,18.18
February 28 2019,Spokane,WA,Passenger,480,385,865,307175,308040,0.28
March 31 2022,Whitman,WA,Truck,0,0,0,8586,8586,0.00
September 30 2017,Multnomah,OR,Passenger,1,3,4,928,932,0.43
December 31 2019,Clallam,WA,Truck,1,0,1,21863,21864,0.00
July 31 2022,Orange,CA,Passenger,7,3,10,381,391,2.56
May 31 2019,New London,CT,Passenger,0,1,1,241,242,0.41
April 30 2020,Harris,TX,Passenger,1,0,1,265,266,0.38
April 30 2024,Pinal,AZ,Passenger,1,1,2,65,67,2.99
April 30 2023,Coryell,TX,Passenger,1,0,1,80,81,1.23
June 30 2019,Howard,MD,Passenger,0,1,1,82,83,1.20
July 31 2022,Kittitas,WA,Truck,1,0,1,14615,14616,0.01
May 31 2022,Portsmouth,VA,Passenger,0,1,1,78,79,1.27
April 30 2021,St. Mary's,MD,Passenger,1,0,1,212,213,0.47
August 31 2023,Spokane,WA,Passenger,2462,1186,3648,322674,326322,1.12
November 30 2021,Pierce,WA,Truck,0,0,0,144996,144996,0.00
November 30 2020,Montgomery,AL,Passenger,0,1,1,42,43,2.33
April 30 2022,Cook,IL,Passenger,3,0,3,212,215,1.40
February 28 2023,Orange,FL,Passenger,1,0,1,69,70,1.43
August 31 2020,Valencia,NM,Passenger,1,0,1,8,9,11.11
February 29 2020,Yakima,WA,Truck,0,0,0,59615,59615,0.00
May 31 2023,San Juan,WA,Truck,12,0,12,5926,5938,0.20
June 30 2019,Cowlitz,WA,Truck,0,0,0,28861,28861,0.00
January 31 2022,Franklin,WA,Passenger,169,101,270,62119,62389,0.43
February 28 2021,Clackamas,OR,Passenger,3,0,3,181,184,1.63
October 31 2018,Albemarle,VA,Passenger,1,0,1,27,28,3.57
April 30 2020,Suffolk,MA,Passenger,0,2,2,38,40,5.00
April 30 2018,Klamath,OR,Passenger,1,0,1,35,36,2.78
February 29 2020,Adams,WA,Passenger,7,7,14,12907,12921,0.11
June 30 2022,Columbia,WA,Passenger,7,0,7,2443,2450,0.29
May 31 2019,Norfolk,MA,Passenger,1,0,1,37,38,2.63
November 30 2021,Cowlitz,WA,Passenger,265,159,424,71737,72161,0.59
February 28 2023,Fairfax,VA,Truck,1,0,1,98,99,1.01
March 31 2022,Louisa,VA,Passenger,0,1,1,1,2,50.00
March 31 2024,Sheridan,WY,Passenger,1,0,1,2,3,33.33
April 30 2019,Okanogan,WA,Truck,0,0,0,16477,16477,0.00
February 28 2018,Lincoln,WA,Truck,0,0,0,4511,4511,0.00
July 31 2017,Asotin,WA,Truck,0,0,0,6529,6529,0.00
February 29 2024,Solano,CA,Passenger,5,0,5,125,130,3.85
August 31 2017,Pima,AZ,Passenger,1,2,3,437,440,0.68
January 31 2020,New Haven,CT,Passenger,0,2,2,44,46,4.35
January 31 2018,Utah,UT,Passenger,0,1,1,144,145,0.69
February 28 2021,Spokane,WA,Passenger,923,560,1483,321224,322707,0.46
February 28 2017,Virginia Beach,VA,Passenger,2,1,3,643,646,0.46
August 31 2022,Ferry,WA,Truck,0,0,0,3585,3585,0.00
July 31 2022,Harrison,MS,Passenger,1,0,1,47,48,2.08
January 31 2018,Mercer,NJ,Passenger,0,1,1,21,22,4.55
November 30 2020,Ulster,NY,Passenger,1,0,1,13,14,7.14
March 31 2024,Grant,WA,Truck,19,0,19,27539,27558,0.07
June 30 2021,Kittitas,WA,Truck,0,0,0,14786,14786,0.00
November 30 2017,Polk,FL,Passenger,1,0,1,65,66,1.52
February 28 2019,Stevens,WA,Passenger,19,28,47,31717,31764,0.15
November 30 2020,Pima,AZ,Passenger,3,1,4,355,359,1.11
January 31 2023,Fulton,GA,Passenger,1,1,2,69,71,2.82
June 30 2019,Mercer,NJ,Passenger,0,1,1,19,20,5.00
September 30 2017,Hamilton,IN,Passenger,1,0,1,58,59,1.69
November 30 2022,Alameda,CA,Passenger,4,1,5,189,194,2.58
February 29 2024,Houston,GA,Passenger,1,0,1,26,27,3.70
July 31 2021,Grays Harbor,WA,Passenger,176,146,322,49493,49815,0.65
February 28 2021,Camden,NJ,Passenger,0,1,1,17,18,5.56
January 31 2020,Montgomery,PA,Passenger,2,0,2,36,38,5.26
August 31 2023,Garfield,WA,Passenger,0,3,3,1300,1303,0.23
April 30 2024,Marin,CA,Passenger,1,1,2,26,28,7.14
February 28 2022,Platte,MO,Passenger,1,0,1,19,20,5.00
April 30 2023,Allen,IN,Passenger,1,0,1,16,17,5.88
July 31 2021,Rockdale,GA,Passenger,1,0,1,7,8,12.50
November 30 2020,Howard,MD,Passenger,0,1,1,71,72,1.39
March 31 2022,Santa Cruz,CA,Passenger,1,0,1,30,31,3.23
September 30 2023,Middlesex,NJ,Passenger,1,0,1,17,18,5.56
January 31 2020,Douglas,WA,Passenger,69,39,108,28361,28469,0.38
April 30 2017,Adams,WA,Passenger,2,3,5,12127,12132,0.04
April 30 2024,Shelby,AL,Passenger,2,0,2,3,5,40.00
January 31 2021,Snohomish,WA,Passenger,5177,1874,7051,538168,545219,1.29
August 31 2023,Douglas,WA,Passenger,220,68,288,28789,29077,0.99
February 29 2020,Asotin,WA,Passenger,16,11,27,12664,12691,0.21
August 31 2017,San Juan,WA,Passenger,113,39,152,13640,13792,1.10
June 30 2020,Columbia,WA,Passenger,4,3,7,2416,2423,0.29
January 31 2018,Clallam,WA,Truck,0,0,0,21282,21282,0.00
May 31 2018,Riverside,CA,Passenger,2,2,4,709,713,0.56
August 31 2022,Bartow,GA,Passenger,0,1,1,5,6,16.67
March 31 2020,Columbia,WA,Passenger,3,3,6,2417,2423,0.25
February 28 2022,Montgomery,MD,Passenger,3,2,5,201,206,2.43
March 31 2021,Pacific,WA,Truck,0,0,0,7874,7874,0.00
July 31 2021,San Mateo,CA,Passenger,1,0,1,105,106,0.94
August 31 2019,Prince William,VA,Passenger,1,4,5,253,258,1.94
June 30 2023,Pulaski,MO,Passenger,3,0,3,96,99,3.03
February 28 2022,Saratoga,NY,Passenger,1,0,1,40,41,2.44
September 30 2018,Wahkiakum,WA,Truck,0,0,0,1691,1691,0.00
January 31 2022,Owyhee,ID,Passenger,1,0,1,2,3,33.33
May 31 2021,Klickitat,WA,Passenger,66,47,113,15228,15341,0.74
October 31 2019,Grant,WA,Passenger,55,64,119,65367,65486,0.18
October 31 2023,Thurston,WA,Passenger,3601,1326,4927,189629,194556,2.53
December 31 2018,Asotin,WA,Passenger,12,9,21,12720,12741,0.16
October 31 2018,Polk,FL,Passenger,1,0,1,65,66,1.52
March 31 2023,Richland,SC,Passenger,0,1,1,112,113,0.88
April 30 2017,Lewis,WA,Truck,0,0,0,24806,24806,0.00
March 31 2023,Alameda,CA,Passenger,4,1,5,181,186,2.69
January 31 2020,Clackamas,OR,Passenger,2,1,3,213,216,1.39
November 30 2022,Ventura,CA,Passenger,3,2,5,238,243,2.06
September 30 2023,Houston,GA,Passenger,1,0,1,29,30,3.33
February 28 2018,Garfield,WA,Truck,0,0,0,940,940,0.00
March 31 2024,Lee,AL,Passenger,1,0,1,11,12,8.33
November 30 2017,Cowlitz,WA,Passenger,54,65,119,70591,70710,0.17
December 31 2018,Grays Harbor,WA,Passenger,62,72,134,47459,47593,0.28
September 30 2022,Prince George's,MD,Passenger,3,1,4,130,134,2.99
June 30 2021,District of Columbia,DC,Passenger,4,1,5,194,199,2.51
January 31 2023,Palm Beach,FL,Passenger,1,1,2,53,55,3.64
March 31 2021,Whatcom,WA,Truck,4,0,4,43770,43774,0.01
May 31 2022,Hennepin,MN,Passenger,2,0,2,62,64,3.12
April 30 2018,Morris,NJ,Passenger,1,0,1,18,19,5.26
January 31 2024,San Juan,WA,Truck,30,0,30,5859,5889,0.51
September 30 2020,Cowlitz,WA,Truck,0,0,0,28930,28930,0.00
November 30 2017,Riverside,CA,Passenger,1,2,3,751,754,0.40
April 30 2022,Richmond,NY,Passenger,1,0,1,4,5,20.00
December 31 2019,Mercer,NJ,Passenger,0,1,1,20,21,4.76
February 29 2024,Cache,UT,Passenger,1,0,1,8,9,11.11
July 31 2019,Douglas,WA,Truck,0,0,0,12220,12220,0.00
June 30 2021,Sacramento,CA,Passenger,2,1,3,244,247,1.21
May 31 2019,Chelan,WA,Truck,0,0,0,22240,22240,0.00
December 31 2020,Portsmouth,VA,Passenger,0,1,1,76,77,1.30
May 31 2017,Essex,NJ,Passenger,1,0,1,17,18,5.56
September 30 2019,Sangamon,IL,Passenger,1,0,1,6,7,14.29
March 31 2017,Manassas,VA,Passenger,0,1,1,9,10,10.00
October 31 2018,Spokane,WA,Truck,1,0,1,93417,93418,0.00
August 31 2018,Honolulu,HI,Passenger,1,2,3,538,541,0.55
April 30 2023,Harford,MD,Passenger,1,1,2,42,44,4.55
May 31 2019,Caddo,LA,Passenger,0,1,1,26,27,3.70
February 28 2023,Hamilton,OH,Truck,1,0,1,4,5,20.00
October 31 2019,Spokane,WA,Truck,1,0,1,96072,96073,0.00
February 28 2022,Skagit,WA,Truck,1,0,1,32614,32615,0.00
March 31 2017,Stevens,WA,Passenger,6,20,26,31278,31304,0.08
December 31 2017,Duval,FL,Passenger,1,2,3,368,371,0.81
August 31 2023,Charles,MD,Passenger,1,1,2,51,53,3.77
March 31 2020,Denver,CO,Passenger,1,0,1,126,127,0.79
October 31 2023,King,WA,Passenger,66383,16169,82552,1318185,1400737,5.89
March 31 2020,Lewis,WA,Passenger,105,110,215,59197,59412,0.36
October 31 2023,St. Louis,MO,Passenger,1,0,1,52,53,1.89
November 30 2017,Prince William,VA,Passenger,0,4,4,270,274,1.46
October 31 2021,Hillsborough,FL,Passenger,0,2,2,155,157,1.27
August 31 2018,Riverside,CA,Passenger,2,2,4,699,703,0.57
March 31 2018,Gwinnett,GA,Passenger,0,1,1,81,82,1.22
July 31 2018,Utah,UT,Passenger,0,1,1,142,143,0.70
September 30 2022,Jackson,OK,Passenger,0,1,1,31,32,3.12
March 31 2024,Maricopa,AZ,Passenger,7,2,9,535,544,1.65
August 31 2021,Clark,NV,Passenger,6,2,8,629,637,1.26
August 31 2022,Snohomish,WA,Truck,45,0,45,123115,123160,0.04
December 31 2021,Asotin,WA,Truck,0,0,0,6749,6749,0.00
November 30 2017,Sumter,FL,Passenger,0,1,1,10,11,9.09
June 30 2022,Howard,IN,Passenger,0,1,1,4,5,20.00
October 31 2021,Kittitas,WA,Passenger,193,72,265,29843,30108,0.88
April 30 2017,Douglas,OR,Passenger,0,1,1,75,76,1.32
October 31 2022,Prince George's,MD,Passenger,3,1,4,128,132,3.03
January 31 2022,District of Columbia,DC,Passenger,4,0,4,188,192,2.08
June 30 2019,Saratoga,NY,Passenger,1,0,1,51,52,1.92
August 31 2017,Collier,FL,Passenger,1,0,1,24,25,4.00
March 31 2023,Dorchester,SC,Passenger,1,0,1,51,52,1.92
June 30 2020,Carson City,NV,Passenger,1,0,1,10,11,9.09
August 31 2019,Grays Harbor,WA,Passenger,88,85,173,48106,48279,0.36
April 30 2022,Jefferson,NY,Passenger,1,0,1,218,219,0.46
January 31 2020,Douglas,WA,Truck,0,0,0,12309,12309,0.00
February 29 2020,Alexandria,VA,Passenger,1,0,1,141,142,0.70
August 31 2023,Douglas,WA,Truck,7,0,7,13062,13069,0.05
February 28 2018,Skamania,WA,Passenger,11,8,19,8621,8640,0.22
April 30 2020,Harrison,MS,Passenger,1,0,1,60,61,1.64
September 30 2021,Leavenworth,KS,Passenger,0,1,1,110,111,0.90
December 31 2023,Salt Lake,UT,Passenger,2,1,3,90,93,3.23
October 31 2019,Portsmouth,VA,Passenger,0,1,1,78,79,1.27
December 31 2020,Douglas,NE,Passenger,0,1,1,55,56,1.79
July 31 2022,Yakima,WA,Passenger,353,198,551,166570,167121,0.33
January 31 2021,Houston,GA,Passenger,1,0,1,52,53,1.89
June 30 2023,Hennepin,MN,Passenger,1,0,1,42,43,2.33
May 31 2022,Autauga,AL,Passenger,1,0,1,12,13,7.69
November 30 2023,Allen,IN,Passenger,1,0,1,10,11,9.09
April 30 2019,Grays Harbor,WA,Truck,0,0,0,20393,20393,0.00
August 31 2023,Honolulu,HI,Passenger,3,3,6,275,281,2.14
October 31 2017,Okanogan,WA,Truck,0,0,0,16242,16242,0.00
August 31 2023,Asotin,WA,Passenger,39,23,62,12370,12432,0.50
October 31 2019,Denver,CO,Passenger,1,0,1,134,135,0.74
September 30 2020,Clark,WA,Truck,0,0,0,82837,82837,0.00
October 31 2022,Walla Walla,WA,Truck,3,0,3,13939,13942,0.02
October 31 2022,Pend Oreille,WA,Truck,0,0,0,5613,5613,0.00
March 31 2018,Sacramento,CA,Passenger,1,1,2,312,314,0.64
June 30 2022,Douglas,WA,Truck,0,0,0,12783,12783,0.00
February 29 2024,Champaign,IL,Passenger,1,0,1,8,9,11.11
October 31 2023,St. Lawrence,NY,Passenger,1,0,1,2,3,33.33
December 31 2018,Grays Harbor,WA,Truck,0,0,0,20353,20353,0.00
October 31 2022,Moore,NC,Passenger,0,1,1,112,113,0.88
December 31 2022,Galveston,TX,Passenger,0,1,1,17,18,5.56
August 31 2018,Pierce,WA,Truck,0,0,0,138259,138259,0.00
May 31 2022,Ventura,CA,Passenger,1,2,3,249,252,1.19
June 30 2021,Fairbanks North Star,AK,Passenger,0,1,1,91,92,1.09
December 31 2021,Platte,MO,Passenger,1,0,1,20,21,4.76
June 30 2022,Denton,TX,Passenger,2,0,2,64,66,3.03
March 31 2020,Jefferson,CO,Passenger,0,1,1,54,55,1.82
October 31 2023,Polk,OR,Passenger,1,1,2,15,17,11.76
July 31 2017,San Juan,WA,Passenger,112,39,151,13558,13709,1.10
June 30 2017,Moore,NC,Passenger,0,1,1,197,198,0.51
November 30 2022,Multnomah,OR,Passenger,1,2,3,504,507,0.59
March 31 2020,San Mateo,CA,Passenger,0,1,1,123,124,0.81
June 30 2023,Boulder,CO,Passenger,2,0,2,35,37,5.41
July 31 2018,Arlington,VA,Passenger,1,2,3,176,179,1.68
August 31 2023,Garfield,WA,Truck,0,0,0,966,966,0.00
August 31 2023,Oldham,KY,Passenger,0,1,1,3,4,25.00
January 31 2018,Benton,WA,Passenger,175,179,354,130605,130959,0.27
August 31 2019,Montgomery,PA,Passenger,2,0,2,39,41,4.88
December 31 2018,Caddo,LA,Passenger,0,1,1,23,24,4.17
November 30 2021,Kittitas,WA,Passenger,196,75,271,29837,30108,0.90
October 31 2017,Wahkiakum,WA,Passenger,0,2,2,2849,2851,0.07
January 31 2018,Juneau,AK,Passenger,0,1,1,43,44,2.27
August 31 2023,Ferry,WA,Passenger,20,4,24,4309,4333,0.55
February 28 2017,Klickitat,WA,Truck,0,0,0,7931,7931,0.00
May 31 2020,Alexandria,VA,Passenger,2,0,2,137,139,1.44
December 31 2019,Saginaw,MI,Passenger,1,0,1,12,13,7.69
September 30 2018,Sumter,FL,Passenger,0,1,1,10,11,9.09
December 31 2020,Kitsap,WA,Passenger,1555,755,2310,179726,182036,1.27
February 28 2021,Washoe,NV,Passenger,1,0,1,102,103,0.97
February 29 2020,Goochland,VA,Passenger,2,1,3,272,275,1.09
April 30 2017,Lee,AL,Passenger,1,0,1,35,36,2.78
March 31 2018,Flathead,MT,Passenger,1,0,1,55,56,1.79
November 30 2019,DeKalb,GA,Passenger,1,0,1,84,85,1.18
December 31 2021,Deschutes,OR,Passenger,2,0,2,113,115,1.74
August 31 2017,San Juan,WA,Truck,0,0,0,5548,5548,0.00
March 31 2023,New London,CT,Passenger,2,2,4,174,178,2.25
December 31 2020,Hennepin,MN,Passenger,2,0,2,88,90,2.22
September 30 2021,Klamath,OR,Passenger,1,0,1,31,32,3.12
May 31 2023,Williamson,TX,Passenger,0,1,1,58,59,1.69
November 30 2022,Kent,DE,Passenger,1,0,1,49,50,2.00
May 31 2021,Shelby,OH,Passenger,0,1,1,2,3,33.33
October 31 2021,Franklin,WA,Passenger,144,102,246,62051,62297,0.39
February 29 2020,Pierce,WA,Truck,0,0,0,141466,141466,0.00
May 31 2019,Cook,IL,Passenger,1,0,1,250,251,0.40
April 30 2022,Asotin,WA,Truck,0,0,0,6740,6740,0.00
June 30 2020,Richland,SC,Passenger,0,1,1,157,158,0.63
November 30 2023,Kings,CA,Passenger,2,2,4,263,267,1.50
April 30 2024,Goochland,VA,Passenger,1,0,1,25,26,3.85
November 30 2022,Hamilton,OH,Passenger,1,0,1,34,35,2.86
December 31 2021,Randolph,NC,Passenger,1,0,1,6,7,14.29
April 30 2024,Franklin,WA,Passenger,420,175,595,60455,61050,0.97
June 30 2019,Stevens,WA,Passenger,20,31,51,31675,31726,0.16
July 31 2020,Harnett,NC,Passenger,1,0,1,204,205,0.49
February 28 2022,Kings,CA,Passenger,2,1,3,319,322,0.93
April 30 2019,Nantucket,MA,Passenger,1,0,1,3,4,25.00
October 31 2023,Carroll,MD,Passenger,0,1,1,15,16,6.25
July 31 2021,Hampshire,MA,Passenger,1,0,1,9,10,10.00
June 30 2020,Franklin,WA,Passenger,60,75,135,60624,60759,0.22
May 31 2019,Grant,WA,Passenger,39,59,98,64555,64653,0.15
April 30 2021,Sumter,FL,Passenger,0,1,1,10,11,9.09
December 31 2021,Alexandria,VA,Passenger,3,0,3,115,118,2.54
March 31 2018,Pinal,AZ,Passenger,2,0,2,214,216,0.93
March 31 2022,Kings,NY,Passenger,1,0,1,68,69,1.45
August 31 2020,Charleston,SC,Passenger,2,0,2,102,104,1.92
August 31 2019,Norfolk,MA,Passenger,1,0,1,40,41,2.44
October 31 2019,Shasta,CA,Passenger,1,0,1,42,43,2.33
March 31 2019,Lumpkin,GA,Passenger,1,0,1,6,7,14.29
April 30 2020,Okanogan,WA,Truck,0,0,0,16379,16379,0.00
April 30 2018,Adams,WA,Truck,0,0,0,5148,5148,0.00
January 31 2021,Asotin,WA,Passenger,16,13,29,12431,12460,0.23
January 31 2024,Virginia Beach,VA,Passenger,4,2,6,399,405,1.48
January 31 2020,Norfolk,VA,Passenger,2,2,4,351,355,1.13
January 31 2020,Henrico,VA,Passenger,0,1,1,20,21,4.76
March 31 2020,Yakima,WA,Passenger,124,116,240,165802,166042,0.14
October 31 2022,King,WA,Truck,300,2,302,179083,179385,0.17
September 30 2022,King,WA,Passenger,43460,11775,55235,1341866,1397101,3.95
June 30 2023,Sonoma,CA,Passenger,3,1,4,66,70,5.71
December 31 2022,Ada,ID,Passenger,1,0,1,147,148,0.68
September 30 2023,Cochise,AZ,Passenger,1,0,1,56,57,1.75
July 31 2021,Larimer,CO,Passenger,1,0,1,49,50,2.00
July 31 2021,Marion,IA,Passenger,1,0,1,1,2,50.00
October 31 2022,Orange,FL,Passenger,1,0,1,81,82,1.22
October 31 2017,Richland,SC,Passenger,0,1,1,185,186,0.54
January 31 2017,Montgomery,TN,Passenger,1,0,1,310,311,0.32
August 31 2019,Douglas,WA,Truck,0,0,0,12261,12261,0.00
February 28 2019,Hardin,KY,Passenger,0,1,1,101,102,0.98
May 31 2022,Burlington,NJ,Passenger,0,2,2,110,112,1.79
October 31 2020,Placer,CA,Passenger,2,0,2,90,92,2.17
February 28 2023,Pulaski,AR,Passenger,3,0,3,25,28,10.71
February 28 2023,Collin,TX,Passenger,3,0,3,65,68,4.41
November 30 2021,Mason,WA,Passenger,254,156,410,47778,48188,0.85
September 30 2018,Whatcom,WA,Truck,2,0,2,42433,42435,0.00
March 31 2020,Walla Walla,WA,Truck,0,0,0,13646,13646,0.00
February 28 2022,St. Mary's,MD,Passenger,1,0,1,206,207,0.48
May 31 2021,Platte,MO,Passenger,1,0,1,20,21,4.76
April 30 2021,Walla Walla,WA,Passenger,108,71,179,36511,36690,0.49
May 31 2021,Howard,MD,Passenger,0,1,1,70,71,1.41
October 31 2020,Yakima,WA,Passenger,157,122,279,166839,167118,0.17
May 31 2023,Pacific,WA,Passenger,73,92,165,15598,15763,1.05
March 31 2024,Onslow,NC,Passenger,0,1,1,114,115,0.87
November 30 2020,Skagit,WA,Passenger,481,235,716,91365,92081,0.78
August 31 2019,Snohomish,WA,Passenger,3641,1639,5280,532964,538244,0.98
April 30 2024,Hillsborough,FL,Passenger,2,2,4,77,81,4.94
January 31 2022,Ferry,WA,Passenger,14,3,17,4437,4454,0.38
August 31 2021,San Mateo,CA,Passenger,1,0,1,102,103,0.97
June 30 2021,Marion,IA,Passenger,1,0,1,1,2,50.00
March 31 2021,Stevens,WA,Passenger,39,43,82,30296,30378,0.27
September 30 2023,San Diego,CA,Passenger,17,7,24,2001,2025,1.19
March 31 2018,Wahkiakum,WA,Passenger,1,2,3,2872,2875,0.10
April 30 2020,Goochland,VA,Passenger,2,1,3,269,272,1.10
August 31 2023,Mobile,AL,Passenger,1,0,1,27,28,3.57
March 31 2018,Orange,FL,Passenger,2,1,3,170,173,1.73
May 31 2022,Calvert,MD,Passenger,0,2,2,81,83,2.41
September 30 2018,San Juan,WA,Passenger,161,68,229,14174,14403,1.59
November 30 2021,Pacific,WA,Passenger,51,64,115,16060,16175,0.71
January 31 2024,Cochise,AZ,Passenger,1,0,1,51,52,1.92
July 31 2023,Hamilton,OH,Passenger,1,0,1,32,33,3.03
